/*--------------------------------*- C++ -*----------------------------------*\
  =========                 |
  \\      /  F ield         | OpenFOAM: The Open Source CFD Toolbox
   \\    /   O peration     | Website:  https://openfoam.org
    \\  /    A nd           | Version:  7
     \\/     M anipulation  |
\*---------------------------------------------------------------------------*/
FoamFile
{
    version     2.0;
    format      ascii;
    class       surfaceScalarField;
    location    "4";
    object      phi;
}
// * * * * * * * * * * * * * * * * * * * * * * * * * * * * * * * * * * * * * //

dimensions      [0 3 -1 0 0 0 0];

internalField   nonuniform List<scalar> 
7860
(
0.00283432
0.00216568
0.00262119
0.000213134
0.00260884
1.23551e-05
0.00260634
2.49402e-06
0.00260906
-2.72084e-06
0.00260779
1.26795e-06
0.0026067
1.09643e-06
0.00260513
1.56537e-06
0.00260392
1.21683e-06
0.00260284
1.08002e-06
0.00260197
8.61019e-07
0.00260125
7.21236e-07
0.00260066
5.91206e-07
0.00260017
4.94032e-07
0.00259976
4.11603e-07
0.00259941
3.46599e-07
0.00259912
2.92845e-07
0.00259887
2.4893e-07
0.00259866
2.12487e-07
0.00259847
1.81977e-07
0.00259832
1.55863e-07
0.00259818
1.33913e-07
0.00259807
1.14995e-07
0.00259797
9.87095e-08
0.00259789
8.45834e-08
0.00259781
7.2685e-08
0.00259775
6.21962e-08
0.0025977
5.32312e-08
0.00259765
4.54044e-08
0.00259761
3.88201e-08
0.00259758
3.28827e-08
0.00259755
2.80015e-08
0.00259753
2.37022e-08
0.00259751
2.01329e-08
0.00259749
1.6924e-08
0.00259748
1.43879e-08
0.00259746
1.20176e-08
0.00259745
1.01833e-08
0.00259745
8.46264e-09
0.00259744
7.20466e-09
0.00259743
5.90885e-09
0.00259743
5.03449e-09
0.00259742
4.14192e-09
0.00259742
3.53477e-09
0.00259742
2.84497e-09
0.00259741
2.47144e-09
0.00259741
1.96664e-09
0.00259741
1.71601e-09
0.00259741
1.32368e-09
0.00259741
1.23264e-09
0.00259741
9.05042e-10
0.00259741
8.32832e-10
0.00259741
6.12016e-10
0.00259741
6.19413e-10
0.0025974
4.24632e-10
0.0025974
4.49735e-10
0.0025974
2.90094e-10
0.0025974
3.5247e-10
0.0025974
1.81824e-10
0.0025974
2.42926e-10
0.0025974
7.51705e-11
0.0025974
1.49819e-10
0.0025974
1.22371e-11
0.0025974
7.95357e-11
0.0025974
-4.01176e-11
0.0025974
6.66596e-11
0.0025974
-4.03316e-11
0.0025974
5.56857e-11
0.0025974
-4.54429e-11
0.0025974
7.24921e-11
0.0025974
-3.78633e-11
0.0025974
5.58741e-11
0.0025974
-1.70371e-11
0.0025974
8.79592e-11
0.0025974
1.83843e-11
0.0025974
1.31733e-10
0.0025974
1.18151e-10
0.0025974
2.64546e-10
0.0025974
2.66697e-10
0.0025974
4.86534e-10
0.0025974
5.91899e-10
0.0025974
9.08143e-10
0.0025974
1.19149e-09
0.0025974
1.75301e-09
0.00259739
2.441e-09
0.00259739
3.52534e-09
0.00259739
4.95927e-09
0.00259738
7.11204e-09
0.00259737
1.00393e-08
0.00259735
1.41322e-08
0.00259733
1.95405e-08
0.00259731
2.61798e-08
0.00259727
3.35285e-08
0.00259724
3.75391e-08
0.0025972
3.34329e-08
0.00259718
2.27015e-08
0.00259708
1.01569e-07
0.00259638
6.95963e-07
0.00259378
2.60236e-06
-1.19041e-06
0.00456761
0.00259807
0.00437532
0.00040542
0.00434651
4.11624e-05
0.00434276
6.25047e-06
0.00434577
-5.73427e-06
0.00434425
2.79195e-06
0.00434263
2.71645e-06
0.00434043
3.76209e-06
0.00433865
2.99698e-06
0.00433708
2.64734e-06
0.00433582
2.12501e-06
0.00433476
1.77763e-06
0.00433389
1.45996e-06
0.00433317
1.22014e-06
0.00433256
1.01704e-06
0.00433205
8.56854e-07
0.00433162
7.24725e-07
0.00433125
6.16834e-07
0.00433094
5.2744e-07
0.00433067
4.52647e-07
0.00433043
3.88589e-07
0.00433023
3.34631e-07
0.00433006
2.88223e-07
0.00432991
2.48171e-07
0.00432978
2.13375e-07
0.00432967
1.83988e-07
0.00432957
1.58131e-07
0.00432949
1.35916e-07
0.00432942
1.16439e-07
0.00432936
1.00035e-07
0.00432931
8.52468e-08
0.00432926
7.29196e-08
0.00432922
6.21178e-08
0.00432919
5.30642e-08
0.00432916
4.48955e-08
0.00432914
3.83741e-08
0.00432912
3.22911e-08
0.0043291
2.74846e-08
0.00432908
2.30326e-08
0.00432907
1.96907e-08
0.00432906
1.63279e-08
0.00432905
1.39309e-08
0.00432905
1.15917e-08
0.00432904
9.94945e-09
0.00432903
8.10416e-09
0.00432903
7.03768e-09
0.00432902
5.69947e-09
0.00432902
4.95132e-09
0.00432902
3.91069e-09
0.00432902
3.57988e-09
0.00432901
2.75882e-09
0.00432901
2.47465e-09
0.00432901
1.88738e-09
0.00432901
1.88265e-09
0.00432901
1.40379e-09
0.00432901
1.3965e-09
0.00432901
1.01137e-09
0.00432901
1.11067e-09
0.00432901
6.81883e-10
0.00432901
7.63528e-10
0.00432901
3.20039e-10
0.004329
4.40051e-10
0.004329
8.18073e-11
0.004329
1.94108e-10
0.004329
-9.21998e-11
0.004329
1.26869e-10
0.004329
-9.6153e-11
0.004329
1.02255e-10
0.004329
-1.18614e-10
0.004329
1.60093e-10
0.004329
-8.78866e-11
0.004329
1.1453e-10
0.004329
-3.09716e-11
0.004329
2.15162e-10
0.004329
8.34532e-11
0.004329
3.37595e-10
0.004329
3.43782e-10
0.004329
7.09069e-10
0.004329
7.33889e-10
0.004329
1.26811e-09
0.004329
1.55483e-09
0.004329
2.33323e-09
0.004329
3.07232e-09
0.00432899
4.44386e-09
0.00432899
6.20259e-09
0.00432899
8.91002e-09
0.00432898
1.25162e-08
0.00432897
1.78939e-08
0.00432895
2.52353e-08
0.00432893
3.54822e-08
0.0043289
4.9115e-08
0.00432886
6.60428e-08
0.00432881
8.58296e-08
0.00432875
9.98809e-08
0.00432867
1.04689e-07
0.00432859
1.11356e-07
0.00432827
4.17249e-07
0.00432694
2.02805e-06
0.00432236
7.18206e-06
7.90961e-06
0.00507199
0.00252608
0.00495541
0.000521998
0.00492274
7.38394e-05
0.00492048
8.5047e-06
0.00492232
-7.57015e-06
0.00492117
3.93829e-06
0.00491951
4.37955e-06
0.00491745
5.82429e-06
0.0049157
4.74386e-06
0.00491418
4.16385e-06
0.00491295
3.36154e-06
0.00491192
2.8069e-06
0.00491107
2.30819e-06
0.00491036
1.92713e-06
0.00490977
1.60795e-06
0.00490927
1.35488e-06
0.00490885
1.14689e-06
0.00490849
9.77181e-07
0.00490818
8.36768e-07
0.00490791
7.19375e-07
0.00490768
6.18885e-07
0.00490748
5.34045e-07
0.00490731
4.61153e-07
0.00490716
3.98201e-07
0.00490703
3.43443e-07
0.00490692
2.96999e-07
0.00490682
2.56231e-07
0.00490673
2.211e-07
0.00490666
1.9013e-07
0.0049066
1.63974e-07
0.00490654
1.40467e-07
0.00490649
1.20647e-07
0.00490645
1.03282e-07
0.00490642
8.86515e-08
0.00490639
7.54281e-08
0.00490636
6.47421e-08
0.00490634
5.48132e-08
0.00490632
4.68305e-08
0.0049063
3.94972e-08
0.00490629
3.38637e-08
0.00490627
2.83089e-08
0.00490626
2.42065e-08
0.00490626
2.02878e-08
0.00490625
1.74861e-08
0.00490624
1.43915e-08
0.00490624
1.24938e-08
0.00490623
1.02402e-08
0.00490623
8.88576e-09
0.00490622
7.14027e-09
0.00490622
6.4544e-09
0.00490622
5.13549e-09
0.00490622
4.55627e-09
0.00490621
3.55636e-09
0.00490621
3.50248e-09
0.00490621
2.76787e-09
0.00490621
2.66781e-09
0.00490621
2.05718e-09
0.00490621
2.13911e-09
0.00490621
1.44338e-09
0.00490621
1.47003e-09
0.00490621
7.22625e-10
0.00490621
8.05787e-10
0.00490621
2.10532e-10
0.00490621
3.08388e-10
0.00490621
-1.33024e-10
0.00490621
1.47846e-10
0.00490621
-1.47711e-10
0.00490621
1.21324e-10
0.00490621
-1.92896e-10
0.00490621
2.2316e-10
0.00490621
-1.20658e-10
0.00490621
1.5346e-10
0.00490621
-2.93151e-11
0.0049062
3.47635e-10
0.0049062
1.96802e-10
0.0049062
5.75794e-10
0.0049062
6.35206e-10
0.0049062
1.21869e-09
0.0049062
1.29725e-09
0.0049062
2.1188e-09
0.0049062
2.61457e-09
0.0049062
3.83834e-09
0.0049062
5.06684e-09
0.00490619
7.22854e-09
0.00490619
1.00832e-08
0.00490619
1.44183e-08
0.00490618
2.02155e-08
0.00490617
2.87999e-08
0.00490615
4.05711e-08
0.00490613
5.69688e-08
0.0049061
7.89719e-08
0.00490606
1.06617e-07
0.004906
1.40708e-07
0.00490593
1.69646e-07
0.00490584
2.00485e-07
0.00490569
2.56756e-07
0.00490522
8.91304e-07
0.0049036
3.64786e-06
0.00489776
1.30248e-05
2.27383e-05
0.00520988
0.0023162
0.00513955
0.000592325
0.00511247
0.000100919
0.00511134
9.63909e-06
0.00511243
-8.65543e-06
0.00511159
4.76904e-06
0.00511013
5.84099e-06
0.0051084
7.55872e-06
0.00510689
6.25176e-06
0.00510559
5.46524e-06
0.00510452
4.43011e-06
0.00510363
3.69459e-06
0.0051029
3.04053e-06
0.00510229
2.53833e-06
0.00510178
2.11805e-06
0.00510135
1.78529e-06
0.00510098
1.5124e-06
0.00510067
1.28996e-06
0.0051004
1.1061e-06
0.00510017
9.52463e-07
0.00509997
8.21077e-07
0.00509979
7.09932e-07
0.00509964
6.14437e-07
0.0050995
5.31991e-07
0.00509939
4.60212e-07
0.00509928
3.99032e-07
0.0050992
3.45411e-07
0.00509912
2.99192e-07
0.00509905
2.58163e-07
0.00509899
2.23369e-07
0.00509894
1.92234e-07
0.00509889
1.65765e-07
0.00509885
1.42482e-07
0.00509882
1.22816e-07
0.00509879
1.05021e-07
0.00509876
9.04749e-08
0.00509874
7.69897e-08
0.00509872
6.60055e-08
0.00509871
5.59482e-08
0.00509869
4.80837e-08
0.00509868
4.04387e-08
0.00509867
3.46761e-08
0.00509866
2.92027e-08
0.00509865
2.52535e-08
0.00509864
2.09631e-08
0.00509864
1.82103e-08
0.00509863
1.50487e-08
0.00509863
1.30686e-08
0.00509863
1.06365e-08
0.00509862
9.53244e-09
0.00509862
7.74715e-09
0.00509862
6.86231e-09
0.00509862
5.43602e-09
0.00509861
5.30204e-09
0.00509861
4.36545e-09
0.00509861
4.15433e-09
0.00509861
3.32091e-09
0.00509861
3.34752e-09
0.00509861
2.38841e-09
0.00509861
2.30131e-09
0.00509861
1.24182e-09
0.00509861
1.21537e-09
0.00509861
3.73348e-10
0.00509861
4.10455e-10
0.00509861
-1.74257e-10
0.00509861
1.27297e-10
0.00509861
-2.10906e-10
0.00509861
1.13938e-10
0.00509861
-2.73449e-10
0.00509861
2.48553e-10
0.00509861
-1.44779e-10
0.00509861
1.749e-10
0.00509861
-2.34192e-11
0.00509861
4.7903e-10
0.0050986
3.41779e-10
0.0050986
8.37047e-10
0.0050986
9.63805e-10
0.0050986
1.74574e-09
0.0050986
1.89672e-09
0.0050986
2.9522e-09
0.0050986
3.64729e-09
0.0050986
5.25836e-09
0.0050986
6.94199e-09
0.0050986
9.80446e-09
0.00509859
1.36383e-08
0.00509859
1.94291e-08
0.00509858
2.71787e-08
0.00509857
3.8588e-08
0.00509856
5.42965e-08
0.00509854
7.61567e-08
0.00509851
1.05783e-07
0.00509847
1.43507e-07
0.00509842
1.92506e-07
0.00509835
2.40321e-07
0.00509824
3.11377e-07
0.00509805
4.41464e-07
0.00509749
1.45883e-06
0.00509583
5.30097e-06
0.00508957
1.92886e-05
3.78139e-05
0.00523327
0.00208293
0.00519416
0.000631436
0.0051735
0.000121577
0.00517317
9.96495e-06
0.00517379
-9.27362e-06
0.00517327
5.29491e-06
0.00517208
7.02346e-06
0.00517072
8.92369e-06
0.00516951
7.46161e-06
0.00516847
6.50813e-06
0.00516761
5.29118e-06
0.00516689
4.41029e-06
0.0051663
3.63172e-06
0.00516581
3.02888e-06
0.0051654
2.52989e-06
0.00516505
2.13362e-06
0.00516475
1.80893e-06
0.0051645
1.54453e-06
0.00516428
1.32614e-06
0.00516409
1.14367e-06
0.00516392
9.87804e-07
0.00516377
8.55746e-07
0.00516365
7.42176e-07
0.00516353
6.44207e-07
0.00516343
5.5887e-07
0.00516335
4.85762e-07
0.00516327
4.21686e-07
0.0051632
3.66592e-07
0.00516314
3.17291e-07
0.00516309
2.7529e-07
0.00516305
2.37884e-07
0.00516301
2.05906e-07
0.00516297
1.77595e-07
0.00516294
1.53643e-07
0.00516291
1.31961e-07
0.00516289
1.1406e-07
0.00516287
9.74683e-08
0.00516285
8.38226e-08
0.00516284
7.1328e-08
0.00516282
6.14241e-08
0.00516281
5.18922e-08
0.0051628
4.46257e-08
0.00516279
3.77113e-08
0.00516278
3.26936e-08
0.00516278
2.73299e-08
0.00516277
2.37668e-08
0.00516277
1.97576e-08
0.00516276
1.71824e-08
0.00516276
1.41248e-08
0.00516276
1.25845e-08
0.00516275
1.03747e-08
0.00516275
9.2234e-09
0.00516275
7.38527e-09
0.00516275
7.14767e-09
0.00516275
6.06227e-09
0.00516274
5.75601e-09
0.00516274
4.7056e-09
0.00516274
4.65256e-09
0.00516274
3.44208e-09
0.00516274
3.19882e-09
0.00516274
1.832e-09
0.00516274
1.64321e-09
0.00516274
5.44185e-10
0.00516274
4.90072e-10
0.00516274
-2.33497e-10
0.00516274
6.44055e-11
0.00516274
-3.05652e-10
0.00516274
7.48127e-11
0.00516274
-3.70321e-10
0.00516274
2.2722e-10
0.00516274
-1.7784e-10
0.00516274
1.82038e-10
0.00516274
-2.45293e-11
0.00516274
6.05894e-10
0.00516274
5.04464e-10
0.00516274
1.11446e-09
0.00516274
1.3096e-09
0.00516274
2.26255e-09
0.00516274
2.49098e-09
0.00516274
3.72588e-09
0.00516273
4.58886e-09
0.00516273
6.5214e-09
0.00516273
8.59575e-09
0.00516273
1.20553e-08
0.00516273
1.67014e-08
0.00516272
2.37247e-08
0.00516272
3.3093e-08
0.00516271
4.68387e-08
0.0051627
6.58281e-08
0.00516268
9.22664e-08
0.00516266
1.28479e-07
0.00516263
1.75285e-07
0.00516258
2.39024e-07
0.00516251
3.08437e-07
0.00516239
4.29216e-07
0.00516219
6.48338e-07
0.0051616
2.04282e-06
0.00516004
6.86758e-06
0.00515415
2.51723e-05
5.09447e-05
0.00522258
0.00186035
0.00520653
0.000647483
0.00519181
0.000136302
0.00519202
9.74665e-06
0.00519236
-9.61105e-06
0.00519211
5.55189e-06
0.00519122
7.9081e-06
0.00519023
9.91815e-06
0.00518932
8.36722e-06
0.00518854
7.28753e-06
0.00518789
5.94014e-06
0.00518735
4.95018e-06
0.00518691
4.0787e-06
0.00518653
3.40043e-06
0.00518622
2.84214e-06
0.00518596
2.39855e-06
0.00518573
2.03526e-06
0.00518554
1.73968e-06
0.00518537
1.49562e-06
0.00518522
1.29167e-06
0.00518509
1.11763e-06
0.00518497
9.7004e-07
0.00518487
8.429e-07
0.00518478
7.33337e-07
0.0051847
6.37879e-07
0.00518463
5.55715e-07
0.00518457
4.8359e-07
0.00518452
4.21478e-07
0.00518447
3.65939e-07
0.00518443
3.18384e-07
0.00518439
2.76082e-07
0.00518435
2.3982e-07
0.00518432
2.07465e-07
0.0051843
1.80049e-07
0.00518427
1.55234e-07
0.00518425
1.34576e-07
0.00518423
1.15399e-07
0.00518422
9.95171e-08
0.00518421
8.4941e-08
0.00518419
7.32643e-08
0.00518418
6.21084e-08
0.00518417
5.3554e-08
0.00518417
4.53782e-08
0.00518416
3.9411e-08
0.00518415
3.31357e-08
0.00518415
2.88419e-08
0.00518414
2.40848e-08
0.00518414
2.09809e-08
0.00518414
1.73891e-08
0.00518413
1.54343e-08
0.00518413
1.2845e-08
0.00518413
1.14967e-08
0.00518413
9.28895e-09
0.00518413
8.93526e-09
0.00518412
7.74296e-09
0.00518412
7.37983e-09
0.00518412
6.12534e-09
0.00518412
5.97946e-09
0.00518412
4.53761e-09
0.00518412
4.11218e-09
0.00518412
2.45023e-09
0.00518412
2.0697e-09
0.00518412
7.02841e-10
0.00518412
5.40923e-10
0.00518412
-3.24894e-10
0.00518412
-4.00743e-11
0.00518412
-4.46882e-10
0.00518412
-3.54947e-12
0.00518412
-4.92013e-10
0.00518412
1.56567e-10
0.00518412
-2.3638e-10
0.00518412
1.78396e-10
0.00518412
-3.72655e-11
0.00518412
7.27134e-10
0.00518412
6.76917e-10
0.00518412
1.40397e-09
0.00518412
1.65858e-09
0.00518411
2.75266e-09
0.00518411
3.05025e-09
0.00518411
4.41657e-09
0.00518411
5.40366e-09
0.00518411
7.59327e-09
0.00518411
9.98098e-09
0.00518411
1.3934e-08
0.00518411
1.92066e-08
0.0051841
2.72306e-08
0.0051841
3.78562e-08
0.00518409
5.34238e-08
0.00518408
7.49928e-08
0.00518407
1.05083e-07
0.00518405
1.46739e-07
0.00518402
2.01449e-07
0.00518398
2.7919e-07
0.00518392
3.70731e-07
0.0051838
5.4607e-07
0.00518359
8.58624e-07
0.00518302
2.61309e-06
0.00518165
8.24646e-06
0.0051766
3.02172e-05
6.15774e-05
0.00520393
0.00165641
0.00520546
0.000645957
0.00519606
0.000145698
0.00519664
9.17429e-06
0.00519679
-9.76635e-06
0.00519677
5.57767e-06
0.00519617
8.50118e-06
0.00519553
1.05642e-05
0.00519491
8.98002e-06
0.00519439
7.81449e-06
0.00519394
6.38444e-06
0.00519357
5.32068e-06
0.00519326
4.38689e-06
0.00519301
3.65739e-06
0.00519279
3.05864e-06
0.00519261
2.583e-06
0.00519245
2.19364e-06
0.00519231
1.87709e-06
0.00519219
1.61579e-06
0.00519208
1.3973e-06
0.00519199
1.21101e-06
0.00519191
1.05298e-06
0.00519183
9.16554e-07
0.00519177
7.99104e-07
0.00519171
6.96779e-07
0.00519166
6.08338e-07
0.00519161
5.30468e-07
0.00519157
4.63442e-07
0.00519153
4.03497e-07
0.0051915
3.51909e-07
0.00519147
3.06055e-07
0.00519144
2.66737e-07
0.00519142
2.31364e-07
0.00519139
2.0133e-07
0.00519138
1.74151e-07
0.00519136
1.5139e-07
0.00519134
1.30184e-07
0.00519133
1.12541e-07
0.00519132
9.62837e-08
0.00519131
8.31533e-08
0.0051913
7.06726e-08
0.00519129
6.10882e-08
0.00519129
5.18727e-08
0.00519128
4.51112e-08
0.00519128
3.80962e-08
0.00519127
3.31721e-08
0.00519127
2.77836e-08
0.00519126
2.4269e-08
0.00519126
2.02558e-08
0.00519126
1.79389e-08
0.00519126
1.50194e-08
0.00519125
1.35571e-08
0.00519125
1.10476e-08
0.00519125
1.05799e-08
0.00519125
9.30931e-09
0.00519125
8.93841e-09
0.00519125
7.50328e-09
0.00519124
7.26113e-09
0.00519124
5.61559e-09
0.00519124
4.99886e-09
0.00519124
3.05821e-09
0.00519124
2.47721e-09
0.00519124
8.35052e-10
0.00519124
5.57859e-10
0.00519124
-4.58449e-10
0.00519124
-1.86604e-10
0.00519124
-6.43859e-10
0.00519124
-1.30689e-10
0.00519124
-6.45773e-10
0.00519124
3.76086e-11
0.00519124
-3.32724e-10
0.00519124
1.64522e-10
0.00519124
-6.07457e-11
0.00519124
8.4167e-10
0.00519124
8.54103e-10
0.00519124
1.70188e-09
0.00519124
1.99988e-09
0.00519124
3.20399e-09
0.00519124
3.55257e-09
0.00519124
5.00903e-09
0.00519124
6.07118e-09
0.00519124
8.45549e-09
0.00519124
1.10753e-08
0.00519123
1.54205e-08
0.00519123
2.11332e-08
0.00519123
2.9848e-08
0.00519123
4.1461e-08
0.00519122
5.83268e-08
0.00519121
8.17792e-08
0.00519121
1.14597e-07
0.00519119
1.60501e-07
0.00519117
2.21786e-07
0.00519114
3.1215e-07
0.00519108
4.25454e-07
0.00519097
6.55289e-07
0.00519077
1.05864e-06
0.00519026
3.13056e-06
0.00518912
9.37934e-06
0.00518513
3.42131e-05
6.96143e-05
0.00518536
0.00147105
0.00520053
0.000630792
0.00519584
0.000150381
0.00519663
8.39213e-06
0.00519665
-9.78434e-06
0.00519681
5.4149e-06
0.00519649
8.82039e-06
0.00519616
1.08908e-05
0.00519582
9.31901e-06
0.00519553
8.1057e-06
0.00519528
6.63626e-06
0.00519507
5.53184e-06
0.00519489
4.56423e-06
0.00519474
3.80587e-06
0.00519462
3.18463e-06
0.00519451
2.69121e-06
0.00519441
2.28748e-06
0.00519433
1.95946e-06
0.00519426
1.68872e-06
0.00519419
1.46216e-06
0.00519414
1.26909e-06
0.00519408
1.10535e-06
0.00519404
9.63678e-07
0.00519399
8.41793e-07
0.00519396
7.35628e-07
0.00519392
6.43556e-07
0.00519389
5.62172e-07
0.00519386
4.922e-07
0.00519383
4.29608e-07
0.00519381
3.75475e-07
0.00519379
3.2735e-07
0.00519377
2.86163e-07
0.00519375
2.48812e-07
0.00519374
2.17011e-07
0.00519372
1.88236e-07
0.00519371
1.64048e-07
0.0051937
1.41391e-07
0.00519369
1.22491e-07
0.00519368
1.04986e-07
0.00519367
9.07581e-08
0.00519366
7.72737e-08
0.00519366
6.69443e-08
0.00519365
5.69381e-08
0.00519365
4.95586e-08
0.00519364
4.19416e-08
0.00519364
3.65746e-08
0.00519364
3.07119e-08
0.00519364
2.68878e-08
0.00519363
2.25828e-08
0.00519363
1.99792e-08
0.00519363
1.67894e-08
0.00519363
1.52965e-08
0.00519363
1.2574e-08
0.00519362
1.20109e-08
0.00519362
1.06811e-08
0.00519362
1.03516e-08
0.00519362
8.77225e-09
0.00519362
8.43766e-09
0.00519362
6.62396e-09
0.00519362
5.82292e-09
0.00519362
3.62423e-09
0.00519362
2.84817e-09
0.00519362
9.31823e-10
0.00519362
5.36395e-10
0.00519362
-6.40271e-10
0.00519362
-3.773e-10
0.00519362
-9.00493e-10
0.00519362
-3.1652e-10
0.00519362
-8.3817e-10
0.00519362
-1.26823e-10
0.00519362
-4.73432e-10
0.00519362
1.37399e-10
0.00519362
-9.06993e-11
0.00519362
9.48373e-10
0.00519362
1.03179e-09
0.00519362
2.00354e-09
0.00519362
2.32515e-09
0.00519362
3.60621e-09
0.00519361
3.98167e-09
0.00519361
5.49238e-09
0.00519361
6.58092e-09
0.00519361
9.09689e-09
0.00519361
1.1869e-08
0.00519361
1.65e-08
0.00519361
2.24932e-08
0.00519361
3.16294e-08
0.00519361
4.38072e-08
0.0051936
6.15891e-08
0.0051936
8.62356e-08
0.00519359
1.20868e-07
0.00519358
1.69787e-07
0.00519357
2.36167e-07
0.00519354
3.37252e-07
0.0051935
4.70464e-07
0.0051934
7.50618e-07
0.00519323
1.23528e-06
0.00519279
3.56399e-06
0.00519194
1.02335e-05
0.00518908
3.70729e-05
7.50825e-05
0.00516893
0.00130212
0.00519488
0.000604848
0.00519434
0.000150919
0.00519522
7.50871e-06
0.00519512
-9.67854e-06
0.00519542
5.10779e-06
0.00519535
8.88884e-06
0.00519532
1.09284e-05
0.00519523
9.40595e-06
0.00519516
8.17963e-06
0.00519508
6.70957e-06
0.00519502
5.59493e-06
0.00519496
4.61962e-06
0.00519492
3.853e-06
0.00519488
3.22593e-06
0.00519484
2.72795e-06
0.00519481
2.32062e-06
0.00519478
1.98988e-06
0.00519475
1.71689e-06
0.00519472
1.48822e-06
0.0051947
1.29339e-06
0.00519467
1.12832e-06
0.00519465
9.85144e-07
0.00519463
8.6202e-07
0.00519461
7.54803e-07
0.00519459
6.61584e-07
0.00519458
5.7881e-07
0.00519456
5.07702e-07
0.00519455
4.44136e-07
0.00519453
3.88921e-07
0.00519452
3.39752e-07
0.00519451
2.97821e-07
0.0051945
2.59521e-07
0.00519449
2.268e-07
0.00519448
1.9718e-07
0.00519447
1.72242e-07
0.00519446
1.48726e-07
0.00519446
1.29085e-07
0.00519445
1.10789e-07
0.00519445
9.58394e-08
0.00519444
8.16893e-08
0.00519444
7.09037e-08
0.00519443
6.03776e-08
0.00519443
5.2581e-08
0.00519443
4.45628e-08
0.00519443
3.89228e-08
0.00519442
3.27416e-08
0.00519442
2.87313e-08
0.00519442
2.42282e-08
0.00519442
2.14665e-08
0.00519442
1.80755e-08
0.00519442
1.66271e-08
0.00519442
1.37931e-08
0.00519441
1.31696e-08
0.00519441
1.17964e-08
0.00519441
1.15496e-08
0.00519441
9.87585e-09
0.00519441
9.45772e-09
0.00519441
7.51828e-09
0.00519441
6.55303e-09
0.00519441
4.12289e-09
0.00519441
3.16435e-09
0.00519441
9.88064e-10
0.00519441
4.73523e-10
0.00519441
-8.73252e-10
0.00519441
-6.15058e-10
0.00519441
-1.21639e-09
0.00519441
-5.68765e-10
0.00519441
-1.07567e-09
0.00519441
-3.32877e-10
0.00519441
-6.5937e-10
0.00519441
9.172e-11
0.00519441
-1.21483e-10
0.00519441
1.0464e-09
0.00519441
1.20596e-09
0.00519441
2.30263e-09
0.00519441
2.62853e-09
0.00519441
3.95006e-09
0.00519441
4.32502e-09
0.00519441
5.85715e-09
0.00519441
6.92886e-09
0.00519441
9.5116e-09
0.0051944
1.23613e-08
0.0051944
1.71751e-08
0.0051944
2.32372e-08
0.0051944
3.26194e-08
0.0051944
4.50375e-08
0.0051944
6.32393e-08
0.0051944
8.84226e-08
0.00519439
1.2397e-07
0.00519439
1.74654e-07
0.00519438
2.44504e-07
0.00519436
3.53881e-07
0.00519433
5.03761e-07
0.00519425
8.26546e-07
0.00519411
1.37761e-06
0.00519379
3.89134e-06
0.00519323
1.07901e-05
0.00519153
3.87738e-05
7.80772e-05
0.00515491
0.00114721
0.00518949
0.000570272
0.00519259
0.000147819
0.0051935
6.59954e-06
0.00519327
-9.44644e-06
0.00519368
4.69796e-06
0.00519384
8.7319e-06
0.00519406
1.07069e-05
0.0051942
9.2634e-06
0.00519432
8.05533e-06
0.00519441
6.61906e-06
0.00519449
5.5218e-06
0.00519454
4.56247e-06
0.00519459
3.80644e-06
0.00519463
3.18872e-06
0.00519466
2.69828e-06
0.00519468
2.2972e-06
0.0051947
1.97169e-06
0.00519471
1.70303e-06
0.00519472
1.4777e-06
0.00519473
1.2857e-06
0.00519474
1.12326e-06
0.00519474
9.82068e-07
0.00519474
8.60654e-07
0.00519474
7.54939e-07
0.00519474
6.62875e-07
0.00519474
5.80716e-07
0.00519473
5.10157e-07
0.00519473
4.47173e-07
0.00519473
3.92288e-07
0.00519472
3.43253e-07
0.00519472
3.01627e-07
0.00519472
2.63377e-07
0.00519471
2.30567e-07
0.00519471
2.00832e-07
0.00519471
1.75808e-07
0.0051947
1.52024e-07
0.0051947
1.32157e-07
0.0051947
1.13537e-07
0.00519469
9.82541e-08
0.00519469
8.37797e-08
0.00519469
7.28261e-08
0.00519469
6.2057e-08
0.00519469
5.40669e-08
0.00519468
4.58581e-08
0.00519468
4.01183e-08
0.00519468
3.37873e-08
0.00519468
2.97155e-08
0.00519468
2.51486e-08
0.00519468
2.23374e-08
0.00519468
1.8823e-08
0.00519468
1.7488e-08
0.00519468
1.46383e-08
0.00519468
1.40114e-08
0.00519468
1.26064e-08
0.00519467
1.24821e-08
0.00519467
1.07611e-08
0.00519467
1.02906e-08
0.00519467
8.25673e-09
0.00519467
7.1643e-09
0.00519467
4.52872e-09
0.00519467
3.41004e-09
0.00519467
1.0007e-09
0.00519467
3.67873e-10
0.00519467
-1.15741e-09
0.00519467
-9.02328e-10
0.00519467
-1.58776e-09
0.00519467
-8.90846e-10
0.00519467
-1.36395e-09
0.00519467
-5.7663e-10
0.00519467
-8.86509e-10
0.00519467
2.18434e-11
0.00519467
-1.4832e-10
0.00519467
1.13549e-09
0.00519467
1.37314e-09
0.00519467
2.59113e-09
0.00519467
2.90658e-09
0.00519467
4.22817e-09
0.00519467
4.5745e-09
0.00519467
6.08744e-09
0.00519467
7.10932e-09
0.00519467
9.70401e-09
0.00519467
1.25553e-08
0.00519467
1.74488e-08
0.00519467
2.34514e-08
0.00519467
3.28374e-08
0.00519467
4.51914e-08
0.00519467
6.33434e-08
0.00519467
8.84283e-08
0.00519467
1.24012e-07
0.00519467
1.75201e-07
0.00519467
2.46772e-07
0.00519466
3.61551e-07
0.00519464
5.23745e-07
0.00519459
8.78683e-07
0.00519449
1.47743e-06
0.00519428
4.09793e-06
0.00519403
1.10404e-05
0.00519347
3.93339e-05
7.8739e-05
0.0051431
0.0010041
0.00518465
0.00052873
0.00519094
0.00014153
0.00519182
5.71241e-06
0.00519146
-9.07967e-06
0.00519193
4.22205e-06
0.00519229
8.37554e-06
0.00519274
1.02551e-05
0.00519309
8.91391e-06
0.00519339
7.75192e-06
0.00519363
6.37967e-06
0.00519383
5.32457e-06
0.00519399
4.40247e-06
0.00519412
3.67404e-06
0.00519423
3.07944e-06
0.00519432
2.60748e-06
0.0051944
2.22156e-06
0.00519446
1.90849e-06
0.00519451
1.65007e-06
0.00519456
1.43306e-06
0.0051946
1.24804e-06
0.00519463
1.09183e-06
0.00519465
9.55802e-07
0.00519468
8.388e-07
0.00519469
7.36917e-07
0.00519471
6.48113e-07
0.00519472
5.6844e-07
0.00519473
5.00003e-07
0.00519474
4.39033e-07
0.00519475
3.85809e-07
0.00519475
3.38035e-07
0.00519475
2.97685e-07
0.00519476
2.60428e-07
0.00519476
2.28334e-07
0.00519476
1.99186e-07
0.00519476
1.74709e-07
0.00519476
1.5124e-07
0.00519476
1.31649e-07
0.00519476
1.13171e-07
0.00519476
9.79488e-08
0.00519476
8.34863e-08
0.00519476
7.26492e-08
0.00519476
6.19092e-08
0.00519476
5.39609e-08
0.00519476
4.57695e-08
0.00519476
4.01097e-08
0.00519476
3.37965e-08
0.00519476
2.97982e-08
0.00519476
2.5302e-08
0.00519476
2.2555e-08
0.00519476
1.90054e-08
0.00519476
1.78351e-08
0.00519476
1.50679e-08
0.00519476
1.44967e-08
0.00519476
1.30832e-08
0.00519476
1.31025e-08
0.00519476
1.13938e-08
0.00519476
1.08998e-08
0.00519476
8.81256e-09
0.00519476
7.63532e-09
0.00519476
4.83667e-09
0.00519476
3.57546e-09
0.00519476
9.67136e-10
0.00519476
2.13756e-10
0.00519476
-1.48418e-09
0.00519476
-1.245e-09
0.00519476
-2.00306e-09
0.00519476
-1.2869e-09
0.00519476
-1.69962e-09
0.00519476
-8.61832e-10
0.00519476
-1.14239e-09
0.00519476
-7.8238e-11
0.00519476
-1.71803e-10
0.00519476
1.21949e-09
0.00519476
1.52924e-09
0.00519476
2.8613e-09
0.00519476
3.15634e-09
0.00519476
4.43617e-09
0.00519476
4.7262e-09
0.00519476
6.18755e-09
0.00519476
7.1295e-09
0.00519476
9.67333e-09
0.00519476
1.24597e-08
0.00519476
1.73333e-08
0.00519476
2.31585e-08
0.00519476
3.23211e-08
0.00519476
4.43158e-08
0.00519476
6.19819e-08
0.00519476
8.63691e-08
0.00519477
1.21133e-07
0.00519477
1.71577e-07
0.00519477
2.4303e-07
0.00519477
3.59975e-07
0.00519477
5.29294e-07
0.00519474
9.03896e-07
0.00519469
1.52913e-06
0.00519461
4.17536e-06
0.00519467
1.09843e-05
0.0051952
3.88007e-05
7.72365e-05
0.00513321
0.000870891
0.00518039
0.000481551
0.00518947
0.000132456
0.0051903
4.87413e-06
0.00518979
-8.57006e-06
0.00519031
3.71058e-06
0.00519084
7.8453e-06
0.00519149
9.60082e-06
0.00519202
8.37979e-06
0.00519249
7.28834e-06
0.00519286
6.00648e-06
0.00519317
5.01548e-06
0.00519342
4.14949e-06
0.00519363
3.46388e-06
0.00519381
2.90469e-06
0.00519395
2.46104e-06
0.00519408
2.09825e-06
0.00519418
1.80406e-06
0.00519427
1.5612e-06
0.00519435
1.35695e-06
0.00519441
1.18269e-06
0.00519447
1.03589e-06
0.00519452
9.07918e-07
0.00519456
7.97786e-07
0.00519459
7.01844e-07
0.00519462
6.182e-07
0.00519465
5.42739e-07
0.00519467
4.77883e-07
0.00519469
4.20228e-07
0.0051947
3.69898e-07
0.00519472
3.2445e-07
0.00519473
2.86267e-07
0.00519474
2.50876e-07
0.00519475
2.20263e-07
0.00519475
1.92369e-07
0.00519476
1.69036e-07
0.00519476
1.4644e-07
0.00519477
1.27607e-07
0.00519477
1.09719e-07
0.00519477
9.49502e-08
0.00519478
8.08266e-08
0.00519478
7.03801e-08
0.00519478
5.99323e-08
0.00519478
5.22596e-08
0.00519478
4.42915e-08
0.00519479
3.88902e-08
0.00519479
3.27575e-08
0.00519479
2.89664e-08
0.00519479
2.46698e-08
0.00519479
2.21044e-08
0.00519479
1.86146e-08
0.00519479
1.76511e-08
0.00519479
1.50543e-08
0.00519479
1.46007e-08
0.00519479
1.32099e-08
0.00519479
1.33861e-08
0.00519479
1.17448e-08
0.00519479
1.12672e-08
0.00519479
9.16361e-09
0.00519479
7.94914e-09
0.00519479
5.03983e-09
0.00519479
3.65093e-09
0.00519479
8.8781e-10
0.00519479
1.59438e-11
0.00519479
-1.84936e-09
0.00519479
-1.63916e-09
0.00519479
-2.45917e-09
0.00519479
-1.74636e-09
0.00519479
-2.08787e-09
0.00519479
-1.18021e-09
0.00519479
-1.41931e-09
0.00519479
-2.08658e-10
0.00519479
-1.91019e-10
0.00519479
1.29966e-09
0.00519479
1.67338e-09
0.00519479
3.10184e-09
0.00519479
3.37538e-09
0.00519479
4.57184e-09
0.00519479
4.78006e-09
0.00519479
6.1569e-09
0.00519479
6.99346e-09
0.00519479
9.42883e-09
0.00519479
1.20857e-08
0.00519479
1.68437e-08
0.00519479
2.2379e-08
0.00519479
3.11136e-08
0.00519479
4.24769e-08
0.0051948
5.92489e-08
0.0051948
8.23814e-08
0.0051948
1.15506e-07
0.00519481
1.6398e-07
0.00519482
2.33436e-07
0.00519483
3.49092e-07
0.00519484
5.198e-07
0.00519485
9.00335e-07
0.00519485
1.5296e-06
0.0051949
4.12085e-06
0.00519525
1.06298e-05
0.00519681
3.72425e-05
7.37558e-05
0.00512497
0.000745921
0.00517671
0.000429811
0.0051882
0.000120968
0.00518898
4.09664e-06
0.00518832
-7.91322e-06
0.00518884
3.18765e-06
0.00518952
7.16577e-06
0.00519035
8.77028e-06
0.00519105
7.68297e-06
0.00519165
6.6833e-06
0.00519215
5.51454e-06
0.00519255
4.60687e-06
0.00519289
3.81356e-06
0.00519317
3.18416e-06
0.0051934
2.67128e-06
0.0051936
2.26462e-06
0.00519377
1.932e-06
0.00519391
1.66239e-06
0.00519403
1.43978e-06
0.00519413
1.25227e-06
0.00519422
1.0921e-06
0.0051943
9.57549e-07
0.00519437
8.40203e-07
0.00519443
7.39153e-07
0.00519448
6.51041e-07
0.00519452
5.74249e-07
0.00519456
5.04561e-07
0.00519459
4.44625e-07
0.00519462
3.91459e-07
0.00519465
3.4514e-07
0.00519467
3.0301e-07
0.00519469
2.67805e-07
0.0051947
2.35068e-07
0.00519472
2.06647e-07
0.00519473
1.80631e-07
0.00519474
1.58993e-07
0.00519475
1.37796e-07
0.00519475
1.20172e-07
0.00519476
1.03298e-07
0.00519477
8.93585e-08
0.00519477
7.5888e-08
0.00519478
6.60895e-08
0.00519478
5.61843e-08
0.00519478
4.90091e-08
0.00519478
4.14648e-08
0.00519479
3.64934e-08
0.00519479
3.06971e-08
0.00519479
2.72366e-08
0.00519479
2.3262e-08
0.00519479
2.09915e-08
0.00519479
1.76621e-08
0.00519479
1.69406e-08
0.0051948
1.45885e-08
0.0051948
1.43122e-08
0.0051948
1.29835e-08
0.0051948
1.33242e-08
0.0051948
1.17981e-08
0.0051948
1.13829e-08
0.0051948
9.29736e-09
0.0051948
8.09247e-09
0.00519479
5.13238e-09
0.00519479
3.63394e-09
0.00519479
7.62785e-10
0.0051948
-2.22688e-10
0.0051948
-2.24256e-09
0.0051948
-2.08122e-09
0.0051948
-2.94801e-09
0.0051948
-2.25869e-09
0.0051948
-2.52435e-09
0.0051948
-1.52898e-09
0.0051948
-1.70783e-09
0.0051948
-3.65569e-10
0.0051948
-2.08295e-10
0.0051948
1.37792e-09
0.0051948
1.80478e-09
0.0051948
3.30368e-09
0.0051948
3.55925e-09
0.0051948
4.63614e-09
0.0051948
4.73701e-09
0.0051948
5.99688e-09
0.0051948
6.70638e-09
0.0051948
8.98485e-09
0.0051948
1.14491e-08
0.0051948
1.59998e-08
0.0051948
2.11431e-08
0.0051948
2.9265e-08
0.00519481
3.97505e-08
0.00519481
5.52524e-08
0.00519481
7.66192e-08
0.00519482
1.07334e-07
0.00519483
1.52662e-07
0.00519485
2.18259e-07
0.00519487
3.29089e-07
0.00519489
4.95194e-07
0.00519493
8.67423e-07
0.00519498
1.47807e-06
0.00519516
3.9367e-06
0.0051958
9.99181e-06
0.0051983
3.47439e-05
6.84958e-05
0.00511815
0.000627767
0.00517357
0.000374398
0.00518712
0.000107412
0.00518784
3.38192e-06
0.00518704
-7.11016e-06
0.00518755
2.67087e-06
0.00518836
6.36019e-06
0.00518934
7.78863e-06
0.00519018
6.84494e-06
0.00519091
5.95524e-06
0.0051915
4.91888e-06
0.005192
4.11114e-06
0.00519241
3.40482e-06
0.00519275
2.84329e-06
0.00519303
2.38617e-06
0.00519327
2.02407e-06
0.00519348
1.72775e-06
0.00519365
1.48768e-06
0.0051938
1.2894e-06
0.00519393
1.1221e-06
0.00519405
9.78969e-07
0.00519414
8.59126e-07
0.00519423
7.54646e-07
0.0051943
6.64633e-07
0.00519437
5.86026e-07
0.00519443
5.17569e-07
0.00519447
4.55039e-07
0.00519452
4.01229e-07
0.00519456
3.53593e-07
0.00519459
3.12274e-07
0.00519462
2.74367e-07
0.00519464
2.42872e-07
0.00519466
2.13483e-07
0.00519468
1.879e-07
0.0051947
1.64334e-07
0.00519471
1.44889e-07
0.00519472
1.25574e-07
0.00519474
1.09571e-07
0.00519474
9.4097e-08
0.00519475
8.13415e-08
0.00519476
6.88205e-08
0.00519477
5.9906e-08
0.00519477
5.07774e-08
0.00519478
4.43025e-08
0.00519478
3.73698e-08
0.00519478
3.29884e-08
0.00519479
2.76759e-08
0.00519479
2.46551e-08
0.00519479
2.11139e-08
0.00519479
1.92437e-08
0.00519479
1.61768e-08
0.00519479
1.57279e-08
0.0051948
1.36809e-08
0.0051948
1.36343e-08
0.0051948
1.24136e-08
0.0051948
1.29219e-08
0.0051948
1.15504e-08
0.0051948
1.1244e-08
0.0051948
9.21077e-09
0.0051948
8.05775e-09
0.0051948
5.11069e-09
0.0051948
3.5268e-09
0.0051948
5.9154e-10
0.0051948
-4.94987e-10
0.0051948
-2.65411e-09
0.0051948
-2.56301e-09
0.0051948
-3.46111e-09
0.0051948
-2.80945e-09
0.0051948
-3.00097e-09
0.0051948
-1.90396e-09
0.0051948
-2.00067e-09
0.0051948
-5.40416e-10
0.0051948
-2.26096e-10
0.0051948
1.4541e-09
0.0051948
1.92372e-09
0.0051948
3.46038e-09
0.0051948
3.70188e-09
0.0051948
4.63225e-09
0.0051948
4.60015e-09
0.0051948
5.71275e-09
0.0051948
6.27542e-09
0.0051948
8.35899e-09
0.0051948
1.05701e-08
0.0051948
1.48273e-08
0.00519481
1.94863e-08
0.00519481
2.68324e-08
0.00519481
3.62195e-08
0.00519482
5.01134e-08
0.00519482
6.92531e-08
0.00519483
9.68525e-08
0.00519485
1.37925e-07
0.00519487
1.97879e-07
0.0051949
3.00407e-07
0.00519494
4.55949e-07
0.005195
8.05811e-07
0.0051951
1.37594e-06
0.00519541
3.62967e-06
0.00519631
9.09185e-06
0.00519965
3.14016e-05
6.16645e-05
0.00511259
0.000515179
0.00517093
0.000316052
0.00518623
9.21133e-05
0.00518689
2.72564e-06
0.00518595
-6.16796e-06
0.00518645
2.17179e-06
0.00518736
5.45033e-06
0.00518846
6.67982e-06
0.00518942
5.88678e-06
0.00519026
5.12234e-06
0.00519094
4.2345e-06
0.00519151
3.5407e-06
0.00519198
2.93351e-06
0.00519238
2.44975e-06
0.00519271
2.05646e-06
0.00519298
1.74537e-06
0.00519322
1.49058e-06
0.00519342
1.2843e-06
0.0051936
1.11383e-06
0.00519375
9.69686e-07
0.00519389
8.46144e-07
0.005194
7.43125e-07
0.0051941
6.53422e-07
0.00519419
5.76141e-07
0.00519427
5.08491e-07
0.00519434
4.49639e-07
0.0051944
3.95466e-07
0.00519445
3.48846e-07
0.00519449
3.07648e-07
0.00519453
2.7218e-07
0.00519457
2.39299e-07
0.0051946
2.12162e-07
0.00519463
1.86718e-07
0.00519465
1.6454e-07
0.00519467
1.43934e-07
0.00519469
1.27122e-07
0.0051947
1.10125e-07
0.00519472
9.61105e-08
0.00519473
8.23777e-08
0.00519474
7.1127e-08
0.00519475
5.98301e-08
0.00519475
5.20101e-08
0.00519476
4.38712e-08
0.00519477
3.82761e-08
0.00519477
3.21232e-08
0.00519478
2.84753e-08
0.00519478
2.37837e-08
0.00519478
2.12968e-08
0.00519479
1.82836e-08
0.00519479
1.69078e-08
0.00519479
1.42035e-08
0.00519479
1.40552e-08
0.00519479
1.23593e-08
0.00519479
1.25849e-08
0.0051948
1.15207e-08
0.0051948
1.21971e-08
0.0051948
1.10102e-08
0.0051948
1.0856e-08
0.0051948
8.90918e-09
0.0051948
7.84479e-09
0.0051948
4.97285e-09
0.0051948
3.33571e-09
0.0051948
3.76507e-10
0.0051948
-7.95136e-10
0.0051948
-3.07274e-09
0.0051948
-3.07191e-09
0.0051948
-3.98947e-09
0.0051948
-3.38166e-09
0.0051948
-3.5065e-09
0.0051948
-2.29832e-09
0.0051948
-2.29149e-09
0.0051948
-7.24184e-10
0.0051948
-2.47714e-10
0.0051948
1.52692e-09
0.0051948
2.03069e-09
0.0051948
3.56898e-09
0.0051948
3.79616e-09
0.0051948
4.56445e-09
0.0051948
4.37526e-09
0.0051948
5.31346e-09
0.0051948
5.70948e-09
0.0051948
7.57096e-09
0.0051948
9.47345e-09
0.00519481
1.33573e-08
0.00519481
1.74479e-08
0.00519481
2.38794e-08
0.00519481
3.19738e-08
0.00519482
4.39649e-08
0.00519483
6.04697e-08
0.00519484
8.43271e-08
0.00519486
1.2013e-07
0.00519488
1.72787e-07
0.00519492
2.63737e-07
0.00519497
4.03059e-07
0.00519506
7.17294e-07
0.00519521
1.22661e-06
0.00519563
3.21035e-06
0.00519677
7.95695e-06
0.00520085
2.73219e-05
5.34768e-05
0.00510813
0.000407046
0.00516878
0.000255408
0.00518551
7.53819e-05
0.00518612
2.11989e-06
0.00518505
-5.09964e-06
0.00518552
1.69644e-06
0.00518652
4.45643e-06
0.00518773
5.46673e-06
0.00518879
4.82918e-06
0.00518971
4.2025e-06
0.00519047
3.4763e-06
0.0051911
2.90799e-06
0.00519162
2.40993e-06
0.00519206
2.01216e-06
0.00519243
1.68939e-06
0.00519274
1.43467e-06
0.005193
1.22575e-06
0.00519323
1.05677e-06
0.00519343
9.16994e-07
0.0051936
7.98473e-07
0.00519375
6.96648e-07
0.00519388
6.12225e-07
0.00519399
5.38875e-07
0.00519409
4.75745e-07
0.00519418
4.2028e-07
0.00519426
3.72095e-07
0.00519433
3.27282e-07
0.00519439
2.88762e-07
0.00519444
2.5477e-07
0.00519449
2.25864e-07
0.00519453
1.98695e-07
0.00519456
1.76476e-07
0.00519459
1.55471e-07
0.00519462
1.37182e-07
0.00519464
1.19976e-07
0.00519466
1.06175e-07
0.00519468
9.18708e-08
0.0051947
8.01645e-08
0.00519471
6.84625e-08
0.00519472
5.89961e-08
0.00519474
4.91709e-08
0.00519474
4.26271e-08
0.00519475
3.5666e-08
0.00519476
3.11046e-08
0.00519477
2.58745e-08
0.00519477
2.30812e-08
0.00519478
1.91344e-08
0.00519478
1.7262e-08
0.00519478
1.48508e-08
0.00519479
1.40486e-08
0.00519479
1.18002e-08
0.00519479
1.19803e-08
0.00519479
1.06671e-08
0.00519479
1.1196e-08
0.00519479
1.03346e-08
0.0051948
1.11786e-08
0.0051948
1.01965e-08
0.0051948
1.0232e-08
0.0051948
8.40536e-09
0.0051948
7.46135e-09
0.0051948
4.71915e-09
0.0051948
3.06959e-09
0.0051948
1.22317e-10
0.0051948
-1.11622e-09
0.0051948
-3.48745e-09
0.0051948
-3.59186e-09
0.0051948
-4.5227e-09
0.0051948
-3.95746e-09
0.0051948
-4.02691e-09
0.0051948
-2.70256e-09
0.0051948
-2.57557e-09
0.0051948
-9.07397e-10
0.0051948
-2.75409e-10
0.0051948
1.59345e-09
0.0051948
2.12529e-09
0.0051948
3.63007e-09
0.0051948
3.83531e-09
0.0051948
4.43703e-09
0.0051948
4.0706e-09
0.0051948
4.8113e-09
0.0051948
5.01966e-09
0.0051948
6.64152e-09
0.0051948
8.18779e-09
0.00519481
1.16263e-08
0.00519481
1.50717e-08
0.00519481
2.04753e-08
0.00519482
2.71104e-08
0.00519482
3.69507e-08
0.00519483
5.04705e-08
0.00519485
7.00527e-08
0.00519487
9.96878e-08
0.0051949
1.43583e-07
0.00519494
2.20006e-07
0.00519501
3.37999e-07
0.00519512
6.04693e-07
0.00519531
1.03521e-06
0.00519583
2.6926e-06
0.00519717
6.61898e-06
0.00520187
2.26183e-05
4.41526e-05
0.00510468
0.000302362
0.00516708
0.000193013
0.00518494
5.7517e-05
0.00518551
1.55498e-06
0.00518433
-3.92358e-06
0.00518478
1.24607e-06
0.00518584
3.39732e-06
0.00518714
4.17134e-06
0.00518827
3.69246e-06
0.00518926
3.21342e-06
0.00519008
2.65913e-06
0.00519076
2.22545e-06
0.00519133
1.84447e-06
0.0051918
1.53924e-06
0.0051922
1.29231e-06
0.00519254
1.09822e-06
0.00519282
9.38638e-07
0.00519307
8.09765e-07
0.00519328
7.02972e-07
0.00519347
6.12036e-07
0.00519363
5.33642e-07
0.00519378
4.69247e-07
0.0051939
4.13493e-07
0.00519401
3.65651e-07
0.00519411
3.23368e-07
0.00519419
2.86699e-07
0.00519427
2.5205e-07
0.00519434
2.22376e-07
0.00519439
1.96216e-07
0.00519444
1.74436e-07
0.00519449
1.53537e-07
0.00519453
1.36705e-07
0.00519456
1.2053e-07
0.0051946
1.0652e-07
0.00519462
9.30761e-08
0.00519465
8.25935e-08
0.00519467
7.12956e-08
0.00519468
6.21657e-08
0.0051947
5.2728e-08
0.00519471
4.52753e-08
0.00519473
3.71372e-08
0.00519474
3.20205e-08
0.00519474
2.63947e-08
0.00519475
2.29948e-08
0.00519476
1.88015e-08
0.00519477
1.69566e-08
0.00519477
1.38611e-08
0.00519478
1.26723e-08
0.00519478
1.09151e-08
0.00519478
1.07469e-08
0.00519479
9.03643e-09
0.00519479
9.57357e-09
0.00519479
8.66036e-09
0.00519479
9.51203e-09
0.00519479
8.89427e-09
0.00519479
9.90459e-09
0.0051948
9.13808e-09
0.0051948
9.39239e-09
0.0051948
7.71845e-09
0.0051948
6.92286e-09
0.0051948
4.35318e-09
0.0051948
2.73864e-09
0.0051948
-1.64225e-10
0.0051948
-1.44963e-09
0.0051948
-3.88783e-09
0.0051948
-4.10486e-09
0.0051948
-5.04845e-09
0.0051948
-4.51927e-09
0.0051948
-4.54621e-09
0.0051948
-3.10509e-09
0.0051948
-2.84897e-09
0.0051948
-1.08163e-09
0.0051948
-3.09589e-10
0.0051948
1.64952e-09
0.0051948
2.20556e-09
0.0051948
3.64705e-09
0.0051948
3.81459e-09
0.0051948
4.25355e-09
0.0051948
3.69647e-09
0.0051948
4.22159e-09
0.0051948
4.22016e-09
0.0051948
5.59168e-09
0.00519481
6.74474e-09
0.00519481
9.67498e-09
0.00519481
1.2406e-08
0.00519481
1.66938e-08
0.00519482
2.17335e-08
0.00519483
2.92244e-08
0.00519484
3.94701e-08
0.00519485
5.4348e-08
0.00519488
7.70618e-08
0.00519491
1.10962e-07
0.00519496
1.70353e-07
0.00519503
2.62667e-07
0.00519517
4.71722e-07
0.00519539
8.08322e-07
0.00519599
2.09296e-06
0.0051975
5.11379e-06
0.00520271
1.74096e-05
3.39156e-05
0.00510216
0.0002002
0.00516582
0.000129354
0.00518453
3.88089e-05
0.00518506
1.0206e-06
0.0051838
-2.66267e-06
0.00518423
8.17967e-07
0.00518534
2.29052e-06
0.00518669
2.81491e-06
0.00518789
2.49664e-06
0.00518893
2.17257e-06
0.00518979
1.79779e-06
0.00519051
1.50552e-06
0.00519111
1.24754e-06
0.00519161
1.03976e-06
0.00519203
8.72648e-07
0.00519238
7.42387e-07
0.00519269
6.34718e-07
0.00519295
5.48046e-07
0.00519318
4.75957e-07
0.00519337
4.14073e-07
0.00519355
3.604e-07
0.0051937
3.17128e-07
0.00519383
2.79886e-07
0.00519395
2.4818e-07
0.00519405
2.19835e-07
0.00519414
1.95316e-07
0.00519422
1.71433e-07
0.0051943
1.51179e-07
0.00519436
1.33332e-07
0.00519441
1.19091e-07
0.00519446
1.04885e-07
0.00519451
9.38055e-08
0.00519454
8.27501e-08
0.00519458
7.33115e-08
0.00519461
6.39088e-08
0.00519463
5.69814e-08
0.00519465
4.89314e-08
0.00519467
4.25918e-08
0.00519469
3.55944e-08
0.0051947
3.03285e-08
0.00519472
2.40558e-08
0.00519473
2.04841e-08
0.00519474
1.6316e-08
0.00519475
1.41783e-08
0.00519476
1.11062e-08
0.00519476
1.0272e-08
0.00519477
8.11187e-09
0.00519477
7.66562e-09
0.00519478
6.59317e-09
0.00519478
7.09748e-09
0.00519478
5.99068e-09
0.00519479
6.91445e-09
0.00519479
6.40645e-09
0.00519479
7.58746e-09
0.00519479
7.24575e-09
0.00519479
8.42066e-09
0.00519479
7.87243e-09
0.0051948
8.36394e-09
0.0051948
6.87276e-09
0.0051948
6.25122e-09
0.0051948
3.88321e-09
0.0051948
2.35329e-09
0.0051948
-4.74331e-10
0.0051948
-1.78539e-09
0.0051948
-4.26382e-09
0.0051948
-4.59254e-09
0.0051948
-5.55219e-09
0.0051948
-5.05035e-09
0.0051948
-5.04733e-09
0.0051948
-3.4931e-09
0.0051948
-3.10742e-09
0.0051948
-1.24065e-09
0.0051948
-3.48908e-10
0.0051948
1.69066e-09
0.0051948
2.26787e-09
0.0051948
3.6246e-09
0.0051948
3.73268e-09
0.0051948
4.01678e-09
0.0051948
3.26449e-09
0.0051948
3.56208e-09
0.0051948
3.32893e-09
0.0051948
4.44253e-09
0.00519481
5.17797e-09
0.00519481
7.54788e-09
0.00519481
9.50399e-09
0.00519481
1.26121e-08
0.00519482
1.59532e-08
0.00519483
2.09477e-08
0.00519484
2.76958e-08
0.00519486
3.7551e-08
0.00519488
5.2756e-08
0.00519492
7.56985e-08
0.00519497
1.16092e-07
0.00519505
1.79313e-07
0.0051952
3.22825e-07
0.00519546
5.53765e-07
0.00519612
1.43007e-06
0.00519775
3.48045e-06
0.00520334
1.1819e-05
2.29919e-05
0.00510051
9.96893e-05
0.00516499
6.48774e-05
0.00518425
1.9542e-05
0.00518477
5.06398e-07
0.00518345
-1.34329e-06
0.00518386
4.06405e-07
0.005185
1.15255e-06
0.00518639
1.41809e-06
0.00518763
1.26152e-06
0.00518871
1.0973e-06
0.0051896
9.07009e-07
0.00519034
7.60654e-07
0.00519096
6.29622e-07
0.00519148
5.2256e-07
0.00519191
4.37912e-07
0.00519228
3.73589e-07
0.00519259
3.19559e-07
0.00519287
2.76476e-07
0.0051931
2.40231e-07
0.00519331
2.08377e-07
0.00519349
1.80286e-07
0.00519365
1.58886e-07
0.00519378
1.40751e-07
0.00519391
1.25738e-07
0.00519402
1.11839e-07
0.00519411
9.98909e-08
0.00519419
8.71715e-08
0.00519427
7.67316e-08
0.00519433
6.75301e-08
0.00519439
6.10925e-08
0.00519444
5.38591e-08
0.00519449
4.87884e-08
0.00519453
4.30396e-08
0.00519456
3.83652e-08
0.00519459
3.31943e-08
0.00519462
2.99822e-08
0.00519464
2.5347e-08
0.00519466
2.19538e-08
0.00519468
1.75161e-08
0.0051947
1.45495e-08
0.00519471
1.02769e-08
0.00519472
8.33497e-09
0.00519473
5.70698e-09
0.00519474
4.9039e-09
0.00519475
3.00887e-09
0.00519476
3.2145e-09
0.00519477
2.04616e-09
0.00519477
2.39044e-09
0.00519477
2.01566e-09
0.00519478
3.20684e-09
0.00519478
2.74895e-09
0.00519478
4.08802e-09
0.00519479
3.98078e-09
0.00519479
5.48476e-09
0.00519479
5.44113e-09
0.00519479
6.77794e-09
0.00519479
6.44452e-09
0.0051948
7.17936e-09
0.0051948
5.89664e-09
0.0051948
5.47304e-09
0.0051948
3.32306e-09
0.0051948
1.92395e-09
0.0051948
-7.97897e-10
0.0051948
-2.11248e-09
0.0051948
-4.60543e-09
0.0051948
-5.03746e-09
0.0051948
-6.01759e-09
0.0051948
-5.53511e-09
0.0051948
-5.513e-09
0.0051948
-3.85365e-09
0.0051948
-3.3456e-09
0.0051948
-1.38088e-09
0.0051948
-3.90845e-10
0.0051948
1.71289e-09
0.0051948
2.3074e-09
0.0051948
3.56713e-09
0.0051948
3.5924e-09
0.0051948
3.72946e-09
0.0051948
2.78679e-09
0.0051948
2.85203e-09
0.0051948
2.36792e-09
0.0051948
3.21558e-09
0.00519481
3.52215e-09
0.00519481
5.29196e-09
0.00519481
6.4239e-09
0.00519482
8.31036e-09
0.00519482
9.8846e-09
0.00519483
1.22887e-08
0.00519484
1.53848e-08
0.00519486
2.00139e-08
0.00519489
2.73084e-08
0.00519492
3.86352e-08
0.00519498
5.86813e-08
0.00519507
9.04636e-08
0.00519523
1.63009e-07
0.0051955
2.80254e-07
0.00519621
7.24166e-07
0.00519793
1.76037e-06
0.00520377
5.97225e-06
1.16096e-05
0.00509969
-3.79749e-09
0.00516457
-2.43958e-09
0.00518412
-3.21937e-09
0.00518462
2.21861e-09
0.00518327
5.83159e-09
0.00518368
3.61669e-09
0.00518483
-7.78293e-10
0.00518625
1.17227e-09
0.0051875
6.7568e-09
0.00518859
4.82544e-09
0.0051895
1.50871e-09
0.00519026
3.28952e-09
0.00519088
1.18836e-09
0.00519141
-3.49804e-09
0.00519185
-4.35029e-09
0.00519223
-1.68819e-09
0.00519255
-1.22006e-09
0.00519283
-2.9691e-11
0.00519307
1.37895e-10
0.00519327
-1.19801e-09
0.00519346
-3.27266e-09
0.00519362
-2.40207e-09
0.00519376
-1.14979e-09
0.00519389
7.91007e-10
0.005194
1.59569e-09
0.00519409
2.42122e-09
0.00519418
1.05878e-09
0.00519426
6.41464e-10
0.00519432
2.65585e-10
0.00519438
1.74433e-09
0.00519443
1.61833e-09
0.00519448
2.69717e-09
0.00519452
2.34188e-09
0.00519456
2.52242e-09
0.00519459
1.68341e-09
0.00519462
2.26825e-09
0.00519464
1.136e-09
0.00519466
7.83184e-10
0.00519468
-1.03007e-09
0.0051947
-1.6472e-09
0.00519471
-3.8335e-09
0.00519472
-4.09467e-09
0.00519473
-5.14275e-09
0.00519474
-4.57002e-09
0.00519475
-5.25834e-09
0.00519476
-4.01612e-09
0.00519476
-4.16849e-09
0.00519477
-2.99945e-09
0.00519477
-2.6774e-09
0.00519478
-8.09018e-10
0.00519478
-5.96883e-10
0.00519478
1.18156e-09
0.00519479
1.46408e-09
0.00519479
3.27197e-09
0.00519479
3.53659e-09
0.00519479
5.03095e-09
0.00519479
4.90505e-09
0.00519479
5.87654e-09
0.0051948
4.82149e-09
0.0051948
4.61748e-09
0.0051948
2.69223e-09
0.0051948
1.46133e-09
0.0051948
-1.12434e-09
0.0051948
-2.41941e-09
0.0051948
-4.90253e-09
0.0051948
-5.42406e-09
0.0051948
-6.42739e-09
0.0051948
-5.95918e-09
0.0051948
-5.92642e-09
0.0051948
-4.17464e-09
0.0051948
-3.5568e-09
0.0051948
-1.50101e-09
0.0051948
-4.32534e-10
0.0051948
1.71335e-09
0.0051948
2.31911e-09
0.0051948
3.47746e-09
0.0051948
3.40039e-09
0.0051948
3.39528e-09
0.0051948
2.27545e-09
0.0051948
2.11119e-09
0.0051948
1.36266e-09
0.0051948
1.93354e-09
0.00519481
1.81214e-09
0.00519481
2.95556e-09
0.00519481
3.22793e-09
0.00519482
3.8715e-09
0.00519482
3.64667e-09
0.00519483
3.42e-09
0.00519484
2.78294e-09
0.00519486
2.09792e-09
0.00519489
1.28044e-09
0.00519493
6.57065e-10
0.00519498
-3.28391e-10
0.00519508
-1.17274e-09
0.00519524
-2.34001e-09
0.00519552
-2.87398e-09
0.00519625
-3.47913e-09
0.00519802
-3.44672e-09
0.00520399
-3.00425e-09
-2.2656e-09
0.00509969
-9.9697e-05
0.00516457
-6.48824e-05
0.00518412
-1.95482e-05
0.00518462
-5.01953e-07
0.00518327
1.3548e-06
0.00518368
-3.99191e-07
0.00518483
-1.15405e-06
0.00518625
-1.41577e-06
0.0051875
-1.24809e-06
0.00518859
-1.08767e-06
0.0051895
-9.04023e-07
0.00519026
-7.54133e-07
0.00519088
-6.27261e-07
0.00519141
-5.29523e-07
0.00519185
-4.4657e-07
0.00519223
-3.76941e-07
0.00519255
-3.21975e-07
0.00519283
-2.76526e-07
0.00519307
-2.3995e-07
0.00519327
-2.10763e-07
0.00519346
-1.86816e-07
0.00519362
-1.63636e-07
0.00519376
-1.43029e-07
0.00519389
-1.24163e-07
0.005194
-1.08654e-07
0.00519409
-9.50703e-08
0.00519418
-8.50858e-08
0.00519426
-7.546e-08
0.00519432
-6.69839e-08
0.00519438
-5.76245e-08
0.00519443
-5.06547e-08
0.00519448
-4.34088e-08
0.00519452
-3.83826e-08
0.00519456
-3.33583e-08
0.00519459
-2.98572e-08
0.00519462
-2.54737e-08
0.00519464
-2.30951e-08
0.00519466
-2.03795e-08
0.00519468
-1.95566e-08
0.0051947
-1.78351e-08
0.00519471
-1.79023e-08
0.00519472
-1.6466e-08
0.00519473
-1.59376e-08
0.00519474
-1.39826e-08
0.00519475
-1.34588e-08
0.00519476
-1.12122e-08
0.00519476
-1.03591e-08
0.00519477
-8.34952e-09
0.00519477
-7.3418e-09
0.00519478
-4.82797e-09
0.00519478
-3.95062e-09
0.00519478
-1.71834e-09
0.00519479
-1.06099e-09
0.00519479
1.02058e-09
0.00519479
1.59069e-09
0.00519479
3.23571e-09
0.00519479
3.30825e-09
0.0051948
4.49784e-09
0.0051948
3.68111e-09
0.0051948
3.71414e-09
0.0051948
2.01483e-09
0.0051948
9.77223e-10
0.0051948
-1.44333e-09
0.0051948
-2.69482e-09
0.0051948
-5.14503e-09
0.0051948
-5.7391e-09
0.0051948
-6.76461e-09
0.0051948
-6.3095e-09
0.0051948
-6.27184e-09
0.0051948
-4.44547e-09
0.0051948
-3.73322e-09
0.0051948
-1.6011e-09
0.0051948
-4.71639e-10
0.0051948
1.6906e-09
0.0051948
2.2988e-09
0.0051948
3.35627e-09
0.0051948
3.1658e-09
0.0051948
3.02007e-09
0.0051948
1.74227e-09
0.0051948
1.35882e-09
0.0051948
3.41226e-10
0.0051948
6.21111e-10
0.00519481
8.25561e-11
0.00519481
5.87453e-10
0.00519481
-1.85305e-11
0.00519482
-6.19517e-10
0.00519482
-2.63922e-09
0.00519483
-5.48375e-09
0.00519484
-9.85849e-09
0.00519486
-1.58316e-08
0.00519489
-2.47555e-08
0.00519493
-3.73272e-08
0.00519498
-5.9335e-08
0.00519508
-9.27917e-08
0.00519524
-1.67651e-07
0.00519552
-2.85974e-07
0.00519625
-7.31083e-07
0.00519802
-1.76721e-06
0.00520399
-5.97822e-06
-1.16141e-05
0.00510051
-0.000200207
0.00516499
-0.00012936
0.00518425
-3.88144e-05
0.00518477
-1.01614e-06
0.00518345
2.67372e-06
0.00518386
-8.10809e-07
0.005185
-2.29185e-06
0.00518639
-2.81266e-06
0.00518763
-2.48345e-06
0.00518871
-2.16303e-06
0.0051896
-1.79489e-06
0.00519034
-1.49917e-06
0.00519096
-1.24523e-06
0.00519148
-1.04663e-06
0.00519191
-8.8118e-07
0.00519228
-7.45666e-07
0.0051926
-6.37061e-07
0.00519287
-5.48069e-07
0.0051931
-4.7566e-07
0.00519331
-4.16428e-07
0.00519349
-3.66878e-07
0.00519365
-3.2172e-07
0.00519379
-2.821e-07
0.00519391
-2.46626e-07
0.00519402
-2.16666e-07
0.00519411
-1.9056e-07
0.0051942
-1.69441e-07
0.00519427
-1.49941e-07
0.00519434
-1.32744e-07
0.00519439
-1.15684e-07
0.00519444
-1.01774e-07
0.00519449
-8.84714e-08
0.00519453
-7.81739e-08
0.00519456
-6.84172e-08
0.00519459
-6.066e-08
0.00519462
-5.25559e-08
0.00519465
-4.67389e-08
0.00519467
-4.09964e-08
0.00519468
-3.75776e-08
0.0051947
-3.35855e-08
0.00519471
-3.15573e-08
0.00519472
-2.84421e-08
0.00519474
-2.63822e-08
0.00519474
-2.30762e-08
0.00519475
-2.13587e-08
0.00519476
-1.81639e-08
0.00519476
-1.63506e-08
0.00519477
-1.35082e-08
0.00519477
-1.18345e-08
0.00519478
-8.72568e-09
0.00519478
-7.21354e-09
0.00519478
-4.52779e-09
0.00519479
-3.51333e-09
0.00519479
-1.19667e-09
0.00519479
-3.37316e-10
0.00519479
1.44789e-09
0.00519479
1.70936e-09
0.0051948
3.08901e-09
0.0051948
2.5112e-09
0.0051948
2.7916e-09
0.0051948
1.31777e-09
0.0051948
4.85219e-10
0.0051948
-1.74517e-09
0.0051948
-2.92824e-09
0.0051948
-5.32331e-09
0.0051948
-5.97172e-09
0.0051948
-7.01377e-09
0.0051948
-6.57441e-09
0.0051948
-6.53507e-09
0.0051948
-4.65732e-09
0.0051948
-3.86688e-09
0.0051948
-1.68146e-09
0.0051948
-5.06984e-10
0.0051948
1.64444e-09
0.0051948
2.24407e-09
0.0051948
3.20254e-09
0.0051948
2.89849e-09
0.0051948
2.61235e-09
0.0051948
1.19884e-09
0.0051948
6.13011e-10
0.0051948
-6.6732e-10
0.0051948
-6.94498e-10
0.00519481
-1.63232e-09
0.00519481
-1.7639e-09
0.00519481
-3.24824e-09
0.00519482
-5.07599e-09
0.00519482
-8.85034e-09
0.00519483
-1.42477e-08
0.00519484
-2.22861e-08
0.00519486
-3.34098e-08
0.00519489
-5.02272e-08
0.00519492
-7.44089e-08
0.00519498
-1.16737e-07
0.00519507
-1.81589e-07
0.00519523
-3.27353e-07
0.0051955
-5.59399e-07
0.00519621
-1.43686e-06
0.00519793
-3.48715e-06
0.00520378
-1.18249e-05
-2.29964e-05
0.00510216
-0.000302369
0.00516582
-0.000193019
0.00518453
-5.75214e-05
0.00518506
-1.55052e-06
0.0051838
3.93391e-06
0.00518423
-1.239e-06
0.00518534
-3.39841e-06
0.00518669
-4.16922e-06
0.00518789
-3.67966e-06
0.00518893
-3.20401e-06
0.00518979
-2.65638e-06
0.00519051
-2.21937e-06
0.00519111
-1.84223e-06
0.00519161
-1.54595e-06
0.00519203
-1.30064e-06
0.00519238
-1.10139e-06
0.00519269
-9.40866e-07
0.00519295
-8.09744e-07
0.00519318
-7.02652e-07
0.00519337
-6.14337e-07
0.00519355
-5.40022e-07
0.0051937
-4.7359e-07
0.00519383
-4.15608e-07
0.00519395
-3.64126e-07
0.00519405
-3.20228e-07
0.00519414
-2.82052e-07
0.00519423
-2.50208e-07
0.0051943
-2.21191e-07
0.00519436
-1.95565e-07
0.00519441
-1.71125e-07
0.00519446
-1.50572e-07
0.00519451
-1.31451e-07
0.00519454
-1.16091e-07
0.00519458
-1.0181e-07
0.00519461
-8.99714e-08
0.00519463
-7.83036e-08
0.00519465
-6.9199e-08
0.00519467
-6.05428e-08
0.00519469
-5.46202e-08
0.00519471
-4.84778e-08
0.00519472
-4.44352e-08
0.00519473
-3.96964e-08
0.00519474
-3.61879e-08
0.00519475
-3.16023e-08
0.00519476
-2.8734e-08
0.00519476
-2.46656e-08
0.00519477
-2.1969e-08
0.00519477
-1.833e-08
0.00519478
-1.60188e-08
0.00519478
-1.23801e-08
0.00519478
-1.02868e-08
0.00519479
-7.16707e-09
0.00519479
-5.81669e-09
0.00519479
-3.30814e-09
0.00519479
-2.18895e-09
0.00519479
-2.7869e-10
0.00519479
1.62017e-10
0.0051948
1.69747e-09
0.0051948
1.34882e-09
0.0051948
1.87665e-09
0.0051948
6.28345e-10
0.0051948
9.33811e-13
0.0051948
-2.02082e-09
0.0051948
-3.11075e-09
0.0051948
-5.42889e-09
0.0051948
-6.11339e-09
0.0051948
-7.16198e-09
0.0051948
-6.74392e-09
0.0051948
-6.70398e-09
0.0051948
-4.80308e-09
0.0051948
-3.9506e-09
0.0051948
-1.74162e-09
0.0051948
-5.38716e-10
0.0051948
1.57551e-09
0.0051948
2.1547e-09
0.0051948
3.0147e-09
0.0051948
2.60733e-09
0.0051948
2.18319e-09
0.0051948
6.56851e-10
0.0051948
-1.09669e-10
0.0051948
-1.63465e-09
0.0051948
-1.98357e-09
0.00519481
-3.2984e-09
0.00519481
-4.0508e-09
0.00519481
-6.39336e-09
0.00519482
-9.41018e-09
0.00519482
-1.48639e-08
0.00519483
-2.26987e-08
0.00519484
-3.42482e-08
0.00519486
-5.02774e-08
0.00519488
-7.45749e-08
0.00519492
-1.09702e-07
0.00519497
-1.70981e-07
0.00519506
-2.64854e-07
0.0051952
-4.76073e-07
0.00519546
-8.13808e-07
0.00519612
-2.09954e-06
0.00519775
-5.12026e-06
0.00520335
-1.74153e-05
-3.39199e-05
0.00510468
-0.000407054
0.00516708
-0.000255415
0.00518494
-7.5385e-05
0.00518551
-2.11547e-06
0.00518433
5.10908e-06
0.00518478
-1.68947e-06
0.00518584
-4.45725e-06
0.00518714
-5.46477e-06
0.00518828
-4.81689e-06
0.00518926
-4.1933e-06
0.00519008
-3.47374e-06
0.00519077
-2.90228e-06
0.00519133
-2.40781e-06
0.0051918
-2.01865e-06
0.0051922
-1.69745e-06
0.00519254
-1.43768e-06
0.00519282
-1.22783e-06
0.00519307
-1.0567e-06
0.00519328
-9.16647e-07
0.00519347
-8.00696e-07
0.00519363
-7.02868e-07
0.00519378
-6.16243e-07
0.0051939
-5.40863e-07
0.00519401
-4.74252e-07
0.00519411
-4.17179e-07
0.00519419
-3.67601e-07
0.00519427
-3.25638e-07
0.00519434
-2.87646e-07
0.00519439
-2.54045e-07
0.00519445
-2.2268e-07
0.00519449
-1.95913e-07
0.00519453
-1.71343e-07
0.00519457
-1.51226e-07
0.0051946
-1.32723e-07
0.00519462
-1.17067e-07
0.00519465
-1.02069e-07
0.00519467
-8.99027e-08
0.00519469
-7.85174e-08
0.0051947
-7.02361e-08
0.00519471
-6.21102e-08
0.00519473
-5.61899e-08
0.00519474
-4.9921e-08
0.00519475
-4.50803e-08
0.00519475
-3.93254e-08
0.00519476
-3.5377e-08
0.00519477
-3.05232e-08
0.00519477
-2.70468e-08
0.00519477
-2.2678e-08
0.00519478
-1.97686e-08
0.00519478
-1.56761e-08
0.00519478
-1.30747e-08
0.00519479
-9.56165e-09
0.00519479
-7.90224e-09
0.00519479
-5.24602e-09
0.00519479
-3.90804e-09
0.00519479
-1.89325e-09
0.0051948
-1.28418e-09
0.0051948
3.70241e-10
0.0051948
2.31625e-10
0.0051948
9.94237e-10
0.0051948
-2.7974e-11
0.0051948
-4.58553e-10
0.0051948
-2.26176e-09
0.0051948
-3.23541e-09
0.0051948
-5.45528e-09
0.0051948
-6.15796e-09
0.0051948
-7.19981e-09
0.0051948
-6.81001e-09
0.0051948
-6.76919e-09
0.0051948
-4.87702e-09
0.0051948
-3.97909e-09
0.0051948
-1.7798e-09
0.0051948
-5.67947e-10
0.0051948
1.48483e-09
0.0051948
2.0326e-09
0.0051948
2.79221e-09
0.0051948
2.29901e-09
0.0051948
1.74544e-09
0.0051948
1.28397e-10
0.0051948
-7.94149e-10
0.0051948
-2.53481e-09
0.0051948
-3.2145e-09
0.00519481
-4.88161e-09
0.00519481
-6.22654e-09
0.00519481
-9.38669e-09
0.00519482
-1.35343e-08
0.00519482
-2.05584e-08
0.00519483
-3.06668e-08
0.00519484
-4.54985e-08
0.00519486
-6.60851e-08
0.00519488
-9.7262e-08
0.00519491
-1.42363e-07
0.00519496
-2.20611e-07
0.00519504
-3.40065e-07
0.00519517
-6.08816e-07
0.0051954
-1.04048e-06
0.00519599
-2.69891e-06
0.0051975
-6.62514e-06
0.00520271
-2.26238e-05
-4.41568e-05
0.00510813
-0.000515187
0.00516878
-0.00031606
0.00518551
-9.21149e-05
0.00518611
-2.72134e-06
0.00518505
6.17643e-06
0.00518552
-2.16492e-06
0.00518652
-5.45089e-06
0.00518773
-6.67809e-06
0.00518879
-5.87508e-06
0.00518971
-5.1134e-06
0.00519047
-4.23218e-06
0.0051911
-3.53544e-06
0.00519162
-2.93155e-06
0.00519206
-2.45597e-06
0.00519243
-2.06418e-06
0.00519274
-1.74819e-06
0.005193
-1.49249e-06
0.00519323
-1.28416e-06
0.00519343
-1.11346e-06
0.0051936
-9.71806e-07
0.00519375
-8.52127e-07
0.00519388
-7.46765e-07
0.00519399
-6.55264e-07
0.00519409
-5.74677e-07
0.00519418
-5.05442e-07
0.00519426
-4.4534e-07
0.00519433
-3.94056e-07
0.00519439
-3.47809e-07
0.00519444
-3.06853e-07
0.00519449
-2.69148e-07
0.00519453
-2.36722e-07
0.00519456
-2.07195e-07
0.00519459
-1.82727e-07
0.00519462
-1.6039e-07
0.00519465
-1.41265e-07
0.00519467
-1.23245e-07
0.00519469
-1.08314e-07
0.0051947
-9.44531e-08
0.00519471
-8.40116e-08
0.00519473
-7.41104e-08
0.00519474
-6.65004e-08
0.00519475
-5.88343e-08
0.00519475
-5.28063e-08
0.00519476
-4.60291e-08
0.00519477
-4.11008e-08
0.00519477
-3.55605e-08
0.00519477
-3.14276e-08
0.00519478
-2.64266e-08
0.00519478
-2.29724e-08
0.00519478
-1.85099e-08
0.00519479
-1.54883e-08
0.00519479
-1.16433e-08
0.00519479
-9.71032e-09
0.00519479
-6.94898e-09
0.00519479
-5.4422e-09
0.0051948
-3.34903e-09
0.0051948
-2.58547e-09
0.0051948
-8.48496e-10
0.0051948
-8.03424e-10
0.0051948
1.67814e-10
0.0051948
-6.2923e-10
0.0051948
-8.75716e-10
0.0051948
-2.45978e-09
0.0051948
-3.29746e-09
0.0051948
-5.39859e-09
0.0051948
-6.10183e-09
0.0051948
-7.12176e-09
0.0051948
-6.76702e-09
0.0051948
-6.72463e-09
0.0051948
-4.87462e-09
0.0051948
-3.94957e-09
0.0051948
-1.79302e-09
0.0051948
-5.95996e-10
0.0051948
1.37348e-09
0.0051948
1.88121e-09
0.0051948
2.53698e-09
0.0051948
1.97791e-09
0.0051948
1.31231e-09
0.0051948
-3.73997e-10
0.0051948
-1.42661e-09
0.0051948
-3.3454e-09
0.0051948
-4.35502e-09
0.00519481
-6.34781e-09
0.00519481
-8.2455e-09
0.00519481
-1.21626e-08
0.00519481
-1.73612e-08
0.00519482
-2.58152e-08
0.00519483
-3.79866e-08
0.00519484
-5.57997e-08
0.00519485
-8.04983e-08
0.00519487
-1.17785e-07
0.0051949
-1.71615e-07
0.00519494
-2.64313e-07
0.00519501
-4.04971e-07
0.00519512
-7.21149e-07
0.00519531
-1.23161e-06
0.00519583
-3.2163e-06
0.00519717
-7.96275e-06
0.00520187
-2.73271e-05
-5.34808e-05
0.00511259
-0.000627775
0.00517093
-0.000374406
0.00518623
-0.000107412
0.00518689
-3.37784e-06
0.00518595
7.11767e-06
0.00518645
-2.6641e-06
0.00518736
-6.36056e-06
0.00518846
-7.78717e-06
0.00518942
-6.83388e-06
0.00519026
-5.94665e-06
0.00519094
-4.91682e-06
0.00519151
-4.10638e-06
0.00519198
-3.40306e-06
0.00519238
-2.84921e-06
0.00519271
-2.3935e-06
0.00519299
-2.02668e-06
0.00519322
-1.72948e-06
0.00519343
-1.48747e-06
0.0051936
-1.28901e-06
0.00519375
-1.12409e-06
0.00519389
-9.84627e-07
0.005194
-8.62355e-07
0.0051941
-7.56324e-07
0.00519419
-6.63189e-07
0.00519427
-5.83047e-07
0.00519434
-5.13506e-07
0.0051944
-4.53885e-07
0.00519445
-4.00273e-07
0.00519449
-3.52746e-07
0.00519453
-3.09413e-07
0.00519457
-2.71998e-07
0.0051946
-2.38123e-07
0.00519463
-2.09807e-07
0.00519465
-1.84108e-07
0.00519467
-1.61942e-07
0.00519469
-1.41278e-07
0.00519471
-1.23943e-07
0.00519472
-1.07927e-07
0.00519473
-9.55774e-08
0.00519474
-8.4146e-08
0.00519475
-7.50793e-08
0.00519476
-6.61886e-08
0.00519476
-5.91416e-08
0.00519477
-5.15201e-08
0.00519477
-4.57444e-08
0.00519478
-3.96257e-08
0.00519478
-3.49719e-08
0.00519478
-2.94646e-08
0.00519479
-2.55357e-08
0.00519479
-2.07931e-08
0.00519479
-1.74493e-08
0.00519479
-1.33516e-08
0.00519479
-1.11914e-08
0.00519479
-8.36474e-09
0.0051948
-6.74459e-09
0.0051948
-4.60425e-09
0.0051948
-3.70511e-09
0.0051948
-1.91974e-09
0.0051948
-1.72167e-09
0.0051948
-5.80353e-10
0.0051948
-1.15768e-09
0.0051948
-1.23436e-09
0.0051948
-2.607e-09
0.0051948
-3.29448e-09
0.0051948
-5.25791e-09
0.0051948
-5.94428e-09
0.0051948
-6.92664e-09
0.0051948
-6.61212e-09
0.0051948
-6.5681e-09
0.0051948
-4.79262e-09
0.0051948
-3.86195e-09
0.0051948
-1.77783e-09
0.0051948
-6.23498e-10
0.0051948
1.2426e-09
0.0051948
1.70457e-09
0.0051948
2.25422e-09
0.0051948
1.6469e-09
0.0051948
8.95956e-10
0.0051948
-8.37615e-10
0.0051948
-1.99416e-09
0.0051948
-4.04823e-09
0.0051948
-5.37371e-09
0.0051948
-7.66293e-09
0.00519481
-1.00634e-08
0.00519481
-1.46577e-08
0.00519481
-2.08057e-08
0.00519482
-3.05199e-08
0.00519482
-4.44991e-08
0.00519483
-6.49261e-08
0.00519485
-9.32019e-08
0.00519486
-1.35682e-07
0.00519489
-1.96761e-07
0.00519492
-3.00947e-07
0.00519498
-4.57682e-07
0.00519507
-8.09367e-07
0.00519521
-1.38061e-06
0.00519563
-3.63521e-06
0.00519677
-9.09724e-06
0.00520085
-3.14065e-05
-6.16683e-05
0.00511815
-0.000745929
0.00517357
-0.00042982
0.00518712
-0.000120967
0.00518784
-4.09291e-06
0.00518704
7.91987e-06
0.00518755
-3.181e-06
0.00518836
-7.16605e-06
0.00518934
-8.76912e-06
0.00519018
-7.67258e-06
0.00519091
-6.67513e-06
0.0051915
-5.51276e-06
0.005192
-4.60265e-06
0.00519241
-3.81202e-06
0.00519275
-3.18976e-06
0.00519303
-2.67819e-06
0.00519327
-2.26701e-06
0.00519348
-1.93355e-06
0.00519365
-1.66213e-06
0.0051938
-1.43937e-06
0.00519393
-1.25411e-06
0.00519405
-1.09735e-06
0.00519414
-9.60358e-07
0.00519423
-8.41703e-07
0.0051943
-7.37712e-07
0.00519437
-6.48158e-07
0.00519443
-5.70465e-07
0.00519448
-5.03667e-07
0.00519452
-4.43745e-07
0.00519456
-3.90589e-07
0.00519459
-3.42466e-07
0.00519462
-3.00837e-07
0.00519464
-2.63329e-07
0.00519467
-2.31764e-07
0.00519468
-2.03251e-07
0.0051947
-1.78547e-07
0.00519472
-1.55681e-07
0.00519473
-1.36363e-07
0.00519474
-1.18572e-07
0.00519475
-1.04617e-07
0.00519476
-9.19337e-08
0.00519476
-8.16809e-08
0.00519477
-7.17765e-08
0.00519477
-6.38987e-08
0.00519478
-5.56345e-08
0.00519478
-4.91754e-08
0.00519478
-4.2597e-08
0.00519478
-3.75635e-08
0.00519479
-3.16988e-08
0.00519479
-2.73844e-08
0.00519479
-2.24557e-08
0.00519479
-1.88936e-08
0.00519479
-1.46362e-08
0.00519479
-1.23067e-08
0.00519479
-9.45211e-09
0.0051948
-7.77569e-09
0.0051948
-5.62325e-09
0.0051948
-4.61392e-09
0.0051948
-2.81167e-09
0.0051948
-2.49273e-09
0.0051948
-1.22929e-09
0.0051948
-1.5998e-09
0.0051948
-1.52114e-09
0.0051948
-2.69623e-09
0.0051948
-3.22644e-09
0.0051948
-5.03532e-09
0.0051948
-5.68774e-09
0.0051948
-6.61775e-09
0.0051948
-6.34573e-09
0.0051948
-6.30166e-09
0.0051948
-4.62947e-09
0.0051948
-3.71847e-09
0.0051948
-1.73134e-09
0.0051948
-6.49662e-10
0.0051948
1.09385e-09
0.0051948
1.50663e-09
0.0051948
1.9524e-09
0.0051948
1.30907e-09
0.0051948
5.05988e-10
0.0051948
-1.24996e-09
0.0051948
-2.48476e-09
0.0051948
-4.62934e-09
0.0051948
-6.2416e-09
0.0051948
-8.79352e-09
0.0051948
-1.16373e-08
0.00519481
-1.68119e-08
0.00519481
-2.3785e-08
0.00519481
-3.45635e-08
0.00519482
-5.00528e-08
0.00519483
-7.26657e-08
0.00519484
-1.03903e-07
0.00519485
-1.50541e-07
0.00519487
-2.17201e-07
0.0051949
-3.2959e-07
0.00519494
-4.96731e-07
0.005195
-8.70655e-07
0.0051951
-1.48235e-06
0.00519541
-3.94177e-06
0.00519631
-9.99676e-06
0.00519965
-3.47484e-05
-6.84993e-05
0.00512497
-0.000870898
0.00517671
-0.00048156
0.0051882
-0.000132454
0.00518897
-4.87088e-06
0.00518832
8.57601e-06
0.00518884
-3.70407e-06
0.00518952
-7.8456e-06
0.00519035
-9.59997e-06
0.00519105
-8.3701e-06
0.00519166
-7.28067e-06
0.00519215
-6.00499e-06
0.00519256
-5.01181e-06
0.00519289
-4.14821e-06
0.00519317
-3.46914e-06
0.0051934
-2.91114e-06
0.0051936
-2.46318e-06
0.00519377
-2.09964e-06
0.00519391
-1.80376e-06
0.00519403
-1.56079e-06
0.00519413
-1.3586e-06
0.00519422
-1.18744e-06
0.0051943
-1.03828e-06
0.00519437
-9.09221e-07
0.00519443
-7.96333e-07
0.00519448
-6.99093e-07
0.00519452
-6.14731e-07
0.00519456
-5.42091e-07
0.0051946
-4.77067e-07
0.00519462
-4.19374e-07
0.00519465
-3.67419e-07
0.00519467
-3.22451e-07
0.00519469
-2.82118e-07
0.00519471
-2.47992e-07
0.00519472
-2.17285e-07
0.00519473
-1.90614e-07
0.00519474
-1.66049e-07
0.00519475
-1.45218e-07
0.00519476
-1.26084e-07
0.00519476
-1.10876e-07
0.00519477
-9.72482e-08
0.00519477
-8.61089e-08
0.00519478
-7.54373e-08
0.00519478
-6.69335e-08
0.00519478
-5.82439e-08
0.00519478
-5.12939e-08
0.00519479
-4.43869e-08
0.00519479
-3.91148e-08
0.00519479
-3.3057e-08
0.00519479
-2.8466e-08
0.00519479
-2.34489e-08
0.00519479
-1.97745e-08
0.00519479
-1.5459e-08
0.00519479
-1.30281e-08
0.00519479
-1.01824e-08
0.00519479
-8.5051e-09
0.0051948
-6.37784e-09
0.0051948
-5.29056e-09
0.0051948
-3.50112e-09
0.0051948
-3.09237e-09
0.0051948
-1.75993e-09
0.0051948
-1.94578e-09
0.0051948
-1.72666e-09
0.0051948
-2.7216e-09
0.0051948
-3.0957e-09
0.0051948
-4.73582e-09
0.0051948
-5.33794e-09
0.0051948
-6.20296e-09
0.0051948
-5.97223e-09
0.0051948
-5.9316e-09
0.0051948
-4.38604e-09
0.0051948
-3.52316e-09
0.0051948
-1.65245e-09
0.0051948
-6.71831e-10
0.0051948
9.29984e-10
0.0051948
1.29086e-09
0.0051948
1.64231e-09
0.0051948
9.69269e-10
0.0051948
1.49251e-10
0.0051948
-1.59948e-09
0.0051948
-2.88748e-09
0.0051948
-5.07861e-09
0.0051948
-6.93359e-09
0.0051948
-9.70749e-09
0.0051948
-1.29264e-08
0.0051948
-1.85688e-08
0.0051948
-2.622e-08
0.00519481
-3.78438e-08
0.00519481
-5.45059e-08
0.00519482
-7.88223e-08
0.00519483
-1.12334e-07
0.00519484
-1.62001e-07
0.00519485
-2.32441e-07
0.00519487
-3.49548e-07
0.0051949
-5.21135e-07
0.00519493
-9.03225e-07
0.00519498
-1.53346e-06
0.00519517
-4.12541e-06
0.0051958
-1.06343e-05
0.0051983
-3.72466e-05
-7.37591e-05
0.00513321
-0.00100411
0.00518039
-0.000528739
0.00518946
-0.000141528
0.0051903
-5.70975e-06
0.00518979
9.08512e-06
0.00519031
-4.2157e-06
0.00519084
-8.37597e-06
0.00519149
-1.02546e-05
0.00519203
-8.90494e-06
0.00519249
-7.74483e-06
0.00519286
-6.37847e-06
0.00519317
-5.32145e-06
0.00519343
-4.40146e-06
0.00519364
-3.67897e-06
0.00519381
-3.08541e-06
0.00519396
-2.60938e-06
0.00519408
-2.2228e-06
0.00519418
-1.90819e-06
0.00519427
-1.64968e-06
0.00519435
-1.43449e-06
0.00519441
-1.25224e-06
0.00519447
-1.09383e-06
0.00519452
-9.56886e-07
0.00519456
-8.3732e-07
0.00519459
-7.34345e-07
0.00519462
-6.44994e-07
0.00519465
-5.68009e-07
0.00519467
-4.99237e-07
0.00519469
-4.38241e-07
0.00519471
-3.83529e-07
0.00519472
-3.36186e-07
0.00519473
-2.93917e-07
0.00519474
-2.58001e-07
0.00519475
-2.25783e-07
0.00519476
-1.97771e-07
0.00519476
-1.72066e-07
0.00519477
-1.50235e-07
0.00519477
-1.30235e-07
0.00519478
-1.14168e-07
0.00519478
-9.99299e-08
0.00519478
-8.82243e-08
0.00519478
-7.70624e-08
0.00519478
-6.81518e-08
0.00519478
-5.92609e-08
0.00519478
-5.20355e-08
0.00519478
-4.49454e-08
0.00519478
-3.95722e-08
0.00519479
-3.34927e-08
0.00519479
-2.87522e-08
0.00519479
-2.37469e-08
0.00519479
-2.00653e-08
0.00519479
-1.57964e-08
0.00519479
-1.33391e-08
0.00519479
-1.05406e-08
0.00519479
-8.91304e-09
0.00519479
-6.84893e-09
0.00519479
-5.72175e-09
0.00519479
-3.9743e-09
0.00519479
-3.50425e-09
0.00519479
-2.15634e-09
0.00519479
-2.1889e-09
0.00519479
-1.84621e-09
0.00519479
-2.67919e-09
0.00519479
-2.90688e-09
0.00519479
-4.36713e-09
0.00519479
-4.9039e-09
0.00519479
-5.6947e-09
0.00519479
-5.50052e-09
0.00519479
-5.46822e-09
0.00519479
-4.06651e-09
0.00519479
-3.28112e-09
0.00519479
-1.54275e-09
0.00519479
-6.85671e-10
0.00519479
7.55518e-10
0.00519479
1.06069e-09
0.00519479
1.33564e-09
0.00519479
6.3376e-10
0.00519479
-1.66677e-10
0.00519479
-1.87824e-09
0.00519479
-3.19276e-09
0.00519479
-5.38942e-09
0.00519479
-7.42947e-09
0.00519479
-1.03749e-08
0.00519479
-1.38924e-08
0.00519479
-1.98762e-08
0.00519479
-2.80361e-08
0.0051948
-4.02647e-08
0.0051948
-5.77278e-08
0.0051948
-8.32162e-08
0.00519481
-1.18256e-07
0.00519482
-1.69757e-07
0.00519483
-2.42103e-07
0.00519484
-3.60381e-07
0.00519485
-5.3043e-07
0.00519485
-9.06433e-07
0.00519485
-1.53255e-06
0.0051949
-4.17939e-06
0.00519526
-1.09883e-05
0.00519681
-3.88044e-05
-7.72394e-05
0.0051431
-0.00114721
0.00518465
-0.00057028
0.00519093
-0.000147817
0.00519182
-6.59756e-06
0.00519146
9.4516e-06
0.00519193
-4.69185e-06
0.00519229
-8.73256e-06
0.00519274
-1.07067e-05
0.00519309
-9.25516e-06
0.00519339
-8.04891e-06
0.00519363
-6.61813e-06
0.00519383
-5.51922e-06
0.00519399
-4.56176e-06
0.00519412
-3.81103e-06
0.00519423
-3.1942e-06
0.00519432
-2.69994e-06
0.0051944
-2.29831e-06
0.00519446
-1.97143e-06
0.00519452
-1.70266e-06
0.00519456
-1.47891e-06
0.0051946
-1.28931e-06
0.00519463
-1.1249e-06
0.00519465
-9.8291e-07
0.00519468
-8.59142e-07
0.00519469
-7.526e-07
0.00519471
-6.6013e-07
0.00519472
-5.80454e-07
0.00519473
-5.0943e-07
0.00519474
-4.46488e-07
0.00519475
-3.90206e-07
0.00519475
-3.41539e-07
0.00519476
-2.98287e-07
0.00519476
-2.61425e-07
0.00519476
-2.28435e-07
0.00519476
-1.9976e-07
0.00519477
-1.7352e-07
0.00519477
-1.51234e-07
0.00519477
-1.3088e-07
0.00519477
-1.14385e-07
0.00519477
-9.98912e-08
0.00519477
-8.7952e-08
0.00519477
-7.66e-08
0.00519477
-6.75144e-08
0.00519476
-5.86462e-08
0.00519476
-5.13743e-08
0.00519476
-4.42626e-08
0.00519476
-3.89206e-08
0.00519476
-3.29881e-08
0.00519476
-2.82403e-08
0.00519476
-2.33487e-08
0.00519476
-1.97601e-08
0.00519476
-1.56421e-08
0.00519476
-1.32354e-08
0.00519476
-1.05261e-08
0.00519476
-8.99122e-09
0.00519476
-7.02811e-09
0.00519476
-5.90253e-09
0.00519476
-4.22663e-09
0.00519476
-3.72107e-09
0.00519476
-2.40721e-09
0.00519476
-2.32522e-09
0.00519476
-1.87974e-09
0.00519476
-2.56771e-09
0.00519476
-2.66639e-09
0.00519476
-3.93973e-09
0.00519476
-4.39802e-09
0.00519476
-5.10957e-09
0.00519476
-4.94453e-09
0.00519476
-4.92548e-09
0.00519476
-3.67921e-09
0.00519476
-2.99813e-09
0.00519476
-1.40643e-09
0.00519476
-6.8669e-10
0.00519476
5.77795e-10
0.00519476
8.20462e-10
0.00519476
1.04285e-09
0.00519476
3.14393e-10
0.00519476
-4.38304e-10
0.00519476
-2.07989e-09
0.00519476
-3.39283e-09
0.00519476
-5.55812e-09
0.00519476
-7.71414e-09
0.00519476
-1.07692e-08
0.00519476
-1.45007e-08
0.00519476
-2.06884e-08
0.00519476
-2.91654e-08
0.00519476
-4.17369e-08
0.00519476
-5.96e-08
0.00519477
-8.56857e-08
0.00519477
-1.21456e-07
0.00519477
-1.7356e-07
0.00519478
-2.4592e-07
0.00519478
-3.619e-07
0.00519477
-5.24696e-07
0.00519475
-8.80864e-07
0.0051947
-1.48039e-06
0.00519462
-4.10143e-06
0.00519467
-1.10438e-05
0.00519521
-3.93372e-05
-7.87417e-05
0.00515491
-0.00130213
0.00518949
-0.000604855
0.00519259
-0.000150917
0.0051935
-7.50744e-06
0.00519327
9.68355e-06
0.00519368
-5.10198e-06
0.00519384
-8.88976e-06
0.00519406
-1.09284e-05
0.0051942
-9.39849e-06
0.00519433
-8.17394e-06
0.00519442
-6.70892e-06
0.00519449
-5.59284e-06
0.00519455
-4.6192e-06
0.00519459
-3.85726e-06
0.00519463
-3.23089e-06
0.00519466
-2.72939e-06
0.00519468
-2.32163e-06
0.0051947
-1.9897e-06
0.00519471
-1.71658e-06
0.00519473
-1.48919e-06
0.00519473
-1.29644e-06
0.00519474
-1.12962e-06
0.00519474
-9.85724e-07
0.00519474
-8.60483e-07
0.00519474
-7.5275e-07
0.00519474
-6.59222e-07
0.00519474
-5.78663e-07
0.00519474
-5.07011e-07
0.00519473
-4.43593e-07
0.00519473
-3.87031e-07
0.00519473
-3.3817e-07
0.00519472
-2.94944e-07
0.00519472
-2.58036e-07
0.00519472
-2.25066e-07
0.00519471
-1.96441e-07
0.00519471
-1.70312e-07
0.00519471
-1.4814e-07
0.0051947
-1.27965e-07
0.0051947
-1.11501e-07
0.0051947
-9.71226e-08
0.00519469
-8.52868e-08
0.00519469
-7.40597e-08
0.00519469
-6.50415e-08
0.00519469
-5.64144e-08
0.00519468
-4.93277e-08
0.00519468
-4.23724e-08
0.00519468
-3.71871e-08
0.00519468
-3.15584e-08
0.00519468
-2.69538e-08
0.00519468
-2.22792e-08
0.00519468
-1.88756e-08
0.00519468
-1.50083e-08
0.00519467
-1.27263e-08
0.00519467
-1.01529e-08
0.00519467
-8.74462e-09
0.00519467
-6.91825e-09
0.00519467
-5.8351e-09
0.00519467
-4.26135e-09
0.00519467
-3.74588e-09
0.00519467
-2.50692e-09
0.00519467
-2.35446e-09
0.00519467
-1.83057e-09
0.00519467
-2.3901e-09
0.00519467
-2.38159e-09
0.00519467
-3.46717e-09
0.00519467
-3.83574e-09
0.00519467
-4.46755e-09
0.00519467
-4.32299e-09
0.00519467
-4.32086e-09
0.00519467
-3.23646e-09
0.00519467
-2.68119e-09
0.00519467
-1.25086e-09
0.00519467
-6.68854e-10
0.00519467
4.07655e-10
0.00519467
5.7634e-10
0.00519467
7.68609e-10
0.00519467
2.86452e-11
0.00519467
-6.60879e-10
0.00519467
-2.20354e-09
0.00519467
-3.48076e-09
0.00519467
-5.58015e-09
0.00519467
-7.77709e-09
0.00519467
-1.08687e-08
0.00519467
-1.47202e-08
0.00519467
-2.09694e-08
0.00519467
-2.95485e-08
0.00519467
-4.21792e-08
0.00519467
-6.00174e-08
0.00519467
-8.60872e-08
0.00519467
-1.2175e-07
0.00519467
-1.73211e-07
0.00519467
-2.43738e-07
0.00519466
-3.54165e-07
0.00519464
-5.04547e-07
0.00519459
-8.2838e-07
0.00519449
-1.38011e-06
0.00519428
-3.8943e-06
0.00519403
-1.0793e-05
0.00519347
-3.87766e-05
-7.80795e-05
0.00516893
-0.00147106
0.00519487
-0.000630798
0.00519434
-0.000150379
0.00519522
-8.39155e-06
0.00519511
9.78931e-06
0.00519542
-5.40948e-06
0.00519535
-8.82158e-06
0.00519532
-1.08909e-05
0.00519523
-9.31235e-06
0.00519516
-8.10081e-06
0.00519508
-6.63586e-06
0.00519502
-5.53022e-06
0.00519497
-4.5641e-06
0.00519492
-3.80978e-06
0.00519488
-3.18907e-06
0.00519484
-2.69246e-06
0.00519481
-2.2884e-06
0.00519478
-1.95941e-06
0.00519475
-1.68849e-06
0.00519472
-1.46291e-06
0.0051947
-1.27162e-06
0.00519467
-1.10637e-06
0.00519465
-9.6399e-07
0.00519463
-8.40254e-07
0.00519461
-7.3391e-07
0.0051946
-6.41572e-07
0.00519458
-5.62084e-07
0.00519456
-4.91555e-07
0.00519455
-4.29228e-07
0.00519454
-3.73769e-07
0.00519452
-3.25915e-07
0.00519451
-2.8377e-07
0.0051945
-2.47761e-07
0.00519449
-2.15641e-07
0.00519448
-1.87804e-07
0.00519448
-1.62463e-07
0.00519447
-1.4099e-07
0.00519446
-1.21538e-07
0.00519446
-1.05579e-07
0.00519445
-9.16975e-08
0.00519445
-8.02988e-08
0.00519444
-6.95173e-08
0.00519444
-6.08169e-08
0.00519443
-5.26399e-08
0.00519443
-4.59617e-08
0.00519443
-3.93534e-08
0.00519442
-3.44457e-08
0.00519442
-2.92548e-08
0.00519442
-2.49404e-08
0.00519442
-2.05845e-08
0.00519442
-1.74521e-08
0.00519441
-1.39246e-08
0.00519441
-1.18387e-08
0.00519441
-9.44615e-09
0.00519441
-8.19722e-09
0.00519441
-6.53427e-09
0.00519441
-5.52453e-09
0.00519441
-4.09148e-09
0.00519441
-3.59062e-09
0.00519441
-2.45929e-09
0.00519441
-2.27884e-09
0.00519441
-1.70812e-09
0.00519441
-2.1517e-09
0.00519441
-2.06251e-09
0.00519441
-2.96438e-09
0.00519441
-3.2356e-09
0.00519441
-3.79044e-09
0.00519441
-3.65918e-09
0.00519441
-3.67414e-09
0.00519441
-2.75475e-09
0.00519441
-2.33505e-09
0.00519441
-1.082e-09
0.00519441
-6.32939e-10
0.00519441
2.5222e-10
0.00519441
3.39372e-10
0.00519441
5.22445e-10
0.00519441
-2.126e-10
0.00519441
-8.34478e-10
0.00519441
-2.2441e-09
0.00519441
-3.45409e-09
0.00519441
-5.43629e-09
0.00519441
-7.61564e-09
0.00519441
-1.06614e-08
0.00519441
-1.45209e-08
0.00519441
-2.06858e-08
0.0051944
-2.91304e-08
0.0051944
-4.15282e-08
0.0051944
-5.88878e-08
0.0051944
-8.42982e-08
0.0051944
-1.18985e-07
0.00519439
-1.68558e-07
0.00519439
-2.35496e-07
0.00519437
-3.37467e-07
0.00519434
-4.71108e-07
0.00519426
-7.52128e-07
0.00519412
-1.23733e-06
0.00519379
-3.56644e-06
0.00519323
-1.02359e-05
0.00519153
-3.70753e-05
-7.50845e-05
0.00518536
-0.00165642
0.00520052
-0.000645961
0.00519584
-0.000145697
0.00519663
-9.17433e-06
0.00519664
9.77128e-06
0.00519681
-5.57273e-06
0.00519649
-8.50257e-06
0.00519616
-1.05643e-05
0.00519582
-8.97422e-06
0.00519553
-7.81044e-06
0.00519528
-6.38429e-06
0.00519507
-5.31949e-06
0.00519489
-4.38704e-06
0.00519475
-3.66096e-06
0.00519462
-3.06256e-06
0.00519451
-2.58409e-06
0.00519442
-2.19452e-06
0.00519433
-1.87721e-06
0.00519426
-1.61566e-06
0.0051942
-1.39784e-06
0.00519414
-1.21309e-06
0.00519408
-1.05374e-06
0.00519404
-9.1661e-07
0.00519399
-7.97607e-07
0.00519396
-6.95427e-07
0.00519392
-6.06708e-07
0.00519389
-5.30394e-07
0.00519386
-4.62863e-07
0.00519383
-4.0328e-07
0.00519381
-3.5038e-07
0.00519379
-3.048e-07
0.00519377
-2.64826e-07
0.00519375
-2.3069e-07
0.00519374
-2.00281e-07
0.00519372
-1.73988e-07
0.00519371
-1.50128e-07
0.0051937
-1.29943e-07
0.00519369
-1.11753e-07
0.00519368
-9.67754e-08
0.00519367
-8.3777e-08
0.00519367
-7.31408e-08
0.00519366
-6.31196e-08
0.00519365
-5.49931e-08
0.00519365
-4.74595e-08
0.00519364
-4.1391e-08
0.00519364
-3.53164e-08
0.00519364
-3.08181e-08
0.00519363
-2.61706e-08
0.00519363
-2.22597e-08
0.00519363
-1.83261e-08
0.00519363
-1.55512e-08
0.00519363
-1.24422e-08
0.00519362
-1.06079e-08
0.00519362
-8.4472e-09
0.00519362
-7.37602e-09
0.00519362
-5.90554e-09
0.00519362
-5.00378e-09
0.00519362
-3.73916e-09
0.00519362
-3.27744e-09
0.00519362
-2.27685e-09
0.00519362
-2.10587e-09
0.00519362
-1.52369e-09
0.00519362
-1.86298e-09
0.00519362
-1.71994e-09
0.00519362
-2.44884e-09
0.00519362
-2.61902e-09
0.00519362
-3.10148e-09
0.00519362
-2.97965e-09
0.00519362
-3.00823e-09
0.00519361
-2.2535e-09
0.00519361
-1.96723e-09
0.00519361
-9.06912e-10
0.00519361
-5.78534e-10
0.00519361
1.20627e-10
0.00519361
1.23156e-10
0.00519361
3.07707e-10
0.00519361
-3.96975e-10
0.00519361
-9.52167e-10
0.00519361
-2.20181e-09
0.00519361
-3.31097e-09
0.00519361
-5.14145e-09
0.00519361
-7.22686e-09
0.00519361
-1.01342e-08
0.00519361
-1.38837e-08
0.00519361
-1.97587e-08
0.00519361
-2.78523e-08
0.00519361
-3.97336e-08
0.00519361
-5.61293e-08
0.0051936
-8.02263e-08
0.0051936
-1.13044e-07
0.00519359
-1.59499e-07
0.00519357
-2.21219e-07
0.00519355
-3.12296e-07
0.0051935
-4.25976e-07
0.00519341
-6.56505e-07
0.00519323
-1.06026e-06
0.0051928
-3.13253e-06
0.00519194
-9.38132e-06
0.00518908
-3.42151e-05
-6.9616e-05
0.00520393
-0.00186035
0.00520546
-0.000647485
0.00519606
-0.000136301
0.00519663
-9.74719e-06
0.00519679
9.61587e-06
0.00519677
-5.54749e-06
0.00519617
-7.90958e-06
0.00519553
-9.91828e-06
0.00519491
-8.36232e-06
0.00519439
-7.2843e-06
0.00519394
-5.94021e-06
0.00519357
-4.94937e-06
0.00519327
-4.07909e-06
0.00519301
-3.40362e-06
0.00519279
-2.84553e-06
0.00519261
-2.39952e-06
0.00519245
-2.03612e-06
0.00519231
-1.73999e-06
0.00519219
-1.49564e-06
0.00519209
-1.29205e-06
0.00519199
-1.11936e-06
0.00519191
-9.70594e-07
0.00519183
-8.42744e-07
0.00519177
-7.31948e-07
0.00519171
-6.369e-07
0.00519166
-5.54405e-07
0.00519161
-4.83501e-07
0.00519157
-4.20991e-07
0.00519153
-3.65865e-07
0.0051915
-3.17031e-07
0.00519147
-2.75047e-07
0.00519144
-2.38366e-07
0.00519142
-2.07091e-07
0.0051914
-1.79274e-07
0.00519138
-1.55283e-07
0.00519136
-1.33598e-07
0.00519135
-1.15289e-07
0.00519133
-9.88801e-08
0.00519132
-8.53501e-08
0.00519131
-7.36124e-08
0.0051913
-6.40511e-08
0.00519129
-5.50843e-08
0.00519129
-4.77878e-08
0.00519128
-4.10792e-08
0.00519128
-3.5752e-08
0.00519127
-3.03966e-08
0.00519127
-2.64478e-08
0.00519126
-2.24281e-08
0.00519126
-1.90436e-08
0.00519126
-1.56235e-08
0.00519125
-1.32601e-08
0.00519125
-1.06311e-08
0.00519125
-9.09033e-09
0.00519125
-7.20845e-09
0.00519125
-6.32884e-09
0.00519125
-5.07388e-09
0.00519125
-4.3097e-09
0.00519125
-3.23615e-09
0.00519125
-2.83661e-09
0.00519125
-1.98137e-09
0.00519124
-1.84797e-09
0.00519124
-1.29128e-09
0.00519124
-1.5384e-09
0.00519124
-1.3662e-09
0.00519124
-1.93927e-09
0.00519124
-2.01042e-09
0.00519124
-2.42461e-09
0.00519124
-2.31257e-09
0.00519124
-2.34836e-09
0.00519124
-1.75428e-09
0.00519124
-1.58765e-09
0.00519124
-7.31407e-10
0.00519124
-5.0697e-10
0.00519124
2.07696e-11
0.00519124
-5.68106e-11
0.00519124
1.28133e-10
0.00519124
-5.15026e-10
0.00519124
-1.00559e-09
0.00519124
-2.07685e-09
0.00519124
-3.05432e-09
0.00519124
-4.69542e-09
0.00519124
-6.61369e-09
0.00519124
-9.28528e-09
0.00519124
-1.27916e-08
0.00519123
-1.821e-08
0.00519123
-2.57046e-08
0.00519123
-3.66052e-08
0.00519122
-5.16988e-08
0.00519122
-7.38065e-08
0.00519121
-1.03842e-07
0.0051912
-1.45972e-07
0.00519118
-2.00993e-07
0.00519114
-2.79278e-07
0.00519109
-3.71147e-07
0.00519098
-5.47028e-07
0.00519078
-8.59847e-07
0.00519026
-2.61461e-06
0.00518913
-8.24801e-06
0.00518513
-3.02188e-05
-6.15787e-05
0.00522258
-0.00208293
0.00520653
-0.000631436
0.0051918
-0.000121577
0.00519202
-9.96581e-06
0.00519236
9.27815e-06
0.0051921
-5.29108e-06
0.00519122
-7.02486e-06
0.00519023
-8.92373e-06
0.00518932
-7.45765e-06
0.00518854
-6.50571e-06
0.00518789
-5.29145e-06
0.00518735
-4.40983e-06
0.00518691
-3.63232e-06
0.00518654
-3.03165e-06
0.00518622
-2.53278e-06
0.00518596
-2.1345e-06
0.00518573
-1.80982e-06
0.00518554
-1.54504e-06
0.00518537
-1.32632e-06
0.00518522
-1.14395e-06
0.00518509
-9.89269e-07
0.00518497
-8.56143e-07
0.00518487
-7.41883e-07
0.00518478
-6.43004e-07
0.00518471
-5.58245e-07
0.00518464
-4.84733e-07
0.00518457
-4.21577e-07
0.00518452
-3.66216e-07
0.00518447
-3.1732e-07
0.00518443
-2.74122e-07
0.00518439
-2.37105e-07
0.00518436
-2.04858e-07
0.00518433
-1.77435e-07
0.0051843
-1.53088e-07
0.00518428
-1.32151e-07
0.00518426
-1.13319e-07
0.00518424
-9.74564e-08
0.00518422
-8.33154e-08
0.00518421
-7.16674e-08
0.0051842
-6.15501e-08
0.00518419
-5.335e-08
0.00518418
-4.57021e-08
0.00518417
-3.94717e-08
0.00518416
-3.37596e-08
0.00518415
-2.93152e-08
0.00518415
-2.48172e-08
0.00518414
-2.14945e-08
0.00518414
-1.81986e-08
0.00518414
-1.54388e-08
0.00518413
-1.26099e-08
0.00518413
-1.06934e-08
0.00518413
-8.58267e-09
0.00518413
-7.36184e-09
0.00518412
-5.79818e-09
0.00518412
-5.11844e-09
0.00518412
-4.09434e-09
0.00518412
-3.48892e-09
0.00518412
-2.62224e-09
0.00518412
-2.30476e-09
0.00518412
-1.60324e-09
0.00518412
-1.52279e-09
0.00518412
-1.02717e-09
0.00518412
-1.19614e-09
0.00518412
-1.01547e-09
0.00518412
-1.45451e-09
0.00518412
-1.43668e-09
0.00518412
-1.78428e-09
0.00518412
-1.68584e-09
0.00518412
-1.72124e-09
0.00518411
-1.2793e-09
0.00518411
-1.20891e-09
0.00518411
-5.59649e-10
0.00518411
-4.21255e-10
0.00518411
-4.26513e-11
0.00518411
-1.85366e-10
0.00518411
-1.0759e-11
0.00518411
-5.62173e-10
0.00518411
-9.86417e-10
0.00518411
-1.8687e-09
0.00518411
-2.68774e-09
0.00518411
-4.09849e-09
0.00518411
-5.7811e-09
0.00518411
-8.12117e-09
0.00518411
-1.12463e-08
0.00518411
-1.60358e-08
0.0051841
-2.2597e-08
0.0051841
-3.22551e-08
0.00518409
-4.55426e-08
0.00518408
-6.49792e-08
0.00518407
-9.13138e-08
0.00518405
-1.27939e-07
0.00518403
-1.74937e-07
0.00518399
-2.39073e-07
0.00518393
-3.08761e-07
0.00518381
-4.29949e-07
0.0051836
-6.49206e-07
0.00518303
-2.04393e-06
0.00518165
-6.86873e-06
0.0051766
-2.51736e-05
-5.09457e-05
0.00523327
-0.0023162
0.00519416
-0.000592323
0.0051735
-0.00010092
0.00517317
-9.64007e-06
0.00517379
8.65946e-06
0.00517327
-4.76582e-06
0.00517208
-5.8421e-06
0.00517072
-7.55863e-06
0.00516951
-6.24876e-06
0.00516847
-5.46355e-06
0.00516761
-4.43053e-06
0.00516689
-3.69443e-06
0.0051663
-3.04129e-06
0.00516581
-2.54066e-06
0.0051654
-2.12046e-06
0.00516505
-1.78613e-06
0.00516475
-1.51334e-06
0.0051645
-1.29066e-06
0.00516428
-1.10646e-06
0.00516409
-9.52731e-07
0.00516392
-8.22349e-07
0.00516377
-7.10228e-07
0.00516365
-6.14115e-07
0.00516353
-5.31054e-07
0.00516344
-4.599e-07
0.00516335
-3.98246e-07
0.00516327
-3.45307e-07
0.00516321
-2.98928e-07
0.00516315
-2.58248e-07
0.00516309
-2.22404e-07
0.00516305
-1.91721e-07
0.00516301
-1.65053e-07
0.00516297
-1.42447e-07
0.00516294
-1.2243e-07
0.00516292
-1.05269e-07
0.00516289
-8.99218e-08
0.00516287
-7.70366e-08
0.00516285
-6.56041e-08
0.00516284
-5.62202e-08
0.00516283
-4.80489e-08
0.00516281
-4.14592e-08
0.0051628
-3.53529e-08
0.00516279
-3.03878e-08
0.00516279
-2.58305e-08
0.00516278
-2.23692e-08
0.00516277
-1.88414e-08
0.00516277
-1.62376e-08
0.00516276
-1.37004e-08
0.00516276
-1.16206e-08
0.00516276
-9.44065e-09
0.00516275
-7.98895e-09
0.00516275
-6.4104e-09
0.00516275
-5.51866e-09
0.00516275
-4.30144e-09
0.00516275
-3.82193e-09
0.00516274
-3.03598e-09
0.00516274
-2.59994e-09
0.00516274
-1.94645e-09
0.00516274
-1.7238e-09
0.00516274
-1.18055e-09
0.00516274
-1.15401e-09
0.00516274
-7.49744e-10
0.00516274
-8.57428e-10
0.00516274
-6.84554e-10
0.00516274
-1.01252e-09
0.00516274
-9.25956e-10
0.00516274
-1.20545e-09
0.00516274
-1.12557e-09
0.00516274
-1.15426e-09
0.00516274
-8.50283e-10
0.00516274
-8.46705e-10
0.00516274
-3.95214e-10
0.00516274
-3.25525e-10
0.00516274
-6.93082e-11
0.00516274
-2.5101e-10
0.00516274
-1.0212e-10
0.00516274
-5.38821e-10
0.00516274
-8.88196e-10
0.00516274
-1.57687e-09
0.00516274
-2.21701e-09
0.00516273
-3.35666e-09
0.00516273
-4.73938e-09
0.00516273
-6.65908e-09
0.00516273
-9.26345e-09
0.00516273
-1.32399e-08
0.00516272
-1.86409e-08
0.00516272
-2.66761e-08
0.00516271
-3.76724e-08
0.0051627
-5.3743e-08
0.00516268
-7.5467e-08
0.00516266
-1.0545e-07
0.00516263
-1.43261e-07
0.00516258
-1.92538e-07
0.00516251
-2.40555e-07
0.0051624
-3.11919e-07
0.00516219
-4.42032e-07
0.0051616
-1.45959e-06
0.00516004
-5.30176e-06
0.00515415
-1.92894e-05
-3.78146e-05
0.00520988
-0.00252608
0.00513955
-0.000521994
0.00511247
-7.38397e-05
0.00511134
-8.50553e-06
0.00511242
7.57339e-06
0.00511159
-3.93562e-06
0.00511013
-4.3802e-06
0.0051084
-5.82408e-06
0.00510689
-4.74178e-06
0.00510559
-4.16277e-06
0.00510452
-3.36205e-06
0.00510363
-2.80701e-06
0.0051029
-2.30902e-06
0.00510229
-1.92901e-06
0.00510178
-1.60989e-06
0.00510135
-1.35572e-06
0.00510098
-1.14787e-06
0.00510067
-9.78022e-07
0.0051004
-8.37304e-07
0.00510017
-7.19706e-07
0.00509997
-6.1999e-07
0.00509979
-5.34296e-07
0.00509964
-4.60924e-07
0.0050995
-3.97598e-07
0.00509939
-3.43377e-07
0.00509929
-2.96446e-07
0.0050992
-2.56159e-07
0.00509912
-2.20936e-07
0.00509905
-1.90218e-07
0.00509899
-1.63238e-07
0.00509894
-1.40191e-07
0.00509889
-1.20185e-07
0.00509886
-1.03294e-07
0.00509882
-8.83843e-08
0.00509879
-7.56497e-08
0.00509877
-6.43322e-08
0.00509874
-5.48746e-08
0.00509872
-4.65126e-08
0.00509871
-3.96917e-08
0.00509869
-3.37295e-08
0.00509868
-2.89477e-08
0.00509867
-2.45451e-08
0.00509866
-2.09895e-08
0.00509865
-1.77068e-08
0.00509865
-1.52846e-08
0.00509864
-1.27956e-08
0.00509863
-1.09723e-08
0.00509863
-9.20322e-09
0.00509863
-7.80696e-09
0.00509862
-6.30218e-09
0.00509862
-5.31318e-09
0.00509862
-4.25314e-09
0.00509862
-3.67997e-09
0.00509861
-2.82201e-09
0.00509861
-2.53168e-09
0.00509861
-1.98268e-09
0.00509861
-1.71281e-09
0.00509861
-1.26815e-09
0.00509861
-1.14093e-09
0.00509861
-7.57731e-10
0.00509861
-7.72303e-10
0.00509861
-4.79928e-10
0.00509861
-5.45247e-10
0.00509861
-3.93762e-10
0.00509861
-6.29878e-10
0.00509861
-5.06143e-10
0.00509861
-7.13477e-10
0.00509861
-6.55609e-10
0.0050986
-6.74581e-10
0.0050986
-4.88387e-10
0.0050986
-5.2026e-10
0.0050986
-2.43464e-10
0.0050986
-2.25224e-10
0.0050986
-6.42925e-11
0.0050986
-2.49583e-10
0.0050986
-1.39874e-10
0.0050986
-4.50194e-10
0.0050986
-7.10343e-10
0.0050986
-1.20421e-09
0.0050986
-1.65395e-09
0.0050986
-2.48727e-09
0.0050986
-3.51342e-09
0.0050986
-4.9374e-09
0.0050986
-6.89207e-09
0.00509859
-9.88533e-09
0.00509859
-1.39138e-08
0.00509858
-1.99617e-08
0.00509857
-2.82109e-08
0.00509856
-4.02596e-08
0.00509854
-5.65136e-08
0.00509851
-7.88087e-08
0.00509848
-1.06458e-07
0.00509842
-1.40742e-07
0.00509835
-1.69799e-07
0.00509824
-2.00856e-07
0.00509806
-2.57087e-07
0.00509749
-8.91773e-07
0.00509584
-3.64836e-06
0.00508957
-1.30253e-05
-2.27387e-05
0.00507199
-0.00259807
0.00495541
-0.000405417
0.00492273
-4.11623e-05
0.00492048
-6.25106e-06
0.00492232
5.7364e-06
0.00492117
-2.78987e-06
0.00491951
-2.71654e-06
0.00491745
-3.76183e-06
0.0049157
-2.99576e-06
0.00491418
-2.64673e-06
0.00491295
-2.12549e-06
0.00491192
-1.77793e-06
0.00491107
-1.46076e-06
0.00491036
-1.22151e-06
0.00490977
-1.01848e-06
0.00490927
-8.57658e-07
0.00490885
-7.25686e-07
0.00490849
-6.17701e-07
0.00490818
-5.28072e-07
0.00490791
-4.53065e-07
0.00490768
-3.89483e-07
0.00490748
-3.34874e-07
0.00490731
-2.88174e-07
0.00490716
-2.47915e-07
0.00490703
-2.13458e-07
0.00490692
-1.83667e-07
0.00490682
-1.5811e-07
0.00490674
-1.35824e-07
0.00490666
-1.16484e-07
0.0049066
-9.95486e-08
0.00490654
-8.51358e-08
0.0049065
-7.26282e-08
0.00490645
-6.21166e-08
0.00490642
-5.28751e-08
0.00490639
-4.50191e-08
0.00490636
-3.808e-08
0.00490634
-3.23222e-08
0.00490632
-2.7239e-08
0.0049063
-2.31312e-08
0.00490629
-1.95211e-08
0.00490628
-1.66463e-08
0.00490627
-1.40129e-08
0.00490626
-1.19163e-08
0.00490625
-9.95696e-09
0.00490624
-8.56351e-09
0.00490624
-7.11209e-09
0.00490623
-6.06991e-09
0.00490623
-5.04453e-09
0.00490622
-4.27941e-09
0.00490622
-3.42816e-09
0.00490622
-2.87355e-09
0.00490622
-2.28575e-09
0.00490621
-1.99508e-09
0.00490621
-1.48916e-09
0.00490621
-1.35902e-09
0.00490621
-1.03619e-09
0.00490621
-9.10525e-10
0.00490621
-6.58636e-10
0.00490621
-6.10878e-10
0.00490621
-3.84472e-10
0.00490621
-4.16941e-10
0.00490621
-2.43184e-10
0.00490621
-2.83011e-10
0.00490621
-1.67651e-10
0.00490621
-3.21905e-10
0.00490621
-2.03195e-10
0.00490621
-3.33764e-10
0.00490621
-2.98495e-10
0.0049062
-3.08668e-10
0.0049062
-2.14817e-10
0.0049062
-2.5294e-10
0.0049062
-1.15181e-10
0.0049062
-1.28506e-10
0.0049062
-3.94219e-11
0.0049062
-1.87856e-10
0.0049062
-1.23436e-10
0.0049062
-3.07978e-10
0.0049062
-4.65526e-10
0.0049062
-7.66394e-10
0.0049062
-1.02727e-09
0.0049062
-1.53413e-09
0.0049062
-2.16552e-09
0.0049062
-3.04504e-09
0.0049062
-4.25802e-09
0.00490619
-6.13599e-09
0.00490619
-8.63501e-09
0.00490618
-1.24224e-08
0.00490617
-1.75743e-08
0.00490615
-2.51014e-08
0.00490613
-3.52302e-08
0.0049061
-4.9067e-08
0.00490606
-6.59565e-08
0.00490601
-8.58693e-08
0.00490594
-9.99632e-08
0.00490584
-1.04905e-07
0.00490569
-1.11512e-07
0.00490522
-4.17488e-07
0.0049036
-2.0283e-06
0.00489776
-7.18232e-06
-7.90986e-06
0.00456761
-0.00216568
0.00437532
-0.000213131
0.00434651
-1.23548e-05
0.00434276
-2.49428e-06
0.00434577
2.72175e-06
0.00434425
-1.26676e-06
0.00434263
-1.09624e-06
0.00434043
-1.56523e-06
0.00433865
-1.21635e-06
0.00433709
-1.07978e-06
0.00433582
-8.6133e-07
0.00433476
-7.21522e-07
0.0043339
-5.91709e-07
0.00433317
-4.94735e-07
0.00433256
-4.12389e-07
0.00433205
-3.47141e-07
0.00433162
-2.93474e-07
0.00433125
-2.4951e-07
0.00433094
-2.12948e-07
0.00433067
-1.82312e-07
0.00433043
-1.56356e-07
0.00433023
-1.34085e-07
0.00433006
-1.15065e-07
0.00432991
-9.86846e-08
0.00432978
-8.4672e-08
0.00432967
-7.25693e-08
0.00432957
-6.21996e-08
0.00432949
-5.31819e-08
0.00432942
-4.53963e-08
0.00432936
-3.86007e-08
0.00432931
-3.28463e-08
0.00432926
-2.78513e-08
0.00432922
-2.36754e-08
0.00432919
-2.00237e-08
0.00432916
-1.69391e-08
0.00432914
-1.42315e-08
0.00432912
-1.20072e-08
0.0043291
-1.00436e-08
0.00432909
-8.47576e-09
0.00432907
-7.08962e-09
0.00432906
-5.99514e-09
0.00432905
-4.99777e-09
0.00432905
-4.22169e-09
0.00432904
-3.48393e-09
0.00432903
-2.98316e-09
0.00432903
-2.45016e-09
0.00432902
-2.082e-09
0.00432902
-1.70644e-09
0.00432902
-1.44617e-09
0.00432902
-1.14851e-09
0.00432901
-9.54058e-10
0.00432901
-7.4927e-10
0.00432901
-6.64898e-10
0.00432901
-4.74396e-10
0.00432901
-4.46732e-10
0.00432901
-3.24887e-10
0.00432901
-2.95337e-10
0.00432901
-2.05159e-10
0.00432901
-2.01035e-10
0.00432901
-1.16756e-10
0.00432901
-1.38152e-10
0.00432901
-7.36137e-11
0.00432901
-9.33353e-11
0.00432901
-3.50581e-11
0.00432901
-1.03758e-10
0.004329
-3.86871e-11
0.004329
-9.07225e-11
0.004329
-7.69751e-11
0.004329
-8.07719e-11
0.004329
-5.13094e-11
0.004329
-7.2231e-11
0.004329
-3.047e-11
0.004329
-4.82497e-11
0.004329
-1.51978e-11
0.004329
-8.81531e-11
0.004329
-6.64221e-11
0.004329
-1.37688e-10
0.004329
-1.957e-10
0.004329
-3.1526e-10
0.004329
-4.11994e-10
0.004329
-6.08359e-10
0.004329
-8.55564e-10
0.004329
-1.2036e-09
0.00432899
-1.68202e-09
0.00432899
-2.43565e-09
0.00432899
-3.42773e-09
0.00432898
-4.94314e-09
0.00432897
-7.00074e-09
0.00432895
-1.00093e-08
0.00432893
-1.40443e-08
0.0043289
-1.9543e-08
0.00432886
-2.61512e-08
0.00432881
-3.35579e-08
0.00432875
-3.7568e-08
0.00432868
-3.35149e-08
0.00432859
-2.27487e-08
0.00432827
-1.01646e-07
0.00432694
-6.96037e-07
0.00432236
-2.60244e-06
1.19032e-06
0.00283432
0.00262119
0.00260884
0.00260634
0.00260906
0.0026078
0.0026067
0.00260514
0.00260392
0.00260284
0.00260198
0.00260126
0.00260067
0.00260017
0.00259976
0.00259941
0.00259912
0.00259887
0.00259866
0.00259847
0.00259832
0.00259818
0.00259807
0.00259797
0.00259788
0.00259781
0.00259775
0.0025977
0.00259765
0.00259761
0.00259758
0.00259755
0.00259753
0.00259751
0.00259749
0.00259748
0.00259746
0.00259745
0.00259745
0.00259744
0.00259743
0.00259743
0.00259742
0.00259742
0.00259742
0.00259741
0.00259741
0.00259741
0.00259741
0.00259741
0.00259741
0.00259741
0.00259741
0.00259741
0.0025974
0.0025974
0.0025974
0.0025974
0.0025974
0.0025974
0.0025974
0.0025974
0.0025974
0.0025974
0.0025974
0.0025974
0.0025974
0.0025974
0.0025974
0.0025974
0.0025974
0.0025974
0.0025974
0.0025974
0.0025974
0.0025974
0.0025974
0.0025974
0.0025974
0.0025974
0.0025974
0.0025974
0.0025974
0.0025974
0.00259739
0.00259739
0.00259739
0.00259738
0.00259737
0.00259735
0.00259733
0.00259731
0.00259728
0.00259724
0.0025972
0.00259718
0.00259708
0.00259638
0.00259378
)
;

boundaryField
{
    inlet
    {
        type            calculated;
        value           nonuniform List<scalar> 
40
(
-0.005
-0.005
-0.005
-0.005
-0.005
-0.005
-0.005
-0.005
-0.005
-0.005
-0.005
-0.005
-0.005
-0.005
-0.005
-0.005
-0.005
-0.005
-0.005
-0.005
-0.005
-0.005
-0.005
-0.005
-0.005
-0.005
-0.005
-0.005
-0.005
-0.005
-0.005
-0.005
-0.005
-0.005
-0.005
-0.005
-0.005
-0.005
-0.005
-0.005
)
;
    }
    outlet
    {
        type            calculated;
        value           nonuniform List<scalar> 
40
(
0.00259497
0.00431326
0.00488293
0.00507449
0.00514102
0.00516597
0.00517709
0.00518361
0.00518853
0.00519281
0.00519671
0.00520029
0.00520356
0.00520648
0.00520903
0.00521119
0.00521294
0.00521427
0.00521516
0.0052156
0.0052156
0.00521516
0.00521427
0.00521294
0.0052112
0.00520904
0.00520648
0.00520356
0.00520029
0.00519671
0.00519281
0.00518853
0.00518361
0.00517709
0.00516597
0.00514102
0.0050745
0.00488293
0.00431326
0.00259497
)
;
    }
    lowerWall
    {
        type            calculated;
        value           uniform 0;
    }
    upperWall
    {
        type            calculated;
        value           uniform 0;
    }
    frontAndBack
    {
        type            empty;
        value           nonuniform 0();
    }
}


// ************************************************************************* //
