/*--------------------------------*- C++ -*----------------------------------*\
  =========                 |
  \\      /  F ield         | OpenFOAM: The Open Source CFD Toolbox
   \\    /   O peration     | Website:  https://openfoam.org
    \\  /    A nd           | Version:  7
     \\/     M anipulation  |
\*---------------------------------------------------------------------------*/
FoamFile
{
    version     2.0;
    format      ascii;
    class       surfaceScalarField;
    location    "4";
    object      phiB;
}
// * * * * * * * * * * * * * * * * * * * * * * * * * * * * * * * * * * * * * //

dimensions      [1 2 -2 0 0 -1 0];

internalField   nonuniform List<scalar> 
7860
(
0.00178901
0.399578
0.00211624
0.399673
0.00231769
0.399799
0.00246257
0.399855
0.00255118
0.399911
0.00259836
0.399953
0.00261868
0.39998
0.00262223
0.399996
0.00261605
0.400006
0.00260452
0.400012
0.00259051
0.400014
0.00257578
0.400015
0.00256142
0.400014
0.00254803
0.400013
0.00253592
0.400012
0.00252521
0.400011
0.00251589
0.400009
0.00250787
0.400008
0.00250104
0.400007
0.00249527
0.400006
0.00249043
0.400005
0.00248639
0.400004
0.00248303
0.400003
0.00248024
0.400003
0.00247794
0.400002
0.00247605
0.400002
0.00247449
0.400002
0.00247322
0.400001
0.00247217
0.400001
0.00247131
0.400001
0.00247061
0.400001
0.00247004
0.400001
0.00246958
0.4
0.0024692
0.4
0.00246889
0.4
0.00246864
0.4
0.00246843
0.4
0.00246826
0.4
0.00246813
0.4
0.00246802
0.4
0.00246793
0.4
0.00246785
0.4
0.00246779
0.4
0.00246774
0.4
0.0024677
0.4
0.00246767
0.4
0.00246765
0.4
0.00246762
0.4
0.00246761
0.4
0.00246759
0.4
0.00246758
0.4
0.00246757
0.4
0.00246756
0.4
0.00246756
0.4
0.00246755
0.4
0.00246755
0.4
0.00246755
0.4
0.00246754
0.4
0.00246754
0.4
0.00246754
0.4
0.00246754
0.4
0.00246754
0.4
0.00246754
0.4
0.00246753
0.4
0.00246753
0.4
0.00246753
0.4
0.00246753
0.4
0.00246753
0.4
0.00246753
0.4
0.00246753
0.4
0.00246753
0.4
0.00246752
0.4
0.00246752
0.4
0.00246752
0.4
0.00246751
0.4
0.00246751
0.4
0.0024675
0.4
0.00246748
0.4
0.00246747
0.4
0.00246745
0.4
0.00246742
0.4
0.00246739
0.4
0.00246734
0.4
0.00246729
0.4
0.00246722
0.4
0.00246713
0.4
0.00246703
0.4
0.0024669
0.4
0.00246676
0.4
0.00246661
0.4
0.00246646
0.4
0.00246636
0.4
0.00246635
0.4
0.00246653
0.4
0.00246705
0.399999
0.00246804
0.399999
0.00246932
0.399999
0.0024699
0.399999
0.00246582
0.400004
0.400015
0.0028854
0.398797
0.00338317
0.399175
0.0036951
0.399487
0.00390434
0.399646
0.00403147
0.399784
0.00410084
0.399883
0.00413233
0.399948
0.00414017
0.399989
0.00413401
0.400012
0.00412005
0.400025
0.0041023
0.400032
0.00408328
0.400034
0.00406452
0.400033
0.00404691
0.400031
0.00403091
0.400028
0.00401669
0.400025
0.00400428
0.400022
0.00399359
0.400019
0.00398447
0.400016
0.00397674
0.400013
0.00397025
0.400011
0.00396483
0.400009
0.00396031
0.400008
0.00395657
0.400007
0.00395347
0.400005
0.00395092
0.400004
0.00394882
0.400004
0.00394709
0.400003
0.00394568
0.400002
0.00394452
0.400002
0.00394358
0.400002
0.0039428
0.400001
0.00394217
0.400001
0.00394166
0.400001
0.00394124
0.400001
0.0039409
0.400001
0.00394062
0.4
0.00394039
0.4
0.0039402
0.4
0.00394005
0.4
0.00393993
0.4
0.00393983
0.4
0.00393975
0.4
0.00393968
0.4
0.00393963
0.4
0.00393959
0.4
0.00393955
0.4
0.00393952
0.4
0.0039395
0.4
0.00393948
0.4
0.00393946
0.4
0.00393945
0.4
0.00393944
0.4
0.00393943
0.4
0.00393942
0.4
0.00393942
0.4
0.00393941
0.4
0.00393941
0.4
0.00393941
0.4
0.0039394
0.4
0.0039394
0.4
0.0039394
0.4
0.0039394
0.4
0.0039394
0.4
0.0039394
0.4
0.00393939
0.4
0.00393939
0.4
0.00393939
0.4
0.00393939
0.4
0.00393939
0.4
0.00393939
0.4
0.00393938
0.4
0.00393938
0.4
0.00393937
0.4
0.00393937
0.4
0.00393936
0.4
0.00393934
0.4
0.00393933
0.4
0.00393931
0.4
0.00393928
0.4
0.00393924
0.4
0.0039392
0.4
0.00393914
0.4
0.00393907
0.4
0.00393897
0.4
0.00393886
0.4
0.00393872
0.4
0.00393856
0.4
0.00393838
0.4
0.00393819
0.4
0.00393803
0.4
0.00393794
0.4
0.00393801
0.4
0.00393838
0.399999
0.00393924
0.399999
0.00394083
0.399997
0.00394294
0.399997
0.00394431
0.399998
0.00393946
0.400009
0.400031
0.00310084
0.397909
0.00363057
0.398645
0.00397024
0.399147
0.00418937
0.399427
0.0043215
0.399652
0.00439526
0.39981
0.00443048
0.399913
0.00444162
0.399977
0.00443823
0.400016
0.00442661
0.400037
0.00441081
0.400048
0.00439341
0.400051
0.00437599
0.400051
0.00435949
0.400048
0.00434441
0.400043
0.00433094
0.400038
0.00431915
0.400034
0.00430895
0.400029
0.00430023
0.400025
0.00429284
0.400021
0.00428662
0.400018
0.00428141
0.400015
0.00427707
0.400012
0.00427346
0.40001
0.00427048
0.400008
0.00426801
0.400007
0.00426599
0.400006
0.00426432
0.400005
0.00426295
0.400004
0.00426183
0.400003
0.00426092
0.400003
0.00426017
0.400002
0.00425956
0.400002
0.00425906
0.400001
0.00425865
0.400001
0.00425832
0.400001
0.00425805
0.400001
0.00425783
0.400001
0.00425765
0.400001
0.0042575
0.4
0.00425738
0.4
0.00425728
0.4
0.0042572
0.4
0.00425714
0.4
0.00425708
0.4
0.00425704
0.4
0.00425701
0.4
0.00425698
0.4
0.00425695
0.4
0.00425694
0.4
0.00425692
0.4
0.00425691
0.4
0.0042569
0.4
0.00425689
0.4
0.00425688
0.4
0.00425688
0.4
0.00425687
0.4
0.00425687
0.4
0.00425687
0.4
0.00425686
0.4
0.00425686
0.4
0.00425686
0.4
0.00425686
0.4
0.00425686
0.4
0.00425686
0.4
0.00425685
0.4
0.00425685
0.4
0.00425685
0.4
0.00425685
0.4
0.00425685
0.4
0.00425685
0.4
0.00425684
0.4
0.00425684
0.4
0.00425683
0.4
0.00425683
0.4
0.00425682
0.4
0.00425681
0.4
0.00425679
0.4
0.00425677
0.4
0.00425674
0.4
0.00425671
0.4
0.00425666
0.4
0.00425661
0.4
0.00425654
0.4
0.00425645
0.4
0.00425634
0.4
0.00425621
0.4
0.00425606
0.4
0.0042559
0.4
0.00425575
0.4
0.00425563
0.4
0.00425561
0.4
0.00425577
0.4
0.00425628
0.399999
0.00425735
0.399998
0.00425924
0.399996
0.00426191
0.399994
0.00426447
0.399995
0.00426275
0.400011
0.40004
0.00296467
0.397012
0.0035114
0.398099
0.00386741
0.398791
0.00409252
0.399202
0.00422821
0.399516
0.00430532
0.399733
0.00434371
0.399875
0.00435782
0.399963
0.00435705
0.400016
0.0043477
0.400046
0.00433384
0.400061
0.00431809
0.400067
0.00430207
0.400067
0.00428673
0.400063
0.00427262
0.400057
0.00425996
0.400051
0.00424884
0.400045
0.00423919
0.400039
0.00423092
0.400033
0.0042239
0.400028
0.00421798
0.400023
0.00421301
0.40002
0.00420887
0.400016
0.00420543
0.400014
0.00420258
0.400011
0.00420022
0.400009
0.00419828
0.400008
0.00419669
0.400006
0.00419538
0.400005
0.0041943
0.400004
0.00419342
0.400003
0.0041927
0.400003
0.00419212
0.400002
0.00419164
0.400002
0.00419125
0.400002
0.00419093
0.400001
0.00419066
0.400001
0.00419045
0.400001
0.00419028
0.400001
0.00419014
0.400001
0.00419002
0.4
0.00418993
0.4
0.00418985
0.4
0.00418979
0.4
0.00418974
0.4
0.0041897
0.4
0.00418966
0.4
0.00418963
0.4
0.00418961
0.4
0.00418959
0.4
0.00418958
0.4
0.00418957
0.4
0.00418956
0.4
0.00418955
0.4
0.00418954
0.4
0.00418954
0.4
0.00418953
0.4
0.00418953
0.4
0.00418953
0.4
0.00418952
0.4
0.00418952
0.4
0.00418952
0.4
0.00418952
0.4
0.00418952
0.4
0.00418952
0.4
0.00418951
0.4
0.00418951
0.4
0.00418951
0.4
0.00418951
0.4
0.00418951
0.4
0.00418951
0.4
0.0041895
0.4
0.0041895
0.4
0.00418949
0.4
0.00418949
0.4
0.00418948
0.4
0.00418947
0.4
0.00418945
0.4
0.00418943
0.4
0.00418941
0.4
0.00418937
0.4
0.00418933
0.4
0.00418928
0.4
0.00418921
0.4
0.00418913
0.4
0.00418902
0.4
0.00418891
0.4
0.00418877
0.400001
0.00418864
0.400001
0.00418851
0.400001
0.00418844
0.400001
0.00418848
0.4
0.00418873
0.4
0.00418938
0.399998
0.00419065
0.399996
0.00419285
0.399993
0.00419617
0.399991
0.00420027
0.399991
0.00420302
0.400008
0.400041
0.00273053
0.39616
0.00328167
0.397547
0.00364435
0.398428
0.00387184
0.398974
0.00400944
0.399379
0.00408876
0.399653
0.00412963
0.399834
0.00414623
0.399947
0.00414777
0.400015
0.00414051
0.400054
0.00412849
0.400073
0.00411433
0.400081
0.00409967
0.400081
0.0040855
0.400077
0.00407236
0.40007
0.00406052
0.400063
0.00405008
0.400055
0.004041
0.400048
0.0040332
0.400041
0.00402657
0.400035
0.00402097
0.400029
0.00401626
0.400024
0.00401233
0.40002
0.00400906
0.400017
0.00400636
0.400014
0.00400412
0.400012
0.00400227
0.400009
0.00400075
0.400008
0.00399951
0.400006
0.00399848
0.400005
0.00399764
0.400004
0.00399696
0.400003
0.0039964
0.400003
0.00399594
0.400002
0.00399556
0.400002
0.00399526
0.400002
0.00399501
0.400001
0.00399481
0.400001
0.00399464
0.400001
0.00399451
0.400001
0.00399439
0.400001
0.0039943
0.4
0.00399423
0.4
0.00399417
0.4
0.00399412
0.4
0.00399408
0.4
0.00399405
0.4
0.00399402
0.4
0.003994
0.4
0.00399398
0.4
0.00399397
0.4
0.00399396
0.4
0.00399395
0.4
0.00399394
0.4
0.00399393
0.4
0.00399393
0.4
0.00399393
0.4
0.00399392
0.4
0.00399392
0.4
0.00399392
0.4
0.00399391
0.4
0.00399391
0.4
0.00399391
0.4
0.00399391
0.4
0.00399391
0.4
0.00399391
0.4
0.00399391
0.4
0.00399391
0.4
0.0039939
0.4
0.0039939
0.4
0.0039939
0.4
0.0039939
0.4
0.00399389
0.4
0.00399389
0.4
0.00399388
0.4
0.00399387
0.4
0.00399386
0.4
0.00399385
0.4
0.00399383
0.4
0.0039938
0.4
0.00399377
0.4
0.00399373
0.4
0.00399368
0.4
0.00399362
0.4
0.00399354
0.4
0.00399345
0.400001
0.00399334
0.400001
0.00399322
0.400001
0.0039931
0.400001
0.00399301
0.400001
0.00399297
0.400001
0.00399307
0.4
0.00399341
0.399999
0.00399417
0.399998
0.00399563
0.399995
0.00399815
0.399991
0.00400212
0.399987
0.00400786
0.399986
0.00401514
0.400001
0.400033
0.00248132
0.39538
0.00302491
0.397004
0.00338679
0.398066
0.00361338
0.398748
0.00375115
0.399241
0.00383152
0.399573
0.0038741
0.399791
0.00389266
0.399928
0.00389618
0.400011
0.00389077
0.400059
0.00388044
0.400084
0.00386778
0.400094
0.00385444
0.400095
0.0038414
0.40009
0.00382923
0.400083
0.00381821
0.400074
0.00380846
0.400065
0.00379996
0.400056
0.00379264
0.400048
0.0037864
0.400041
0.00378113
0.400034
0.00377669
0.400029
0.00377299
0.400024
0.0037699
0.40002
0.00376734
0.400016
0.00376522
0.400014
0.00376348
0.400011
0.00376204
0.400009
0.00376086
0.400008
0.00375989
0.400006
0.0037591
0.400005
0.00375845
0.400004
0.00375791
0.400003
0.00375748
0.400003
0.00375712
0.400002
0.00375683
0.400002
0.0037566
0.400002
0.0037564
0.400001
0.00375624
0.400001
0.00375612
0.400001
0.00375601
0.400001
0.00375592
0.400001
0.00375585
0.4
0.0037558
0.4
0.00375575
0.4
0.00375571
0.4
0.00375568
0.4
0.00375566
0.4
0.00375564
0.4
0.00375562
0.4
0.00375561
0.4
0.00375559
0.4
0.00375558
0.4
0.00375558
0.4
0.00375557
0.4
0.00375557
0.4
0.00375556
0.4
0.00375556
0.4
0.00375556
0.4
0.00375555
0.4
0.00375555
0.4
0.00375555
0.4
0.00375555
0.4
0.00375555
0.4
0.00375555
0.4
0.00375555
0.4
0.00375554
0.4
0.00375554
0.4
0.00375554
0.4
0.00375554
0.4
0.00375554
0.4
0.00375553
0.4
0.00375553
0.4
0.00375553
0.4
0.00375552
0.4
0.00375551
0.4
0.0037555
0.4
0.00375549
0.4
0.00375547
0.4
0.00375545
0.4
0.00375542
0.4
0.00375538
0.4
0.00375533
0.4
0.00375527
0.4
0.0037552
0.4
0.00375511
0.400001
0.00375501
0.400001
0.00375491
0.400001
0.00375481
0.400001
0.00375474
0.400001
0.00375475
0.400001
0.00375489
0.4
0.00375531
0.399999
0.00375618
0.399997
0.0037578
0.399993
0.0037606
0.399988
0.00376521
0.399982
0.00377249
0.399978
0.00378378
0.399989
0.400017
0.00224223
0.394676
0.00276799
0.396478
0.00312304
0.397711
0.00334576
0.398525
0.00348196
0.399105
0.00356224
0.399493
0.00360574
0.399748
0.00362572
0.399908
0.00363085
0.400006
0.00362707
0.400063
0.00361827
0.400093
0.00360702
0.400105
0.00359493
0.400107
0.00358299
0.400102
0.00357177
0.400094
0.00356157
0.400084
0.00355251
0.400074
0.00354458
0.400064
0.00353775
0.400055
0.00353192
0.400047
0.00352698
0.400039
0.00352283
0.400033
0.00351935
0.400027
0.00351645
0.400023
0.00351404
0.400019
0.00351205
0.400016
0.00351041
0.400013
0.00350906
0.400011
0.00350795
0.400009
0.00350703
0.400007
0.00350628
0.400006
0.00350567
0.400005
0.00350517
0.400004
0.00350476
0.400003
0.00350442
0.400003
0.00350415
0.400002
0.00350393
0.400002
0.00350374
0.400001
0.00350359
0.400001
0.00350347
0.400001
0.00350337
0.400001
0.00350329
0.400001
0.00350322
0.400001
0.00350317
0.4
0.00350313
0.4
0.00350309
0.4
0.00350306
0.4
0.00350304
0.4
0.00350302
0.4
0.003503
0.4
0.00350299
0.4
0.00350298
0.4
0.00350297
0.4
0.00350296
0.4
0.00350296
0.4
0.00350295
0.4
0.00350295
0.4
0.00350294
0.4
0.00350294
0.4
0.00350294
0.4
0.00350294
0.4
0.00350294
0.4
0.00350293
0.4
0.00350293
0.4
0.00350293
0.4
0.00350293
0.4
0.00350293
0.4
0.00350293
0.4
0.00350293
0.4
0.00350293
0.4
0.00350292
0.4
0.00350292
0.4
0.00350292
0.4
0.00350291
0.4
0.00350291
0.4
0.0035029
0.4
0.00350289
0.4
0.00350288
0.4
0.00350286
0.4
0.00350284
0.4
0.00350281
0.4
0.00350277
0.4
0.00350273
0.4
0.00350267
0.4
0.0035026
0.400001
0.00350253
0.400001
0.00350244
0.400001
0.00350235
0.400001
0.00350227
0.400001
0.00350222
0.400001
0.00350226
0.4
0.00350245
0.4
0.00350292
0.399998
0.00350388
0.399996
0.00350563
0.399991
0.00350868
0.399985
0.00351385
0.399977
0.00352247
0.39997
0.00353708
0.399975
0.399996
0.00201924
0.39405
0.00251899
0.395978
0.00286222
0.397368
0.00307839
0.398309
0.00321135
0.398972
0.0032904
0.399414
0.00333406
0.399704
0.00335494
0.399887
0.00336132
0.4
0.00335892
0.400065
0.0033515
0.4001
0.00334156
0.400115
0.00333066
0.400118
0.00331979
0.400113
0.0033095
0.400104
0.00330011
0.400093
0.00329173
0.400082
0.00328439
0.400071
0.00327805
0.400061
0.00327263
0.400052
0.00326803
0.400044
0.00326416
0.400037
0.00326092
0.400031
0.00325822
0.400026
0.00325597
0.400021
0.00325411
0.400017
0.00325257
0.400014
0.00325131
0.400012
0.00325027
0.40001
0.00324941
0.400008
0.00324871
0.400007
0.00324814
0.400005
0.00324767
0.400004
0.00324728
0.400004
0.00324697
0.400003
0.00324671
0.400002
0.0032465
0.400002
0.00324633
0.400002
0.00324619
0.400001
0.00324608
0.400001
0.00324598
0.400001
0.00324591
0.400001
0.00324584
0.400001
0.00324579
0.4
0.00324575
0.4
0.00324572
0.4
0.00324569
0.4
0.00324567
0.4
0.00324565
0.4
0.00324563
0.4
0.00324562
0.4
0.00324561
0.4
0.0032456
0.4
0.0032456
0.4
0.00324559
0.4
0.00324559
0.4
0.00324558
0.4
0.00324558
0.4
0.00324558
0.4
0.00324557
0.4
0.00324557
0.4
0.00324557
0.4
0.00324557
0.4
0.00324557
0.4
0.00324557
0.4
0.00324557
0.4
0.00324557
0.4
0.00324556
0.4
0.00324556
0.4
0.00324556
0.4
0.00324556
0.4
0.00324556
0.4
0.00324555
0.4
0.00324555
0.4
0.00324554
0.4
0.00324554
0.4
0.00324553
0.4
0.00324551
0.4
0.0032455
0.4
0.00324548
0.4
0.00324545
0.4
0.00324542
0.4
0.00324537
0.4
0.00324532
0.400001
0.00324526
0.400001
0.00324519
0.400001
0.00324511
0.400001
0.00324503
0.400001
0.00324497
0.400001
0.00324495
0.400001
0.00324501
0.4
0.00324523
0.4
0.00324575
0.399998
0.00324677
0.399995
0.00324863
0.39999
0.00325188
0.399982
0.0032575
0.399971
0.00326719
0.39996
0.00328437
0.399958
0.39997
0.00181217
0.393496
0.00227982
0.395511
0.00260702
0.397041
0.00281422
0.398101
0.00294236
0.398844
0.00301913
0.399337
0.0030622
0.399661
0.00308346
0.399866
0.00309075
0.399993
0.0030895
0.400067
0.00308331
0.400106
0.00307458
0.400124
0.00306481
0.400127
0.00305497
0.400123
0.0030456
0.400113
0.003037
0.400102
0.00302931
0.40009
0.00302256
0.400078
0.00301671
0.400067
0.00301171
0.400057
0.00300746
0.400048
0.00300388
0.40004
0.00300087
0.400034
0.00299837
0.400028
0.00299628
0.400023
0.00299456
0.400019
0.00299313
0.400016
0.00299196
0.400013
0.00299099
0.400011
0.0029902
0.400009
0.00298955
0.400007
0.00298901
0.400006
0.00298858
0.400005
0.00298822
0.400004
0.00298793
0.400003
0.00298769
0.400003
0.00298749
0.400002
0.00298733
0.400002
0.0029872
0.400001
0.00298709
0.400001
0.00298701
0.400001
0.00298694
0.400001
0.00298688
0.400001
0.00298683
0.400001
0.00298679
0.4
0.00298676
0.4
0.00298673
0.4
0.00298671
0.4
0.00298669
0.4
0.00298668
0.4
0.00298667
0.4
0.00298666
0.4
0.00298665
0.4
0.00298664
0.4
0.00298664
0.4
0.00298664
0.4
0.00298663
0.4
0.00298663
0.4
0.00298663
0.4
0.00298662
0.4
0.00298662
0.4
0.00298662
0.4
0.00298662
0.4
0.00298662
0.4
0.00298662
0.4
0.00298662
0.4
0.00298662
0.4
0.00298662
0.4
0.00298661
0.4
0.00298661
0.4
0.00298661
0.4
0.00298661
0.4
0.00298661
0.4
0.0029866
0.4
0.0029866
0.4
0.00298659
0.4
0.00298658
0.4
0.00298657
0.4
0.00298655
0.4
0.00298653
0.4
0.00298651
0.4
0.00298648
0.4
0.00298644
0.4
0.00298639
0.400001
0.00298634
0.400001
0.00298627
0.400001
0.0029862
0.400001
0.00298614
0.400001
0.00298609
0.400001
0.00298608
0.400001
0.00298616
0.4
0.00298641
0.399999
0.00298697
0.399997
0.00298803
0.399994
0.00298996
0.399988
0.00299333
0.399978
0.00299927
0.399965
0.00300974
0.39995
0.00302873
0.399939
0.399941
0.00161905
0.39301
0.00205033
0.395079
0.00235797
0.396733
0.00255403
0.397905
0.0026759
0.398722
0.00274938
0.399263
0.00279117
0.399619
0.00281232
0.399845
0.00282018
0.399985
0.00281986
0.400067
0.00281476
0.400111
0.00280714
0.400131
0.00279845
0.400136
0.0027896
0.400132
0.00278112
0.400122
0.00277331
0.40011
0.0027663
0.400097
0.00276013
0.400084
0.00275479
0.400072
0.00275021
0.400062
0.00274631
0.400052
0.00274302
0.400044
0.00274027
0.400036
0.00273796
0.40003
0.00273605
0.400025
0.00273446
0.400021
0.00273315
0.400017
0.00273207
0.400014
0.00273118
0.400012
0.00273045
0.400009
0.00272985
0.400008
0.00272935
0.400006
0.00272895
0.400005
0.00272862
0.400004
0.00272835
0.400003
0.00272813
0.400003
0.00272795
0.400002
0.0027278
0.400002
0.00272768
0.400002
0.00272758
0.400001
0.0027275
0.400001
0.00272744
0.400001
0.00272738
0.400001
0.00272734
0.400001
0.0027273
0.4
0.00272727
0.4
0.00272725
0.4
0.00272723
0.4
0.00272721
0.4
0.0027272
0.4
0.00272719
0.4
0.00272718
0.4
0.00272717
0.4
0.00272717
0.4
0.00272716
0.4
0.00272716
0.4
0.00272715
0.4
0.00272715
0.4
0.00272715
0.4
0.00272715
0.4
0.00272715
0.4
0.00272715
0.4
0.00272714
0.4
0.00272714
0.4
0.00272714
0.4
0.00272714
0.4
0.00272714
0.4
0.00272714
0.4
0.00272714
0.4
0.00272714
0.4
0.00272713
0.4
0.00272713
0.4
0.00272713
0.4
0.00272713
0.4
0.00272712
0.4
0.00272712
0.4
0.00272711
0.4
0.0027271
0.4
0.00272708
0.4
0.00272706
0.4
0.00272704
0.4
0.00272701
0.4
0.00272698
0.4
0.00272693
0.400001
0.00272688
0.400001
0.00272683
0.400001
0.00272676
0.400001
0.00272671
0.400001
0.00272667
0.400001
0.00272668
0.400001
0.00272678
0.4
0.00272705
0.399999
0.00272762
0.399997
0.0027287
0.399993
0.00273065
0.399986
0.00273408
0.399975
0.0027402
0.399959
0.00275113
0.399939
0.0027712
0.399918
0.39991
0.00143765
0.392585
0.00182977
0.394687
0.00211487
0.396448
0.00229785
0.397722
0.00241212
0.398608
0.00248139
0.399194
0.00252125
0.399579
0.00254183
0.399824
0.00254995
0.399977
0.00255035
0.400066
0.00254619
0.400115
0.00253959
0.400138
0.00253192
0.400144
0.00252403
0.400139
0.00251642
0.40013
0.00250939
0.400117
0.00250306
0.400103
0.00249749
0.40009
0.00249264
0.400077
0.00248849
0.400066
0.00248495
0.400056
0.00248196
0.400047
0.00247945
0.400039
0.00247736
0.400032
0.00247561
0.400027
0.00247417
0.400022
0.00247297
0.400018
0.00247199
0.400015
0.00247118
0.400012
0.00247051
0.40001
0.00246996
0.400008
0.00246951
0.400007
0.00246914
0.400006
0.00246884
0.400005
0.00246859
0.400004
0.00246839
0.400003
0.00246823
0.400002
0.00246809
0.400002
0.00246798
0.400002
0.00246789
0.400001
0.00246782
0.400001
0.00246776
0.400001
0.00246771
0.400001
0.00246767
0.400001
0.00246764
0.4
0.00246761
0.4
0.00246759
0.4
0.00246757
0.4
0.00246755
0.4
0.00246754
0.4
0.00246753
0.4
0.00246752
0.4
0.00246752
0.4
0.00246751
0.4
0.00246751
0.4
0.0024675
0.4
0.0024675
0.4
0.0024675
0.4
0.0024675
0.4
0.0024675
0.4
0.00246749
0.4
0.00246749
0.4
0.00246749
0.4
0.00246749
0.4
0.00246749
0.4
0.00246749
0.4
0.00246749
0.4
0.00246749
0.4
0.00246749
0.4
0.00246748
0.4
0.00246748
0.4
0.00246748
0.4
0.00246748
0.4
0.00246748
0.4
0.00246747
0.4
0.00246746
0.4
0.00246746
0.4
0.00246745
0.4
0.00246743
0.4
0.00246742
0.4
0.0024674
0.4
0.00246737
0.4
0.00246734
0.400001
0.0024673
0.400001
0.00246725
0.400001
0.0024672
0.400001
0.00246715
0.400001
0.0024671
0.400001
0.00246708
0.400001
0.00246709
0.400001
0.0024672
0.4
0.00246748
0.399999
0.00246806
0.399996
0.00246913
0.399991
0.00247107
0.399984
0.00247448
0.399972
0.00248062
0.399953
0.00249168
0.399928
0.00251213
0.399898
0.399878
0.00126585
0.392216
0.00161717
0.394336
0.00187729
0.396188
0.00204546
0.397554
0.00215091
0.398502
0.00221515
0.39913
0.00225246
0.399542
0.00227205
0.399805
0.00228015
0.399969
0.00228106
0.400066
0.00227772
0.400119
0.00227206
0.400144
0.00226535
0.40015
0.00225839
0.400146
0.00225164
0.400136
0.00224537
0.400123
0.00223973
0.400109
0.00223474
0.400095
0.0022304
0.400082
0.00222667
0.40007
0.00222349
0.400059
0.00222081
0.400049
0.00221856
0.400041
0.00221667
0.400034
0.0022151
0.400028
0.0022138
0.400024
0.00221272
0.400019
0.00221184
0.400016
0.00221111
0.400013
0.0022105
0.400011
0.00221001
0.400009
0.0022096
0.400007
0.00220927
0.400006
0.002209
0.400005
0.00220878
0.400004
0.0022086
0.400003
0.00220845
0.400003
0.00220832
0.400002
0.00220822
0.400002
0.00220814
0.400001
0.00220808
0.400001
0.00220802
0.400001
0.00220798
0.400001
0.00220794
0.400001
0.00220791
0.400001
0.00220789
0.4
0.00220787
0.4
0.00220785
0.4
0.00220784
0.4
0.00220783
0.4
0.00220782
0.4
0.00220781
0.4
0.0022078
0.4
0.0022078
0.4
0.0022078
0.4
0.00220779
0.4
0.00220779
0.4
0.00220779
0.4
0.00220779
0.4
0.00220778
0.4
0.00220778
0.4
0.00220778
0.4
0.00220778
0.4
0.00220778
0.4
0.00220778
0.4
0.00220778
0.4
0.00220778
0.4
0.00220778
0.4
0.00220778
0.4
0.00220777
0.4
0.00220777
0.4
0.00220777
0.4
0.00220777
0.4
0.00220777
0.4
0.00220776
0.4
0.00220776
0.4
0.00220775
0.4
0.00220774
0.4
0.00220773
0.4
0.00220771
0.4
0.0022077
0.4
0.00220767
0.4
0.00220764
0.400001
0.00220761
0.400001
0.00220757
0.400001
0.00220752
0.400001
0.00220748
0.400001
0.00220744
0.400001
0.00220742
0.400001
0.00220745
0.400001
0.00220756
0.4
0.00220784
0.399998
0.0022084
0.399996
0.00220945
0.39999
0.00221132
0.399982
0.00221463
0.399968
0.00222063
0.399947
0.00223152
0.399917
0.0022517
0.399878
0.399846
0.00110185
0.3919
0.00141151
0.394026
0.00164469
0.395955
0.00179651
0.397402
0.00189208
0.398407
0.00195053
0.399071
0.00198476
0.399508
0.00200297
0.399787
0.00201077
0.399961
0.00201203
0.400064
0.00200937
0.400121
0.00200458
0.400148
0.00199879
0.400156
0.00199272
0.400152
0.0019868
0.400142
0.0019813
0.400129
0.00197633
0.400114
0.00197193
0.400099
0.0019681
0.400085
0.0019648
0.400073
0.00196199
0.400062
0.00195961
0.400052
0.00195761
0.400043
0.00195594
0.400036
0.00195455
0.40003
0.0019534
0.400025
0.00195244
0.40002
0.00195165
0.400017
0.00195101
0.400014
0.00195047
0.400011
0.00195003
0.400009
0.00194967
0.400008
0.00194938
0.400006
0.00194914
0.400005
0.00194894
0.400004
0.00194878
0.400003
0.00194864
0.400003
0.00194853
0.400002
0.00194845
0.400002
0.00194837
0.400001
0.00194831
0.400001
0.00194827
0.400001
0.00194823
0.400001
0.00194819
0.400001
0.00194817
0.400001
0.00194815
0.4
0.00194813
0.4
0.00194811
0.4
0.0019481
0.4
0.00194809
0.4
0.00194808
0.4
0.00194808
0.4
0.00194807
0.4
0.00194807
0.4
0.00194806
0.4
0.00194806
0.4
0.00194806
0.4
0.00194806
0.4
0.00194805
0.4
0.00194805
0.4
0.00194805
0.4
0.00194805
0.4
0.00194805
0.4
0.00194805
0.4
0.00194805
0.4
0.00194805
0.4
0.00194805
0.4
0.00194805
0.4
0.00194805
0.4
0.00194804
0.4
0.00194804
0.4
0.00194804
0.4
0.00194804
0.4
0.00194804
0.4
0.00194803
0.4
0.00194803
0.4
0.00194802
0.4
0.00194801
0.4
0.001948
0.4
0.00194799
0.4
0.00194797
0.4
0.00194795
0.4
0.00194793
0.400001
0.0019479
0.400001
0.00194786
0.400001
0.00194782
0.400001
0.00194778
0.400001
0.00194775
0.400001
0.00194774
0.400001
0.00194777
0.400001
0.00194789
0.4
0.00194815
0.399998
0.00194869
0.399995
0.00194968
0.399989
0.00195146
0.39998
0.00195459
0.399965
0.0019603
0.399941
0.00197071
0.399906
0.00199
0.399859
0.399816
0.000944128
0.391632
0.00121185
0.393759
0.00141649
0.39575
0.00155065
0.397268
0.00163538
0.398322
0.00168739
0.399019
0.00171804
0.399477
0.00173454
0.39977
0.0017418
0.399953
0.00174323
0.400063
0.00174116
0.400123
0.00173716
0.400152
0.00173223
0.400161
0.00172703
0.400158
0.00172194
0.400147
0.00171719
0.400133
0.00171289
0.400118
0.00170908
0.400103
0.00170575
0.400089
0.00170289
0.400076
0.00170045
0.400064
0.00169838
0.400054
0.00169664
0.400045
0.00169519
0.400037
0.00169398
0.400031
0.00169298
0.400026
0.00169214
0.400021
0.00169146
0.400017
0.00169089
0.400014
0.00169043
0.400012
0.00169004
0.40001
0.00168973
0.400008
0.00168947
0.400006
0.00168926
0.400005
0.00168909
0.400004
0.00168895
0.400004
0.00168883
0.400003
0.00168874
0.400002
0.00168866
0.400002
0.0016886
0.400002
0.00168854
0.400001
0.0016885
0.400001
0.00168847
0.400001
0.00168844
0.400001
0.00168841
0.400001
0.0016884
0.4
0.00168838
0.4
0.00168837
0.4
0.00168836
0.4
0.00168835
0.4
0.00168834
0.4
0.00168834
0.4
0.00168833
0.4
0.00168833
0.4
0.00168832
0.4
0.00168832
0.4
0.00168832
0.4
0.00168832
0.4
0.00168832
0.4
0.00168831
0.4
0.00168831
0.4
0.00168831
0.4
0.00168831
0.4
0.00168831
0.4
0.00168831
0.4
0.00168831
0.4
0.00168831
0.4
0.00168831
0.4
0.00168831
0.4
0.00168831
0.4
0.00168831
0.4
0.0016883
0.4
0.0016883
0.4
0.0016883
0.4
0.0016883
0.4
0.00168829
0.4
0.00168829
0.4
0.00168828
0.4
0.00168827
0.4
0.00168826
0.4
0.00168825
0.4
0.00168823
0.4
0.00168821
0.400001
0.00168818
0.400001
0.00168815
0.400001
0.00168812
0.400001
0.00168808
0.400001
0.00168806
0.400001
0.00168805
0.400001
0.00168808
0.400001
0.0016882
0.4
0.00168845
0.399998
0.00168894
0.399994
0.00168985
0.399989
0.00169149
0.399978
0.00169437
0.399962
0.00169965
0.399936
0.00170929
0.399897
0.00172716
0.399841
0.399788
0.000791413
0.391409
0.00101723
0.393533
0.00119211
0.395575
0.00130748
0.397153
0.00138056
0.398249
0.00142554
0.398974
0.0014522
0.39945
0.00146668
0.399756
0.00147319
0.399947
0.00147465
0.400061
0.00147307
0.400125
0.00146979
0.400156
0.0014657
0.400165
0.00146134
0.400162
0.00145706
0.400152
0.00145305
0.400137
0.00144942
0.400122
0.00144619
0.400106
0.00144338
0.400092
0.00144095
0.400078
0.00143888
0.400066
0.00143713
0.400056
0.00143565
0.400046
0.00143442
0.400039
0.00143339
0.400032
0.00143254
0.400027
0.00143183
0.400022
0.00143125
0.400018
0.00143077
0.400015
0.00143037
0.400012
0.00143005
0.40001
0.00142978
0.400008
0.00142956
0.400007
0.00142938
0.400005
0.00142923
0.400004
0.00142911
0.400004
0.00142901
0.400003
0.00142893
0.400002
0.00142887
0.400002
0.00142881
0.400002
0.00142877
0.400001
0.00142873
0.400001
0.0014287
0.400001
0.00142868
0.400001
0.00142866
0.400001
0.00142864
0.4
0.00142863
0.4
0.00142862
0.4
0.00142861
0.4
0.0014286
0.4
0.0014286
0.4
0.00142859
0.4
0.00142859
0.4
0.00142859
0.4
0.00142858
0.4
0.00142858
0.4
0.00142858
0.4
0.00142858
0.4
0.00142858
0.4
0.00142857
0.4
0.00142857
0.4
0.00142857
0.4
0.00142857
0.4
0.00142857
0.4
0.00142857
0.4
0.00142857
0.4
0.00142857
0.4
0.00142857
0.4
0.00142857
0.4
0.00142857
0.4
0.00142857
0.4
0.00142857
0.4
0.00142856
0.4
0.00142856
0.4
0.00142856
0.4
0.00142856
0.4
0.00142855
0.4
0.00142855
0.4
0.00142854
0.4
0.00142853
0.4
0.00142852
0.4
0.0014285
0.4
0.00142848
0.400001
0.00142846
0.400001
0.00142843
0.400001
0.00142841
0.400001
0.00142838
0.400001
0.00142836
0.400001
0.00142836
0.400001
0.00142839
0.400001
0.00142849
0.4
0.00142872
0.399998
0.00142916
0.399994
0.00142997
0.399988
0.00143142
0.399977
0.00143399
0.39996
0.0014387
0.399931
0.00144732
0.399888
0.00146328
0.399825
0.399763
0.000642638
0.39123
0.000826784
0.393349
0.000970969
0.395431
0.00106661
0.397057
0.00112733
0.398188
0.00116481
0.398937
0.00118711
0.399428
0.00119932
0.399743
0.00120489
0.399941
0.00120626
0.40006
0.00120509
0.400126
0.00120248
0.400158
0.00119918
0.400169
0.00119564
0.400166
0.00119216
0.400155
0.00118889
0.400141
0.00118592
0.400125
0.00118328
0.400109
0.00118098
0.400094
0.00117899
0.40008
0.0011773
0.400068
0.00117586
0.400057
0.00117465
0.400048
0.00117364
0.40004
0.00117279
0.400033
0.00117209
0.400027
0.00117151
0.400022
0.00117103
0.400019
0.00117064
0.400015
0.00117031
0.400012
0.00117004
0.40001
0.00116982
0.400008
0.00116964
0.400007
0.0011695
0.400006
0.00116938
0.400005
0.00116928
0.400004
0.0011692
0.400003
0.00116913
0.400002
0.00116908
0.400002
0.00116903
0.400002
0.00116899
0.400001
0.00116897
0.400001
0.00116894
0.400001
0.00116892
0.400001
0.0011689
0.400001
0.00116889
0.4
0.00116888
0.4
0.00116887
0.4
0.00116886
0.4
0.00116886
0.4
0.00116885
0.4
0.00116885
0.4
0.00116885
0.4
0.00116884
0.4
0.00116884
0.4
0.00116884
0.4
0.00116884
0.4
0.00116884
0.4
0.00116883
0.4
0.00116883
0.4
0.00116883
0.4
0.00116883
0.4
0.00116883
0.4
0.00116883
0.4
0.00116883
0.4
0.00116883
0.4
0.00116883
0.4
0.00116883
0.4
0.00116883
0.4
0.00116883
0.4
0.00116883
0.4
0.00116883
0.4
0.00116883
0.4
0.00116882
0.4
0.00116882
0.4
0.00116882
0.4
0.00116882
0.4
0.00116881
0.4
0.0011688
0.4
0.0011688
0.4
0.00116879
0.4
0.00116877
0.4
0.00116876
0.400001
0.00116874
0.400001
0.00116872
0.400001
0.0011687
0.400001
0.00116868
0.400001
0.00116866
0.400001
0.00116866
0.400001
0.00116869
0.400001
0.00116878
0.4
0.00116897
0.399998
0.00116935
0.399994
0.00117004
0.399987
0.00117128
0.399976
0.00117347
0.399957
0.0011775
0.399927
0.00118487
0.399881
0.0011985
0.399811
0.399742
0.000496893
0.391092
0.000639679
0.393206
0.000752466
0.395318
0.000827619
0.396982
0.000875435
0.39814
0.000904996
0.398907
0.000922651
0.39941
0.000932365
0.399734
0.000936862
0.399937
0.000938035
0.400059
0.000937192
0.400127
0.000935213
0.40016
0.000932675
0.400171
0.000929945
0.400168
0.000927247
0.400158
0.000924711
0.400143
0.000922404
0.400127
0.000920353
0.400111
0.00091856
0.400096
0.000917013
0.400082
0.000915691
0.400069
0.000914571
0.400058
0.000913629
0.400049
0.00091284
0.40004
0.000912181
0.400034
0.000911635
0.400028
0.000911182
0.400023
0.000910808
0.400019
0.0009105
0.400016
0.000910246
0.400013
0.000910037
0.40001
0.000909866
0.400009
0.000909726
0.400007
0.000909611
0.400006
0.000909516
0.400005
0.000909439
0.400004
0.000909376
0.400003
0.000909324
0.400003
0.000909282
0.400002
0.000909247
0.400002
0.000909219
0.400001
0.000909196
0.400001
0.000909177
0.400001
0.000909161
0.400001
0.000909148
0.400001
0.000909138
0.400001
0.00090913
0.4
0.000909123
0.4
0.000909117
0.4
0.000909112
0.4
0.000909108
0.4
0.000909105
0.4
0.000909102
0.4
0.0009091
0.4
0.000909098
0.4
0.000909097
0.4
0.000909096
0.4
0.000909095
0.4
0.000909094
0.4
0.000909093
0.4
0.000909092
0.4
0.000909092
0.4
0.000909092
0.4
0.000909091
0.4
0.000909091
0.4
0.000909091
0.4
0.00090909
0.4
0.00090909
0.4
0.00090909
0.4
0.000909089
0.4
0.000909089
0.4
0.000909088
0.4
0.000909087
0.4
0.000909086
0.4
0.000909084
0.4
0.000909081
0.4
0.000909078
0.4
0.000909075
0.4
0.00090907
0.4
0.000909063
0.4
0.000909055
0.4
0.000909046
0.400001
0.000909034
0.400001
0.000909019
0.400001
0.000909003
0.400001
0.000908986
0.400001
0.00090897
0.400001
0.000908959
0.400001
0.000908959
0.400001
0.000908985
0.400001
0.000909058
0.4
0.000909215
0.399997
0.000909519
0.399993
0.000910075
0.399986
0.000911069
0.399975
0.000912832
0.399956
0.000916068
0.399924
0.000922009
0.399875
0.000932968
0.3998
0.399725
0.000353392
0.390995
0.000455123
0.393104
0.000536014
0.395237
0.000590103
0.396928
0.000624569
0.398106
0.000645907
0.398886
0.000658682
0.399398
0.00066574
0.399727
0.000669037
0.399934
0.000669933
0.400058
0.00066937
0.400128
0.000667983
0.400162
0.000666186
0.400173
0.000664246
0.40017
0.000662325
0.40016
0.000660517
0.400145
0.000658871
0.400129
0.000657406
0.400112
0.000656125
0.400097
0.000655019
0.400083
0.000654074
0.40007
0.000653273
0.400059
0.000652599
0.400049
0.000652034
0.400041
0.000651563
0.400034
0.000651172
0.400028
0.000650848
0.400023
0.00065058
0.400019
0.00065036
0.400016
0.000650178
0.400013
0.000650029
0.400011
0.000649906
0.400009
0.000649805
0.400007
0.000649723
0.400006
0.000649655
0.400005
0.0006496
0.400004
0.000649555
0.400003
0.000649518
0.400003
0.000649487
0.400002
0.000649463
0.400002
0.000649442
0.400001
0.000649426
0.400001
0.000649412
0.400001
0.000649401
0.400001
0.000649392
0.400001
0.000649385
0.400001
0.000649378
0.4
0.000649373
0.4
0.000649369
0.4
0.000649366
0.4
0.000649363
0.4
0.000649361
0.4
0.000649359
0.4
0.000649357
0.4
0.000649356
0.4
0.000649355
0.4
0.000649354
0.4
0.000649353
0.4
0.000649353
0.4
0.000649352
0.4
0.000649352
0.4
0.000649351
0.4
0.000649351
0.4
0.000649351
0.4
0.000649351
0.4
0.00064935
0.4
0.00064935
0.4
0.00064935
0.4
0.00064935
0.4
0.000649349
0.4
0.000649349
0.4
0.000649348
0.4
0.000649348
0.4
0.000649347
0.4
0.000649345
0.4
0.000649344
0.4
0.000649342
0.4
0.000649339
0.4
0.000649335
0.4
0.000649331
0.4
0.000649325
0.4
0.000649318
0.400001
0.000649309
0.400001
0.000649299
0.400001
0.000649288
0.400001
0.000649276
0.400001
0.000649264
0.400001
0.000649257
0.400001
0.000649258
0.400001
0.000649277
0.400001
0.000649331
0.399999
0.000649447
0.399997
0.00064967
0.399993
0.000650077
0.399986
0.000650804
0.399974
0.000652094
0.399954
0.000654464
0.399922
0.000658818
0.39987
0.000666839
0.399792
0.399713
0.000211435
0.390937
0.000272364
0.393043
0.000321025
0.395189
0.00035364
0.396895
0.000374445
0.398085
0.000387336
0.398873
0.000395067
0.39939
0.000399349
0.399722
0.000401362
0.399932
0.000401923
0.400057
0.000401601
0.400128
0.000400779
0.400162
0.000399708
0.400174
0.000398548
0.400171
0.000397397
0.400161
0.000396314
0.400146
0.000395327
0.40013
0.000394448
0.400113
0.000393679
0.400098
0.000393016
0.400083
0.000392448
0.400071
0.000391967
0.400059
0.000391562
0.40005
0.000391223
0.400041
0.00039094
0.400034
0.000390705
0.400028
0.00039051
0.400023
0.000390349
0.400019
0.000390217
0.400016
0.000390108
0.400013
0.000390018
0.400011
0.000389944
0.400009
0.000389884
0.400007
0.000389834
0.400006
0.000389793
0.400005
0.00038976
0.400004
0.000389733
0.400003
0.000389711
0.400003
0.000389692
0.400002
0.000389678
0.400002
0.000389665
0.400001
0.000389655
0.400001
0.000389647
0.400001
0.000389641
0.400001
0.000389635
0.400001
0.000389631
0.400001
0.000389627
0.4
0.000389624
0.4
0.000389621
0.4
0.00038962
0.4
0.000389618
0.4
0.000389616
0.4
0.000389615
0.4
0.000389614
0.4
0.000389613
0.4
0.000389613
0.4
0.000389612
0.4
0.000389612
0.4
0.000389611
0.4
0.000389611
0.4
0.000389611
0.4
0.000389611
0.4
0.00038961
0.4
0.00038961
0.4
0.00038961
0.4
0.00038961
0.4
0.00038961
0.4
0.00038961
0.4
0.00038961
0.4
0.00038961
0.4
0.000389609
0.4
0.000389609
0.4
0.000389608
0.4
0.000389608
0.4
0.000389607
0.4
0.000389606
0.4
0.000389605
0.4
0.000389603
0.4
0.000389601
0.4
0.000389598
0.4
0.000389595
0.4
0.000389591
0.400001
0.000389585
0.400001
0.000389579
0.400001
0.000389572
0.400001
0.000389565
0.400001
0.000389558
0.400001
0.000389554
0.400001
0.000389555
0.400001
0.000389567
0.400001
0.0003896
0.399999
0.000389671
0.399997
0.000389807
0.399993
0.000390055
0.399986
0.000390498
0.399974
0.000391285
0.399954
0.000392731
0.39992
0.000395388
0.399868
0.000400278
0.399787
0.399705
7.03816e-05
0.390917
9.06716e-05
0.393023
0.000106912
0.395173
0.00011781
0.396885
0.000124766
0.398078
0.000129078
0.398869
0.000131665
0.399387
0.0001331
0.399721
0.000133777
0.399931
0.000133968
0.400057
0.000133863
0.400128
0.000133591
0.400163
0.000133235
0.400174
0.000132849
0.400172
0.000132466
0.400161
0.000132105
0.400147
0.000131776
0.40013
0.000131483
0.400114
0.000131227
0.400098
0.000131006
0.400084
0.000130816
0.400071
0.000130656
0.40006
0.000130521
0.40005
0.000130408
0.400041
0.000130313
0.400034
0.000130235
0.400028
0.00013017
0.400024
0.000130116
0.400019
0.000130072
0.400016
0.000130036
0.400013
0.000130006
0.400011
0.000129981
0.400009
0.000129961
0.400007
0.000129944
0.400006
0.000129931
0.400005
0.00012992
0.400004
0.000129911
0.400003
0.000129903
0.400003
0.000129897
0.400002
0.000129892
0.400002
0.000129888
0.400001
0.000129885
0.400001
0.000129882
0.400001
0.00012988
0.400001
0.000129878
0.400001
0.000129877
0.400001
0.000129875
0.4
0.000129874
0.4
0.000129874
0.4
0.000129873
0.4
0.000129872
0.4
0.000129872
0.4
0.000129871
0.4
0.000129871
0.4
0.000129871
0.4
0.000129871
0.4
0.00012987
0.4
0.00012987
0.4
0.00012987
0.4
0.00012987
0.4
0.00012987
0.4
0.00012987
0.4
0.00012987
0.4
0.00012987
0.4
0.00012987
0.4
0.00012987
0.4
0.00012987
0.4
0.00012987
0.4
0.00012987
0.4
0.00012987
0.4
0.00012987
0.4
0.000129869
0.4
0.000129869
0.4
0.000129869
0.4
0.000129869
0.4
0.000129868
0.4
0.000129868
0.4
0.000129867
0.4
0.000129867
0.4
0.000129866
0.4
0.000129865
0.4
0.000129863
0.400001
0.000129861
0.400001
0.000129859
0.400001
0.000129857
0.400001
0.000129855
0.400001
0.000129852
0.400001
0.000129851
0.400001
0.000129851
0.400001
0.000129855
0.400001
0.000129866
0.399999
0.00012989
0.399997
0.000129936
0.399993
0.000130019
0.399986
0.000130168
0.399973
0.000130433
0.399953
0.000130919
0.39992
0.000131812
0.399867
0.000133455
0.399786
0.399703
-7.03743e-05
0.390937
-9.06668e-05
0.393043
-0.000106909
0.395189
-0.000117808
0.396895
-0.000124764
0.398085
-0.000129076
0.398873
-0.000131665
0.39939
-0.000133101
0.399722
-0.000133777
0.399932
-0.000133968
0.400057
-0.000133864
0.400128
-0.000133591
0.400162
-0.000133235
0.400174
-0.00013285
0.400171
-0.000132467
0.400161
-0.000132106
0.400146
-0.000131777
0.40013
-0.000131484
0.400113
-0.000131227
0.400098
-0.000131006
0.400083
-0.000130817
0.400071
-0.000130657
0.400059
-0.000130522
0.40005
-0.000130409
0.400041
-0.000130314
0.400034
-0.000130236
0.400028
-0.000130171
0.400023
-0.000130117
0.400019
-0.000130073
0.400016
-0.000130037
0.400013
-0.000130007
0.400011
-0.000129982
0.400009
-0.000129962
0.400007
-0.000129945
0.400006
-0.000129932
0.400005
-0.000129921
0.400004
-0.000129912
0.400003
-0.000129904
0.400003
-0.000129898
0.400002
-0.000129893
0.400002
-0.000129889
0.400001
-0.000129886
0.400001
-0.000129883
0.400001
-0.000129881
0.400001
-0.000129879
0.400001
-0.000129877
0.400001
-0.000129876
0.4
-0.000129875
0.4
-0.000129874
0.4
-0.000129874
0.4
-0.000129873
0.4
-0.000129872
0.4
-0.000129872
0.4
-0.000129872
0.4
-0.000129872
0.4
-0.000129872
0.4
-0.000129872
0.4
-0.000129871
0.4
-0.000129871
0.4
-0.000129871
0.4
-0.000129871
0.4
-0.000129871
0.4
-0.000129871
0.4
-0.000129871
0.4
-0.000129871
0.4
-0.000129871
0.4
-0.000129871
0.4
-0.00012987
0.4
-0.00012987
0.4
-0.00012987
0.4
-0.00012987
0.4
-0.00012987
0.4
-0.00012987
0.4
-0.00012987
0.4
-0.00012987
0.4
-0.000129869
0.4
-0.000129869
0.4
-0.000129868
0.4
-0.000129868
0.4
-0.000129867
0.4
-0.000129866
0.4
-0.000129864
0.400001
-0.000129863
0.400001
-0.000129861
0.400001
-0.000129858
0.400001
-0.000129856
0.400001
-0.000129854
0.400001
-0.000129852
0.400001
-0.000129853
0.400001
-0.000129857
0.400001
-0.000129868
0.399999
-0.000129892
0.399997
-0.000129938
0.399993
-0.000130021
0.399986
-0.00013017
0.399974
-0.000130434
0.399954
-0.00013092
0.39992
-0.000131812
0.399868
-0.000133455
0.399787
0.399705
-0.000211428
0.390995
-0.000272359
0.393104
-0.000321022
0.395237
-0.000353638
0.396928
-0.000374443
0.398106
-0.000387334
0.398886
-0.000395067
0.399398
-0.00039935
0.399727
-0.000401361
0.399934
-0.000401923
0.400058
-0.000401601
0.400128
-0.000400779
0.400162
-0.000399708
0.400173
-0.000398548
0.40017
-0.000397398
0.40016
-0.000396315
0.400145
-0.000395327
0.400129
-0.000394448
0.400112
-0.00039368
0.400097
-0.000393016
0.400083
-0.000392449
0.40007
-0.000391968
0.400059
-0.000391563
0.400049
-0.000391224
0.400041
-0.000390941
0.400034
-0.000390706
0.400028
-0.000390511
0.400023
-0.00039035
0.400019
-0.000390218
0.400016
-0.000390109
0.400013
-0.000390019
0.400011
-0.000389945
0.400009
-0.000389885
0.400007
-0.000389835
0.400006
-0.000389795
0.400005
-0.000389761
0.400004
-0.000389734
0.400003
-0.000389712
0.400003
-0.000389694
0.400002
-0.000389679
0.400002
-0.000389666
0.400001
-0.000389656
0.400001
-0.000389648
0.400001
-0.000389641
0.400001
-0.000389636
0.400001
-0.000389631
0.400001
-0.000389628
0.4
-0.000389625
0.4
-0.000389622
0.4
-0.00038962
0.4
-0.000389618
0.4
-0.000389617
0.4
-0.000389616
0.4
-0.000389615
0.4
-0.000389614
0.4
-0.000389614
0.4
-0.000389613
0.4
-0.000389613
0.4
-0.000389613
0.4
-0.000389612
0.4
-0.000389612
0.4
-0.000389612
0.4
-0.000389612
0.4
-0.000389611
0.4
-0.000389611
0.4
-0.000389611
0.4
-0.000389611
0.4
-0.000389611
0.4
-0.00038961
0.4
-0.00038961
0.4
-0.00038961
0.4
-0.000389609
0.4
-0.000389609
0.4
-0.000389608
0.4
-0.000389608
0.4
-0.000389607
0.4
-0.000389606
0.4
-0.000389604
0.4
-0.000389602
0.4
-0.000389599
0.4
-0.000389596
0.4
-0.000389592
0.400001
-0.000389587
0.400001
-0.000389581
0.400001
-0.000389574
0.400001
-0.000389567
0.400001
-0.00038956
0.400001
-0.000389555
0.400001
-0.000389556
0.400001
-0.000389569
0.400001
-0.000389602
0.399999
-0.000389673
0.399997
-0.000389809
0.399993
-0.000390056
0.399986
-0.0003905
0.399974
-0.000391286
0.399954
-0.000392732
0.399922
-0.000395388
0.39987
-0.000400278
0.399792
0.399713
-0.000353385
0.391092
-0.000455119
0.393206
-0.000536011
0.395318
-0.000590101
0.396982
-0.000624568
0.39814
-0.000645905
0.398907
-0.000658682
0.39941
-0.000665741
0.399734
-0.000669036
0.399937
-0.000669933
0.400059
-0.00066937
0.400127
-0.000667983
0.40016
-0.000666186
0.400171
-0.000664247
0.400168
-0.000662326
0.400158
-0.000660518
0.400143
-0.000658871
0.400127
-0.000657406
0.400111
-0.000656125
0.400096
-0.00065502
0.400082
-0.000654075
0.400069
-0.000653274
0.400058
-0.0006526
0.400049
-0.000652035
0.40004
-0.000651564
0.400034
-0.000651173
0.400028
-0.000650849
0.400023
-0.000650581
0.400019
-0.000650361
0.400016
-0.000650179
0.400013
-0.00065003
0.40001
-0.000649907
0.400009
-0.000649807
0.400007
-0.000649724
0.400006
-0.000649657
0.400005
-0.000649601
0.400004
-0.000649556
0.400003
-0.000649519
0.400003
-0.000649489
0.400002
-0.000649464
0.400002
-0.000649443
0.400001
-0.000649427
0.400001
-0.000649413
0.400001
-0.000649402
0.400001
-0.000649393
0.400001
-0.000649385
0.400001
-0.000649379
0.4
-0.000649374
0.4
-0.00064937
0.4
-0.000649366
0.4
-0.000649364
0.4
-0.000649361
0.4
-0.00064936
0.4
-0.000649358
0.4
-0.000649357
0.4
-0.000649356
0.4
-0.000649355
0.4
-0.000649354
0.4
-0.000649354
0.4
-0.000649353
0.4
-0.000649353
0.4
-0.000649353
0.4
-0.000649352
0.4
-0.000649352
0.4
-0.000649352
0.4
-0.000649351
0.4
-0.000649351
0.4
-0.000649351
0.4
-0.000649351
0.4
-0.00064935
0.4
-0.00064935
0.4
-0.000649349
0.4
-0.000649348
0.4
-0.000649347
0.4
-0.000649346
0.4
-0.000649345
0.4
-0.000649342
0.4
-0.00064934
0.4
-0.000649336
0.4
-0.000649332
0.4
-0.000649326
0.4
-0.000649319
0.400001
-0.000649311
0.400001
-0.000649301
0.400001
-0.000649289
0.400001
-0.000649277
0.400001
-0.000649266
0.400001
-0.000649258
0.400001
-0.000649259
0.400001
-0.000649279
0.400001
-0.000649333
0.4
-0.000649448
0.399997
-0.000649671
0.399993
-0.000650078
0.399986
-0.000650805
0.399975
-0.000652095
0.399956
-0.000654465
0.399924
-0.000658818
0.399875
-0.000666839
0.3998
0.399725
-0.000496887
0.39123
-0.000639674
0.393349
-0.000752464
0.395431
-0.000827618
0.397057
-0.000875434
0.398188
-0.000904995
0.398937
-0.000922651
0.399428
-0.000932366
0.399743
-0.000936861
0.399941
-0.000938035
0.40006
-0.000937192
0.400126
-0.000935213
0.400158
-0.000932675
0.400169
-0.000929945
0.400166
-0.000927248
0.400155
-0.000924711
0.400141
-0.000922404
0.400125
-0.000920353
0.400109
-0.00091856
0.400094
-0.000917013
0.40008
-0.000915692
0.400068
-0.000914572
0.400057
-0.00091363
0.400048
-0.00091284
0.40004
-0.000912182
0.400033
-0.000911636
0.400027
-0.000911183
0.400022
-0.000910809
0.400019
-0.000910501
0.400015
-0.000910247
0.400012
-0.000910039
0.40001
-0.000909867
0.400008
-0.000909727
0.400007
-0.000909612
0.400006
-0.000909518
0.400005
-0.00090944
0.400004
-0.000909377
0.400003
-0.000909325
0.400002
-0.000909283
0.400002
-0.000909248
0.400002
-0.00090922
0.400001
-0.000909197
0.400001
-0.000909178
0.400001
-0.000909162
0.400001
-0.000909149
0.400001
-0.000909139
0.4
-0.00090913
0.4
-0.000909123
0.4
-0.000909118
0.4
-0.000909113
0.4
-0.000909109
0.4
-0.000909106
0.4
-0.000909103
0.4
-0.000909101
0.4
-0.000909099
0.4
-0.000909098
0.4
-0.000909097
0.4
-0.000909096
0.4
-0.000909095
0.4
-0.000909094
0.4
-0.000909094
0.4
-0.000909093
0.4
-0.000909093
0.4
-0.000909093
0.4
-0.000909092
0.4
-0.000909092
0.4
-0.000909091
0.4
-0.000909091
0.4
-0.000909091
0.4
-0.00090909
0.4
-0.000909089
0.4
-0.000909088
0.4
-0.000909087
0.4
-0.000909086
0.4
-0.000909084
0.4
-0.000909082
0.4
-0.000909079
0.4
-0.000909075
0.4
-0.000909071
0.4
-0.000909064
0.4
-0.000909057
0.4
-0.000909047
0.4
-0.000909035
0.400001
-0.000909021
0.400001
-0.000909005
0.400001
-0.000908988
0.400001
-0.000908971
0.400001
-0.00090896
0.400001
-0.000908961
0.400001
-0.000908987
0.400001
-0.00090906
0.4
-0.000909217
0.399998
-0.000909521
0.399994
-0.000910077
0.399987
-0.000911071
0.399976
-0.000912834
0.399957
-0.000916069
0.399927
-0.00092201
0.399881
-0.000932968
0.399811
0.399742
-0.000642632
0.391409
-0.00082678
0.393533
-0.000970967
0.395575
-0.00106661
0.397153
-0.00112733
0.398249
-0.00116481
0.398974
-0.00118711
0.39945
-0.00119932
0.399756
-0.00120489
0.399947
-0.00120626
0.400061
-0.00120509
0.400125
-0.00120248
0.400156
-0.00119918
0.400165
-0.00119564
0.400162
-0.00119216
0.400152
-0.00118889
0.400137
-0.00118592
0.400122
-0.00118328
0.400106
-0.00118098
0.400092
-0.00117899
0.400078
-0.0011773
0.400066
-0.00117586
0.400056
-0.00117465
0.400046
-0.00117364
0.400039
-0.00117279
0.400032
-0.00117209
0.400027
-0.00117151
0.400022
-0.00117103
0.400018
-0.00117064
0.400015
-0.00117031
0.400012
-0.00117004
0.40001
-0.00116982
0.400008
-0.00116965
0.400007
-0.0011695
0.400005
-0.00116938
0.400004
-0.00116928
0.400004
-0.0011692
0.400003
-0.00116913
0.400002
-0.00116908
0.400002
-0.00116903
0.400002
-0.001169
0.400001
-0.00116897
0.400001
-0.00116894
0.400001
-0.00116892
0.400001
-0.00116891
0.400001
-0.00116889
0.4
-0.00116888
0.4
-0.00116887
0.4
-0.00116886
0.4
-0.00116886
0.4
-0.00116885
0.4
-0.00116885
0.4
-0.00116885
0.4
-0.00116884
0.4
-0.00116884
0.4
-0.00116884
0.4
-0.00116884
0.4
-0.00116884
0.4
-0.00116884
0.4
-0.00116884
0.4
-0.00116883
0.4
-0.00116883
0.4
-0.00116883
0.4
-0.00116883
0.4
-0.00116883
0.4
-0.00116883
0.4
-0.00116883
0.4
-0.00116883
0.4
-0.00116883
0.4
-0.00116883
0.4
-0.00116883
0.4
-0.00116883
0.4
-0.00116883
0.4
-0.00116882
0.4
-0.00116882
0.4
-0.00116882
0.4
-0.00116882
0.4
-0.00116881
0.4
-0.0011688
0.4
-0.0011688
0.4
-0.00116879
0.4
-0.00116877
0.4
-0.00116876
0.400001
-0.00116874
0.400001
-0.00116872
0.400001
-0.0011687
0.400001
-0.00116868
0.400001
-0.00116866
0.400001
-0.00116866
0.400001
-0.00116869
0.400001
-0.00116878
0.4
-0.00116897
0.399998
-0.00116935
0.399994
-0.00117004
0.399988
-0.00117128
0.399977
-0.00117347
0.39996
-0.0011775
0.399931
-0.00118487
0.399888
-0.0011985
0.399825
0.399763
-0.000791408
0.391632
-0.00101723
0.393759
-0.00119211
0.39575
-0.00130748
0.397268
-0.00138055
0.398322
-0.00142554
0.399019
-0.0014522
0.399477
-0.00146668
0.39977
-0.00147319
0.399953
-0.00147465
0.400063
-0.00147307
0.400123
-0.00146979
0.400152
-0.0014657
0.400161
-0.00146134
0.400158
-0.00145706
0.400147
-0.00145305
0.400133
-0.00144942
0.400118
-0.00144619
0.400103
-0.00144338
0.400089
-0.00144095
0.400076
-0.00143888
0.400064
-0.00143713
0.400054
-0.00143566
0.400045
-0.00143442
0.400037
-0.00143339
0.400031
-0.00143254
0.400026
-0.00143183
0.400021
-0.00143125
0.400017
-0.00143077
0.400014
-0.00143037
0.400012
-0.00143005
0.40001
-0.00142978
0.400008
-0.00142956
0.400006
-0.00142938
0.400005
-0.00142923
0.400004
-0.00142911
0.400004
-0.00142902
0.400003
-0.00142893
0.400002
-0.00142887
0.400002
-0.00142882
0.400002
-0.00142877
0.400001
-0.00142873
0.400001
-0.00142871
0.400001
-0.00142868
0.400001
-0.00142866
0.400001
-0.00142865
0.4
-0.00142863
0.4
-0.00142862
0.4
-0.00142861
0.4
-0.0014286
0.4
-0.0014286
0.4
-0.00142859
0.4
-0.00142859
0.4
-0.00142859
0.4
-0.00142858
0.4
-0.00142858
0.4
-0.00142858
0.4
-0.00142858
0.4
-0.00142858
0.4
-0.00142858
0.4
-0.00142858
0.4
-0.00142857
0.4
-0.00142857
0.4
-0.00142857
0.4
-0.00142857
0.4
-0.00142857
0.4
-0.00142857
0.4
-0.00142857
0.4
-0.00142857
0.4
-0.00142857
0.4
-0.00142857
0.4
-0.00142857
0.4
-0.00142857
0.4
-0.00142856
0.4
-0.00142856
0.4
-0.00142856
0.4
-0.00142855
0.4
-0.00142855
0.4
-0.00142854
0.4
-0.00142853
0.4
-0.00142852
0.4
-0.0014285
0.4
-0.00142848
0.400001
-0.00142846
0.400001
-0.00142844
0.400001
-0.00142841
0.400001
-0.00142838
0.400001
-0.00142836
0.400001
-0.00142836
0.400001
-0.00142839
0.400001
-0.00142849
0.4
-0.00142872
0.399998
-0.00142916
0.399994
-0.00142997
0.399989
-0.00143142
0.399978
-0.001434
0.399962
-0.0014387
0.399936
-0.00144733
0.399897
-0.00146328
0.399841
0.399788
-0.000944123
0.3919
-0.00121184
0.394026
-0.00141649
0.395955
-0.00155065
0.397402
-0.00163538
0.398407
-0.00168739
0.399071
-0.00171804
0.399508
-0.00173454
0.399787
-0.0017418
0.399961
-0.00174323
0.400064
-0.00174116
0.400121
-0.00173716
0.400148
-0.00173223
0.400156
-0.00172703
0.400152
-0.00172194
0.400142
-0.00171719
0.400129
-0.00171289
0.400114
-0.00170908
0.400099
-0.00170575
0.400085
-0.00170289
0.400073
-0.00170045
0.400062
-0.00169838
0.400052
-0.00169665
0.400043
-0.00169519
0.400036
-0.00169398
0.40003
-0.00169298
0.400025
-0.00169214
0.40002
-0.00169146
0.400017
-0.00169089
0.400014
-0.00169043
0.400011
-0.00169004
0.400009
-0.00168973
0.400008
-0.00168947
0.400006
-0.00168926
0.400005
-0.00168909
0.400004
-0.00168895
0.400003
-0.00168883
0.400003
-0.00168874
0.400002
-0.00168866
0.400002
-0.0016886
0.400001
-0.00168854
0.400001
-0.0016885
0.400001
-0.00168847
0.400001
-0.00168844
0.400001
-0.00168842
0.400001
-0.0016884
0.4
-0.00168838
0.4
-0.00168837
0.4
-0.00168836
0.4
-0.00168835
0.4
-0.00168834
0.4
-0.00168834
0.4
-0.00168833
0.4
-0.00168833
0.4
-0.00168832
0.4
-0.00168832
0.4
-0.00168832
0.4
-0.00168832
0.4
-0.00168832
0.4
-0.00168832
0.4
-0.00168831
0.4
-0.00168831
0.4
-0.00168831
0.4
-0.00168831
0.4
-0.00168831
0.4
-0.00168831
0.4
-0.00168831
0.4
-0.00168831
0.4
-0.00168831
0.4
-0.00168831
0.4
-0.00168831
0.4
-0.00168831
0.4
-0.0016883
0.4
-0.0016883
0.4
-0.0016883
0.4
-0.00168829
0.4
-0.00168829
0.4
-0.00168828
0.4
-0.00168827
0.4
-0.00168826
0.4
-0.00168825
0.4
-0.00168823
0.4
-0.00168821
0.400001
-0.00168818
0.400001
-0.00168815
0.400001
-0.00168812
0.400001
-0.00168808
0.400001
-0.00168806
0.400001
-0.00168805
0.400001
-0.00168809
0.400001
-0.0016882
0.4
-0.00168845
0.399998
-0.00168894
0.399995
-0.00168985
0.399989
-0.00169149
0.39998
-0.00169437
0.399965
-0.00169965
0.399941
-0.00170929
0.399906
-0.00172716
0.399859
0.399816
-0.00110185
0.392216
-0.00141151
0.394336
-0.00164469
0.396188
-0.00179651
0.397554
-0.00189207
0.398502
-0.00195053
0.39913
-0.00198476
0.399542
-0.00200298
0.399805
-0.00201077
0.399969
-0.00201203
0.400066
-0.00200937
0.400119
-0.00200458
0.400144
-0.00199878
0.40015
-0.00199272
0.400146
-0.00198681
0.400136
-0.0019813
0.400123
-0.00197633
0.400109
-0.00197193
0.400095
-0.0019681
0.400082
-0.0019648
0.40007
-0.00196199
0.400059
-0.00195961
0.400049
-0.00195762
0.400041
-0.00195594
0.400034
-0.00195455
0.400028
-0.0019534
0.400024
-0.00195244
0.400019
-0.00195166
0.400016
-0.00195101
0.400013
-0.00195047
0.400011
-0.00195003
0.400009
-0.00194967
0.400007
-0.00194938
0.400006
-0.00194914
0.400005
-0.00194894
0.400004
-0.00194878
0.400003
-0.00194864
0.400003
-0.00194854
0.400002
-0.00194845
0.400002
-0.00194837
0.400001
-0.00194832
0.400001
-0.00194827
0.400001
-0.00194823
0.400001
-0.00194819
0.400001
-0.00194817
0.400001
-0.00194815
0.4
-0.00194813
0.4
-0.00194811
0.4
-0.0019481
0.4
-0.00194809
0.4
-0.00194808
0.4
-0.00194808
0.4
-0.00194807
0.4
-0.00194807
0.4
-0.00194806
0.4
-0.00194806
0.4
-0.00194806
0.4
-0.00194806
0.4
-0.00194805
0.4
-0.00194805
0.4
-0.00194805
0.4
-0.00194805
0.4
-0.00194805
0.4
-0.00194805
0.4
-0.00194805
0.4
-0.00194805
0.4
-0.00194805
0.4
-0.00194805
0.4
-0.00194805
0.4
-0.00194804
0.4
-0.00194804
0.4
-0.00194804
0.4
-0.00194804
0.4
-0.00194804
0.4
-0.00194803
0.4
-0.00194803
0.4
-0.00194802
0.4
-0.00194801
0.4
-0.001948
0.4
-0.00194799
0.4
-0.00194797
0.4
-0.00194795
0.4
-0.00194793
0.400001
-0.0019479
0.400001
-0.00194786
0.400001
-0.00194782
0.400001
-0.00194778
0.400001
-0.00194775
0.400001
-0.00194774
0.400001
-0.00194777
0.400001
-0.00194789
0.4
-0.00194816
0.399998
-0.00194869
0.399996
-0.00194968
0.39999
-0.00195146
0.399982
-0.00195459
0.399968
-0.0019603
0.399947
-0.00197071
0.399917
-0.00199
0.399878
0.399846
-0.00126585
0.392585
-0.00161716
0.394687
-0.00187729
0.396448
-0.00204546
0.397722
-0.00215091
0.398608
-0.00221515
0.399194
-0.00225246
0.399579
-0.00227205
0.399824
-0.00228015
0.399977
-0.00228106
0.400066
-0.00227772
0.400115
-0.00227206
0.400138
-0.00226535
0.400144
-0.00225839
0.400139
-0.00225164
0.40013
-0.00224537
0.400117
-0.00223973
0.400103
-0.00223474
0.40009
-0.0022304
0.400077
-0.00222667
0.400066
-0.00222349
0.400056
-0.00222081
0.400047
-0.00221856
0.400039
-0.00221667
0.400032
-0.0022151
0.400027
-0.0022138
0.400022
-0.00221273
0.400018
-0.00221184
0.400015
-0.00221111
0.400012
-0.0022105
0.40001
-0.00221001
0.400008
-0.00220961
0.400007
-0.00220927
0.400006
-0.002209
0.400005
-0.00220878
0.400004
-0.0022086
0.400003
-0.00220845
0.400002
-0.00220833
0.400002
-0.00220823
0.400002
-0.00220814
0.400001
-0.00220808
0.400001
-0.00220802
0.400001
-0.00220798
0.400001
-0.00220794
0.400001
-0.00220791
0.4
-0.00220789
0.4
-0.00220787
0.4
-0.00220785
0.4
-0.00220784
0.4
-0.00220783
0.4
-0.00220782
0.4
-0.00220781
0.4
-0.00220781
0.4
-0.0022078
0.4
-0.0022078
0.4
-0.00220779
0.4
-0.00220779
0.4
-0.00220779
0.4
-0.00220779
0.4
-0.00220778
0.4
-0.00220778
0.4
-0.00220778
0.4
-0.00220778
0.4
-0.00220778
0.4
-0.00220778
0.4
-0.00220778
0.4
-0.00220778
0.4
-0.00220778
0.4
-0.00220778
0.4
-0.00220777
0.4
-0.00220777
0.4
-0.00220777
0.4
-0.00220777
0.4
-0.00220777
0.4
-0.00220776
0.4
-0.00220776
0.4
-0.00220775
0.4
-0.00220774
0.4
-0.00220773
0.4
-0.00220771
0.4
-0.0022077
0.4
-0.00220767
0.4
-0.00220764
0.400001
-0.00220761
0.400001
-0.00220757
0.400001
-0.00220752
0.400001
-0.00220748
0.400001
-0.00220744
0.400001
-0.00220742
0.400001
-0.00220745
0.400001
-0.00220756
0.4
-0.00220784
0.399999
-0.0022084
0.399996
-0.00220945
0.399991
-0.00221132
0.399984
-0.00221464
0.399972
-0.00222064
0.399953
-0.00223152
0.399928
-0.0022517
0.399898
0.399878
-0.00143764
0.39301
-0.00182977
0.395079
-0.00211487
0.396733
-0.00229785
0.397905
-0.00241212
0.398722
-0.00248139
0.399263
-0.00252125
0.399619
-0.00254183
0.399845
-0.00254995
0.399985
-0.00255035
0.400067
-0.00254619
0.400111
-0.00253959
0.400131
-0.00253192
0.400136
-0.00252403
0.400132
-0.00251642
0.400122
-0.00250939
0.40011
-0.00250307
0.400097
-0.00249749
0.400084
-0.00249265
0.400072
-0.00248849
0.400062
-0.00248495
0.400052
-0.00248196
0.400044
-0.00247945
0.400036
-0.00247736
0.40003
-0.00247562
0.400025
-0.00247417
0.400021
-0.00247297
0.400017
-0.00247199
0.400014
-0.00247118
0.400012
-0.00247051
0.400009
-0.00246996
0.400008
-0.00246951
0.400006
-0.00246914
0.400005
-0.00246884
0.400004
-0.0024686
0.400003
-0.00246839
0.400003
-0.00246823
0.400002
-0.00246809
0.400002
-0.00246798
0.400002
-0.00246789
0.400001
-0.00246782
0.400001
-0.00246776
0.400001
-0.00246771
0.400001
-0.00246767
0.400001
-0.00246764
0.4
-0.00246761
0.4
-0.00246759
0.4
-0.00246757
0.4
-0.00246756
0.4
-0.00246754
0.4
-0.00246753
0.4
-0.00246753
0.4
-0.00246752
0.4
-0.00246751
0.4
-0.00246751
0.4
-0.00246751
0.4
-0.0024675
0.4
-0.0024675
0.4
-0.0024675
0.4
-0.0024675
0.4
-0.00246749
0.4
-0.00246749
0.4
-0.00246749
0.4
-0.00246749
0.4
-0.00246749
0.4
-0.00246749
0.4
-0.00246749
0.4
-0.00246749
0.4
-0.00246749
0.4
-0.00246749
0.4
-0.00246748
0.4
-0.00246748
0.4
-0.00246748
0.4
-0.00246748
0.4
-0.00246747
0.4
-0.00246747
0.4
-0.00246746
0.4
-0.00246745
0.4
-0.00246744
0.4
-0.00246742
0.4
-0.0024674
0.4
-0.00246737
0.4
-0.00246734
0.4
-0.0024673
0.400001
-0.00246726
0.400001
-0.0024672
0.400001
-0.00246715
0.400001
-0.0024671
0.400001
-0.00246708
0.400001
-0.00246709
0.400001
-0.00246721
0.4
-0.00246748
0.399999
-0.00246806
0.399997
-0.00246913
0.399993
-0.00247107
0.399986
-0.00247448
0.399975
-0.00248062
0.399959
-0.00249168
0.399939
-0.00251213
0.399918
0.39991
-0.00161905
0.393496
-0.00205033
0.395511
-0.00235797
0.397041
-0.00255403
0.398101
-0.0026759
0.398844
-0.00274938
0.399337
-0.00279117
0.399661
-0.00281232
0.399866
-0.00282018
0.399993
-0.00281986
0.400067
-0.00281476
0.400106
-0.00280714
0.400124
-0.00279845
0.400127
-0.0027896
0.400123
-0.00278112
0.400113
-0.00277331
0.400102
-0.0027663
0.40009
-0.00276014
0.400078
-0.00275479
0.400067
-0.00275021
0.400057
-0.00274631
0.400048
-0.00274302
0.40004
-0.00274027
0.400034
-0.00273796
0.400028
-0.00273605
0.400023
-0.00273446
0.400019
-0.00273315
0.400016
-0.00273207
0.400013
-0.00273118
0.400011
-0.00273045
0.400009
-0.00272985
0.400007
-0.00272935
0.400006
-0.00272895
0.400005
-0.00272862
0.400004
-0.00272835
0.400003
-0.00272813
0.400003
-0.00272795
0.400002
-0.0027278
0.400002
-0.00272768
0.400001
-0.00272758
0.400001
-0.0027275
0.400001
-0.00272744
0.400001
-0.00272738
0.400001
-0.00272734
0.400001
-0.0027273
0.4
-0.00272727
0.4
-0.00272725
0.4
-0.00272723
0.4
-0.00272721
0.4
-0.0027272
0.4
-0.00272719
0.4
-0.00272718
0.4
-0.00272717
0.4
-0.00272717
0.4
-0.00272716
0.4
-0.00272716
0.4
-0.00272716
0.4
-0.00272715
0.4
-0.00272715
0.4
-0.00272715
0.4
-0.00272715
0.4
-0.00272715
0.4
-0.00272714
0.4
-0.00272714
0.4
-0.00272714
0.4
-0.00272714
0.4
-0.00272714
0.4
-0.00272714
0.4
-0.00272714
0.4
-0.00272714
0.4
-0.00272714
0.4
-0.00272713
0.4
-0.00272713
0.4
-0.00272713
0.4
-0.00272712
0.4
-0.00272712
0.4
-0.00272711
0.4
-0.0027271
0.4
-0.00272708
0.4
-0.00272707
0.4
-0.00272704
0.4
-0.00272701
0.4
-0.00272698
0.4
-0.00272693
0.400001
-0.00272688
0.400001
-0.00272683
0.400001
-0.00272677
0.400001
-0.00272671
0.400001
-0.00272667
0.400001
-0.00272668
0.400001
-0.00272678
0.4
-0.00272705
0.399999
-0.00272762
0.399997
-0.0027287
0.399994
-0.00273065
0.399988
-0.00273408
0.399978
-0.0027402
0.399965
-0.00275113
0.39995
-0.0027712
0.399939
0.399941
-0.00181217
0.39405
-0.00227982
0.395978
-0.00260702
0.397368
-0.00281422
0.398309
-0.00294236
0.398972
-0.00301912
0.399414
-0.0030622
0.399704
-0.00308346
0.399887
-0.00309075
0.4
-0.0030895
0.400065
-0.00308331
0.4001
-0.00307458
0.400115
-0.00306481
0.400118
-0.00305497
0.400113
-0.0030456
0.400104
-0.003037
0.400093
-0.00302931
0.400082
-0.00302256
0.400071
-0.00301671
0.400061
-0.00301171
0.400052
-0.00300746
0.400044
-0.00300388
0.400037
-0.00300087
0.400031
-0.00299837
0.400026
-0.00299629
0.400021
-0.00299456
0.400017
-0.00299314
0.400014
-0.00299196
0.400012
-0.00299099
0.40001
-0.0029902
0.400008
-0.00298955
0.400007
-0.00298901
0.400005
-0.00298858
0.400004
-0.00298822
0.400004
-0.00298793
0.400003
-0.00298769
0.400002
-0.00298749
0.400002
-0.00298733
0.400002
-0.0029872
0.400001
-0.00298709
0.400001
-0.00298701
0.400001
-0.00298694
0.400001
-0.00298688
0.400001
-0.00298683
0.4
-0.00298679
0.4
-0.00298676
0.4
-0.00298673
0.4
-0.00298671
0.4
-0.0029867
0.4
-0.00298668
0.4
-0.00298667
0.4
-0.00298666
0.4
-0.00298665
0.4
-0.00298665
0.4
-0.00298664
0.4
-0.00298664
0.4
-0.00298663
0.4
-0.00298663
0.4
-0.00298663
0.4
-0.00298663
0.4
-0.00298662
0.4
-0.00298662
0.4
-0.00298662
0.4
-0.00298662
0.4
-0.00298662
0.4
-0.00298662
0.4
-0.00298662
0.4
-0.00298662
0.4
-0.00298662
0.4
-0.00298661
0.4
-0.00298661
0.4
-0.00298661
0.4
-0.00298661
0.4
-0.0029866
0.4
-0.0029866
0.4
-0.00298659
0.4
-0.00298658
0.4
-0.00298657
0.4
-0.00298655
0.4
-0.00298654
0.4
-0.00298651
0.4
-0.00298648
0.4
-0.00298644
0.4
-0.00298639
0.400001
-0.00298634
0.400001
-0.00298627
0.400001
-0.0029862
0.400001
-0.00298614
0.400001
-0.00298609
0.400001
-0.00298608
0.400001
-0.00298616
0.4
-0.00298642
0.4
-0.00298697
0.399998
-0.00298803
0.399995
-0.00298996
0.39999
-0.00299333
0.399982
-0.00299927
0.399971
-0.00300974
0.39996
-0.00302873
0.399958
0.39997
-0.00201925
0.394676
-0.00251899
0.396478
-0.00286222
0.397711
-0.00307839
0.398525
-0.00321135
0.399105
-0.0032904
0.399493
-0.00333406
0.399748
-0.00335494
0.399908
-0.00336132
0.400006
-0.00335892
0.400063
-0.0033515
0.400093
-0.00334156
0.400105
-0.00333066
0.400107
-0.00331979
0.400102
-0.0033095
0.400094
-0.00330011
0.400084
-0.00329173
0.400074
-0.00328439
0.400064
-0.00327805
0.400055
-0.00327263
0.400047
-0.00326803
0.400039
-0.00326416
0.400033
-0.00326092
0.400027
-0.00325822
0.400023
-0.00325597
0.400019
-0.00325411
0.400016
-0.00325257
0.400013
-0.00325131
0.400011
-0.00325027
0.400009
-0.00324941
0.400007
-0.00324871
0.400006
-0.00324814
0.400005
-0.00324767
0.400004
-0.00324728
0.400003
-0.00324697
0.400003
-0.00324671
0.400002
-0.0032465
0.400002
-0.00324633
0.400001
-0.00324619
0.400001
-0.00324608
0.400001
-0.00324598
0.400001
-0.00324591
0.400001
-0.00324584
0.400001
-0.00324579
0.4
-0.00324575
0.4
-0.00324572
0.4
-0.00324569
0.4
-0.00324567
0.4
-0.00324565
0.4
-0.00324563
0.4
-0.00324562
0.4
-0.00324561
0.4
-0.0032456
0.4
-0.0032456
0.4
-0.00324559
0.4
-0.00324559
0.4
-0.00324558
0.4
-0.00324558
0.4
-0.00324558
0.4
-0.00324557
0.4
-0.00324557
0.4
-0.00324557
0.4
-0.00324557
0.4
-0.00324557
0.4
-0.00324557
0.4
-0.00324557
0.4
-0.00324557
0.4
-0.00324556
0.4
-0.00324556
0.4
-0.00324556
0.4
-0.00324556
0.4
-0.00324556
0.4
-0.00324555
0.4
-0.00324555
0.4
-0.00324554
0.4
-0.00324554
0.4
-0.00324553
0.4
-0.00324552
0.4
-0.0032455
0.4
-0.00324548
0.4
-0.00324545
0.4
-0.00324542
0.4
-0.00324538
0.4
-0.00324532
0.4
-0.00324526
0.400001
-0.00324519
0.400001
-0.00324511
0.400001
-0.00324503
0.400001
-0.00324497
0.400001
-0.00324495
0.400001
-0.00324501
0.4
-0.00324523
0.4
-0.00324575
0.399998
-0.00324678
0.399996
-0.00324864
0.399991
-0.00325188
0.399985
-0.0032575
0.399977
-0.00326719
0.39997
-0.00328437
0.399975
0.399996
-0.00224224
0.39538
-0.00276799
0.397004
-0.00312304
0.398066
-0.00334576
0.398748
-0.00348196
0.399241
-0.00356223
0.399573
-0.00360574
0.399791
-0.00362572
0.399928
-0.00363085
0.400011
-0.00362707
0.400059
-0.00361827
0.400084
-0.00360702
0.400094
-0.00359493
0.400095
-0.00358299
0.40009
-0.00357177
0.400083
-0.00356157
0.400074
-0.0035525
0.400065
-0.00354458
0.400056
-0.00353775
0.400048
-0.00353192
0.400041
-0.00352698
0.400034
-0.00352283
0.400029
-0.00351935
0.400024
-0.00351645
0.40002
-0.00351405
0.400016
-0.00351205
0.400014
-0.00351041
0.400011
-0.00350906
0.400009
-0.00350795
0.400008
-0.00350703
0.400006
-0.00350628
0.400005
-0.00350567
0.400004
-0.00350517
0.400003
-0.00350476
0.400003
-0.00350442
0.400002
-0.00350415
0.400002
-0.00350393
0.400002
-0.00350374
0.400001
-0.00350359
0.400001
-0.00350347
0.400001
-0.00350337
0.400001
-0.00350329
0.400001
-0.00350323
0.4
-0.00350317
0.4
-0.00350313
0.4
-0.00350309
0.4
-0.00350306
0.4
-0.00350304
0.4
-0.00350302
0.4
-0.003503
0.4
-0.00350299
0.4
-0.00350298
0.4
-0.00350297
0.4
-0.00350296
0.4
-0.00350296
0.4
-0.00350295
0.4
-0.00350295
0.4
-0.00350294
0.4
-0.00350294
0.4
-0.00350294
0.4
-0.00350294
0.4
-0.00350294
0.4
-0.00350294
0.4
-0.00350293
0.4
-0.00350293
0.4
-0.00350293
0.4
-0.00350293
0.4
-0.00350293
0.4
-0.00350293
0.4
-0.00350293
0.4
-0.00350292
0.4
-0.00350292
0.4
-0.00350292
0.4
-0.00350291
0.4
-0.00350291
0.4
-0.0035029
0.4
-0.00350289
0.4
-0.00350288
0.4
-0.00350286
0.4
-0.00350284
0.4
-0.00350281
0.4
-0.00350277
0.4
-0.00350273
0.4
-0.00350267
0.4
-0.0035026
0.4
-0.00350253
0.400001
-0.00350244
0.400001
-0.00350235
0.400001
-0.00350227
0.400001
-0.00350222
0.400001
-0.00350226
0.400001
-0.00350245
0.4
-0.00350292
0.399999
-0.00350388
0.399997
-0.00350563
0.399993
-0.00350868
0.399988
-0.00351386
0.399982
-0.00352247
0.399978
-0.00353708
0.399989
0.400017
-0.00248132
0.39616
-0.00302491
0.397547
-0.00338679
0.398428
-0.00361338
0.398974
-0.00375115
0.399379
-0.00383152
0.399653
-0.0038741
0.399834
-0.00389266
0.399947
-0.00389618
0.400015
-0.00389077
0.400054
-0.00388044
0.400073
-0.00386778
0.400081
-0.00385444
0.400081
-0.0038414
0.400077
-0.00382923
0.40007
-0.00381821
0.400063
-0.00380846
0.400055
-0.00379996
0.400048
-0.00379264
0.400041
-0.0037864
0.400035
-0.00378113
0.400029
-0.00377669
0.400024
-0.00377299
0.40002
-0.0037699
0.400017
-0.00376734
0.400014
-0.00376523
0.400012
-0.00376348
0.400009
-0.00376204
0.400008
-0.00376086
0.400006
-0.00375989
0.400005
-0.0037591
0.400004
-0.00375845
0.400003
-0.00375791
0.400003
-0.00375748
0.400002
-0.00375712
0.400002
-0.00375683
0.400002
-0.0037566
0.400001
-0.0037564
0.400001
-0.00375624
0.400001
-0.00375612
0.400001
-0.00375601
0.400001
-0.00375593
0.4
-0.00375586
0.4
-0.0037558
0.4
-0.00375575
0.4
-0.00375571
0.4
-0.00375568
0.4
-0.00375566
0.4
-0.00375564
0.4
-0.00375562
0.4
-0.00375561
0.4
-0.00375559
0.4
-0.00375559
0.4
-0.00375558
0.4
-0.00375557
0.4
-0.00375557
0.4
-0.00375556
0.4
-0.00375556
0.4
-0.00375556
0.4
-0.00375555
0.4
-0.00375555
0.4
-0.00375555
0.4
-0.00375555
0.4
-0.00375555
0.4
-0.00375555
0.4
-0.00375555
0.4
-0.00375555
0.4
-0.00375554
0.4
-0.00375554
0.4
-0.00375554
0.4
-0.00375554
0.4
-0.00375554
0.4
-0.00375553
0.4
-0.00375553
0.4
-0.00375552
0.4
-0.00375551
0.4
-0.0037555
0.4
-0.00375549
0.4
-0.00375547
0.4
-0.00375545
0.4
-0.00375542
0.4
-0.00375538
0.4
-0.00375533
0.4
-0.00375527
0.4
-0.0037552
0.4
-0.00375511
0.400001
-0.00375501
0.400001
-0.00375491
0.400001
-0.00375481
0.400001
-0.00375474
0.400001
-0.00375475
0.400001
-0.0037549
0.4
-0.00375531
0.399999
-0.00375618
0.399998
-0.0037578
0.399995
-0.0037606
0.399991
-0.00376521
0.399987
-0.00377249
0.399986
-0.00378378
0.400001
0.400033
-0.00273054
0.397012
-0.00328167
0.398099
-0.00364435
0.398791
-0.00387184
0.399202
-0.00400944
0.399516
-0.00408876
0.399733
-0.00412963
0.399875
-0.00414623
0.399963
-0.00414777
0.400016
-0.00414051
0.400046
-0.00412849
0.400061
-0.00411433
0.400067
-0.00409967
0.400067
-0.00408549
0.400063
-0.00407236
0.400057
-0.00406052
0.400051
-0.00405008
0.400045
-0.004041
0.400039
-0.0040332
0.400033
-0.00402657
0.400028
-0.00402097
0.400023
-0.00401626
0.40002
-0.00401233
0.400016
-0.00400906
0.400014
-0.00400636
0.400011
-0.00400412
0.400009
-0.00400227
0.400008
-0.00400075
0.400006
-0.00399951
0.400005
-0.00399848
0.400004
-0.00399764
0.400003
-0.00399696
0.400003
-0.0039964
0.400002
-0.00399594
0.400002
-0.00399557
0.400002
-0.00399526
0.400001
-0.00399501
0.400001
-0.00399481
0.400001
-0.00399464
0.400001
-0.00399451
0.400001
-0.0039944
0.4
-0.00399431
0.4
-0.00399423
0.4
-0.00399417
0.4
-0.00399412
0.4
-0.00399408
0.4
-0.00399405
0.4
-0.00399402
0.4
-0.003994
0.4
-0.00399399
0.4
-0.00399397
0.4
-0.00399396
0.4
-0.00399395
0.4
-0.00399394
0.4
-0.00399394
0.4
-0.00399393
0.4
-0.00399393
0.4
-0.00399392
0.4
-0.00399392
0.4
-0.00399392
0.4
-0.00399392
0.4
-0.00399391
0.4
-0.00399391
0.4
-0.00399391
0.4
-0.00399391
0.4
-0.00399391
0.4
-0.00399391
0.4
-0.00399391
0.4
-0.0039939
0.4
-0.0039939
0.4
-0.0039939
0.4
-0.0039939
0.4
-0.00399389
0.4
-0.00399389
0.4
-0.00399388
0.4
-0.00399387
0.4
-0.00399386
0.4
-0.00399385
0.4
-0.00399383
0.4
-0.00399381
0.4
-0.00399377
0.4
-0.00399373
0.4
-0.00399368
0.4
-0.00399362
0.4
-0.00399354
0.4
-0.00399345
0.4
-0.00399334
0.4
-0.00399322
0.400001
-0.0039931
0.400001
-0.00399301
0.400001
-0.00399297
0.400001
-0.00399307
0.4
-0.00399341
0.4
-0.00399417
0.399998
-0.00399563
0.399996
-0.00399815
0.399993
-0.00400212
0.399991
-0.00400786
0.399991
-0.00401514
0.400008
0.400041
-0.00296467
0.397909
-0.00351141
0.398645
-0.00386741
0.399147
-0.00409252
0.399427
-0.00422821
0.399652
-0.00430532
0.39981
-0.00434371
0.399913
-0.00435782
0.399977
-0.00435705
0.400016
-0.0043477
0.400037
-0.00433384
0.400048
-0.00431809
0.400051
-0.00430207
0.400051
-0.00428673
0.400048
-0.00427262
0.400043
-0.00425996
0.400038
-0.00424883
0.400034
-0.00423919
0.400029
-0.00423092
0.400025
-0.0042239
0.400021
-0.00421798
0.400018
-0.00421301
0.400015
-0.00420887
0.400012
-0.00420543
0.40001
-0.00420258
0.400008
-0.00420022
0.400007
-0.00419828
0.400006
-0.00419669
0.400005
-0.00419538
0.400004
-0.0041943
0.400003
-0.00419342
0.400003
-0.00419271
0.400002
-0.00419212
0.400002
-0.00419164
0.400001
-0.00419125
0.400001
-0.00419093
0.400001
-0.00419067
0.400001
-0.00419045
0.400001
-0.00419028
0.400001
-0.00419014
0.4
-0.00419002
0.4
-0.00418993
0.4
-0.00418985
0.4
-0.00418979
0.4
-0.00418974
0.4
-0.0041897
0.4
-0.00418966
0.4
-0.00418964
0.4
-0.00418961
0.4
-0.00418959
0.4
-0.00418958
0.4
-0.00418957
0.4
-0.00418956
0.4
-0.00418955
0.4
-0.00418954
0.4
-0.00418954
0.4
-0.00418953
0.4
-0.00418953
0.4
-0.00418953
0.4
-0.00418952
0.4
-0.00418952
0.4
-0.00418952
0.4
-0.00418952
0.4
-0.00418952
0.4
-0.00418952
0.4
-0.00418952
0.4
-0.00418951
0.4
-0.00418951
0.4
-0.00418951
0.4
-0.00418951
0.4
-0.00418951
0.4
-0.0041895
0.4
-0.0041895
0.4
-0.0041895
0.4
-0.00418949
0.4
-0.00418948
0.4
-0.00418947
0.4
-0.00418945
0.4
-0.00418943
0.4
-0.00418941
0.4
-0.00418937
0.4
-0.00418933
0.4
-0.00418928
0.4
-0.00418921
0.4
-0.00418913
0.4
-0.00418903
0.4
-0.00418891
0.4
-0.00418877
0.4
-0.00418864
0.4
-0.00418851
0.4
-0.00418844
0.4
-0.00418848
0.4
-0.00418873
0.4
-0.00418938
0.399999
-0.00419065
0.399998
-0.00419285
0.399996
-0.00419617
0.399994
-0.00420027
0.399995
-0.00420302
0.400011
0.40004
-0.00310085
0.398797
-0.00363057
0.399175
-0.00397024
0.399487
-0.00418937
0.399646
-0.0043215
0.399784
-0.00439527
0.399883
-0.00443048
0.399948
-0.00444162
0.399989
-0.00443823
0.400012
-0.00442661
0.400025
-0.00441081
0.400032
-0.00439341
0.400034
-0.00437599
0.400033
-0.00435949
0.400031
-0.00434441
0.400028
-0.00433094
0.400025
-0.00431915
0.400022
-0.00430895
0.400019
-0.00430024
0.400016
-0.00429284
0.400013
-0.00428662
0.400011
-0.00428141
0.400009
-0.00427707
0.400008
-0.00427346
0.400007
-0.00427048
0.400005
-0.00426801
0.400004
-0.00426599
0.400004
-0.00426432
0.400003
-0.00426295
0.400002
-0.00426183
0.400002
-0.00426092
0.400002
-0.00426017
0.400001
-0.00425956
0.400001
-0.00425906
0.400001
-0.00425865
0.400001
-0.00425832
0.400001
-0.00425805
0.4
-0.00425783
0.4
-0.00425765
0.4
-0.0042575
0.4
-0.00425738
0.4
-0.00425728
0.4
-0.0042572
0.4
-0.00425714
0.4
-0.00425709
0.4
-0.00425704
0.4
-0.00425701
0.4
-0.00425698
0.4
-0.00425696
0.4
-0.00425694
0.4
-0.00425692
0.4
-0.00425691
0.4
-0.0042569
0.4
-0.00425689
0.4
-0.00425688
0.4
-0.00425688
0.4
-0.00425687
0.4
-0.00425687
0.4
-0.00425687
0.4
-0.00425686
0.4
-0.00425686
0.4
-0.00425686
0.4
-0.00425686
0.4
-0.00425686
0.4
-0.00425686
0.4
-0.00425686
0.4
-0.00425685
0.4
-0.00425685
0.4
-0.00425685
0.4
-0.00425685
0.4
-0.00425685
0.4
-0.00425684
0.4
-0.00425684
0.4
-0.00425684
0.4
-0.00425683
0.4
-0.00425682
0.4
-0.00425681
0.4
-0.00425679
0.4
-0.00425677
0.4
-0.00425674
0.4
-0.00425671
0.4
-0.00425667
0.4
-0.00425661
0.4
-0.00425654
0.4
-0.00425645
0.4
-0.00425634
0.4
-0.00425621
0.4
-0.00425606
0.4
-0.0042559
0.4
-0.00425575
0.4
-0.00425563
0.4
-0.00425561
0.4
-0.00425577
0.4
-0.00425628
0.399999
-0.00425735
0.399999
-0.00425924
0.399997
-0.00426191
0.399997
-0.00426447
0.399998
-0.00426275
0.400009
0.400031
-0.00288541
0.399578
-0.00338318
0.399673
-0.0036951
0.399799
-0.00390434
0.399855
-0.00403147
0.399911
-0.00410084
0.399953
-0.00413233
0.39998
-0.00414017
0.399996
-0.00413401
0.400006
-0.00412005
0.400012
-0.00410231
0.400014
-0.00408328
0.400015
-0.00406452
0.400014
-0.00404691
0.400013
-0.00403091
0.400012
-0.00401669
0.400011
-0.00400429
0.400009
-0.00399359
0.400008
-0.00398447
0.400007
-0.00397675
0.400006
-0.00397025
0.400005
-0.00396483
0.400004
-0.00396031
0.400003
-0.00395657
0.400003
-0.00395347
0.400002
-0.00395092
0.400002
-0.00394882
0.400002
-0.00394709
0.400001
-0.00394568
0.400001
-0.00394452
0.400001
-0.00394358
0.400001
-0.0039428
0.400001
-0.00394217
0.4
-0.00394166
0.4
-0.00394124
0.4
-0.0039409
0.4
-0.00394062
0.4
-0.00394039
0.4
-0.0039402
0.4
-0.00394005
0.4
-0.00393993
0.4
-0.00393983
0.4
-0.00393975
0.4
-0.00393968
0.4
-0.00393963
0.4
-0.00393959
0.4
-0.00393955
0.4
-0.00393952
0.4
-0.0039395
0.4
-0.00393948
0.4
-0.00393946
0.4
-0.00393945
0.4
-0.00393944
0.4
-0.00393943
0.4
-0.00393942
0.4
-0.00393942
0.4
-0.00393941
0.4
-0.00393941
0.4
-0.00393941
0.4
-0.0039394
0.4
-0.0039394
0.4
-0.0039394
0.4
-0.0039394
0.4
-0.0039394
0.4
-0.0039394
0.4
-0.00393939
0.4
-0.00393939
0.4
-0.00393939
0.4
-0.00393939
0.4
-0.00393939
0.4
-0.00393939
0.4
-0.00393938
0.4
-0.00393938
0.4
-0.00393937
0.4
-0.00393937
0.4
-0.00393936
0.4
-0.00393935
0.4
-0.00393933
0.4
-0.00393931
0.4
-0.00393928
0.4
-0.00393925
0.4
-0.0039392
0.4
-0.00393914
0.4
-0.00393907
0.4
-0.00393897
0.4
-0.00393886
0.4
-0.00393872
0.4
-0.00393856
0.4
-0.00393838
0.4
-0.00393819
0.4
-0.00393803
0.4
-0.00393794
0.4
-0.00393801
0.4
-0.00393838
0.4
-0.00393924
0.399999
-0.00394083
0.399999
-0.00394294
0.399999
-0.00394431
0.399999
-0.00393946
0.400004
0.400015
-0.00178902
-0.00211625
-0.0023177
-0.00246257
-0.00255118
-0.00259836
-0.00261868
-0.00262223
-0.00261605
-0.00260452
-0.00259051
-0.00257578
-0.00256142
-0.00254803
-0.00253592
-0.00252521
-0.00251589
-0.00250787
-0.00250104
-0.00249527
-0.00249043
-0.00248639
-0.00248303
-0.00248024
-0.00247794
-0.00247605
-0.00247449
-0.00247321
-0.00247217
-0.00247131
-0.00247061
-0.00247004
-0.00246958
-0.0024692
-0.00246889
-0.00246864
-0.00246843
-0.00246826
-0.00246813
-0.00246802
-0.00246793
-0.00246785
-0.00246779
-0.00246774
-0.00246771
-0.00246767
-0.00246765
-0.00246763
-0.00246761
-0.00246759
-0.00246758
-0.00246757
-0.00246757
-0.00246756
-0.00246755
-0.00246755
-0.00246755
-0.00246754
-0.00246754
-0.00246754
-0.00246754
-0.00246754
-0.00246754
-0.00246753
-0.00246753
-0.00246753
-0.00246753
-0.00246753
-0.00246753
-0.00246753
-0.00246753
-0.00246753
-0.00246752
-0.00246752
-0.00246751
-0.00246751
-0.0024675
-0.00246749
-0.00246747
-0.00246745
-0.00246742
-0.00246739
-0.00246735
-0.00246729
-0.00246722
-0.00246713
-0.00246703
-0.0024669
-0.00246676
-0.00246661
-0.00246646
-0.00246636
-0.00246635
-0.00246653
-0.00246705
-0.00246804
-0.00246932
-0.0024699
-0.00246582
)
;

boundaryField
{
    inlet
    {
        type            calculated;
        value           nonuniform List<scalar> 
40
(
-0.00136677
-0.00210479
-0.00221303
-0.00206697
-0.00187925
-0.00170047
-0.00153904
-0.00139299
-0.00125855
-0.00113254
-0.00101263
-0.00089726
-0.000785333
-0.00067608
-0.000568923
-0.000463414
-0.00035918
-0.000255899
-0.000153282
-5.10548e-05
5.1043e-05
0.00015327
0.000255888
0.00035917
0.000463404
0.000568915
0.000676073
0.000785328
0.000897256
0.00101263
0.00113254
0.00125856
0.00139299
0.00153905
0.00170048
0.00187926
0.00206698
0.00221304
0.0021048
0.00136677
)
;
    }
    outlet
    {
        type            calculated;
        value           nonuniform List<scalar> 
40
(
0.00245125
0.00392294
0.00425364
0.00420268
0.00402312
0.00379904
0.00355836
0.0033103
0.00305794
0.00280236
0.00254403
0.00228321
0.00202014
0.00175503
0.00148814
0.00121971
0.000949998
0.00067929
0.000407864
0.000136003
-0.000136002
-0.000407862
-0.000679289
-0.000949997
-0.0012197
-0.00148814
-0.00175503
-0.00202014
-0.00228321
-0.00254403
-0.00280236
-0.00305794
-0.0033103
-0.00355836
-0.00379904
-0.00402312
-0.00420269
-0.00425365
-0.00392294
-0.00245125
)
;
    }
    lowerWall
    {
        type            calculated;
        value           nonuniform List<scalar> 
100
(
-0.4
-0.4
-0.4
-0.4
-0.4
-0.4
-0.4
-0.4
-0.4
-0.4
-0.4
-0.4
-0.4
-0.4
-0.4
-0.4
-0.4
-0.4
-0.4
-0.4
-0.4
-0.4
-0.4
-0.4
-0.4
-0.4
-0.4
-0.4
-0.4
-0.4
-0.4
-0.4
-0.4
-0.4
-0.4
-0.4
-0.4
-0.4
-0.4
-0.4
-0.4
-0.4
-0.4
-0.4
-0.4
-0.4
-0.4
-0.4
-0.4
-0.4
-0.4
-0.4
-0.4
-0.4
-0.4
-0.4
-0.4
-0.4
-0.4
-0.4
-0.4
-0.4
-0.4
-0.4
-0.4
-0.4
-0.4
-0.4
-0.4
-0.4
-0.4
-0.4
-0.4
-0.4
-0.4
-0.4
-0.4
-0.4
-0.4
-0.4
-0.4
-0.4
-0.4
-0.4
-0.4
-0.4
-0.4
-0.4
-0.4
-0.4
-0.4
-0.4
-0.4
-0.4
-0.4
-0.4
-0.4
-0.4
-0.4
-0.4
)
;
    }
    upperWall
    {
        type            calculated;
        value           nonuniform List<scalar> 
100
(
0.4
0.4
0.4
0.4
0.4
0.4
0.4
0.4
0.4
0.4
0.4
0.4
0.4
0.4
0.4
0.4
0.4
0.4
0.4
0.4
0.4
0.4
0.4
0.4
0.4
0.4
0.4
0.4
0.4
0.4
0.4
0.4
0.4
0.4
0.4
0.4
0.4
0.4
0.4
0.4
0.4
0.4
0.4
0.4
0.4
0.4
0.4
0.4
0.4
0.4
0.4
0.4
0.4
0.4
0.4
0.4
0.4
0.4
0.4
0.4
0.4
0.4
0.4
0.4
0.4
0.4
0.4
0.4
0.4
0.4
0.4
0.4
0.4
0.4
0.4
0.4
0.4
0.4
0.4
0.4
0.4
0.4
0.4
0.4
0.4
0.4
0.4
0.4
0.4
0.4
0.4
0.4
0.4
0.4
0.4
0.4
0.4
0.4
0.4
0.4
)
;
    }
    frontAndBack
    {
        type            empty;
        value           nonuniform 0();
    }
}


// ************************************************************************* //
