/*--------------------------------*- C++ -*----------------------------------*\
  =========                 |
  \\      /  F ield         | OpenFOAM: The Open Source CFD Toolbox
   \\    /   O peration     | Website:  https://openfoam.org
    \\  /    A nd           | Version:  7
     \\/     M anipulation  |
\*---------------------------------------------------------------------------*/
FoamFile
{
    version     2.0;
    format      ascii;
    class       volScalarField;
    location    "4";
    object      Uy;
}
// * * * * * * * * * * * * * * * * * * * * * * * * * * * * * * * * * * * * * //

dimensions      [0 1 -1 0 0 0 0];

internalField   nonuniform List<scalar> 
4000
(
0.056397
0.00359859
-0.00176417
-0.0020014
-0.00213091
-0.00203764
-0.00204475
-0.00203494
-0.00204441
-0.00204833
-0.0020541
-0.00205784
-0.00206127
-0.00206381
-0.00206588
-0.00206751
-0.00206884
-0.00206989
-0.00207074
-0.00207145
-0.00207202
-0.00207249
-0.00207289
-0.00207323
-0.00207351
-0.00207375
-0.00207396
-0.00207412
-0.00207427
-0.00207439
-0.0020745
-0.00207459
-0.00207467
-0.00207473
-0.00207479
-0.00207483
-0.00207488
-0.00207491
-0.00207494
-0.00207496
-0.00207499
-0.002075
-0.00207502
-0.00207503
-0.00207504
-0.00207505
-0.00207506
-0.00207506
-0.00207507
-0.00207507
-0.00207508
-0.00207507
-0.00207508
-0.00207508
-0.00207508
-0.00207508
-0.00207509
-0.00207508
-0.00207509
-0.00207509
-0.00207509
-0.00207509
-0.00207509
-0.00207509
-0.00207509
-0.00207509
-0.00207509
-0.00207509
-0.00207509
-0.00207509
-0.00207509
-0.00207509
-0.00207509
-0.00207509
-0.00207509
-0.00207509
-0.00207509
-0.00207508
-0.00207508
-0.00207508
-0.00207508
-0.00207507
-0.00207506
-0.00207505
-0.00207503
-0.00207501
-0.00207497
-0.00207492
-0.00207485
-0.00207476
-0.00207464
-0.0020745
-0.00207436
-0.00207435
-0.00207464
-0.00207528
-0.00207439
-0.00206119
-0.0020212
-0.00215161
0.128456
0.0160072
0.000986794
-7.15501e-05
-0.000505911
-0.000190913
-0.000202214
-0.000164397
-0.000194072
-0.000206929
-0.000226506
-0.00023949
-0.000251637
-0.000260851
-0.000268071
-0.000273774
-0.000278482
-0.00028232
-0.000285493
-0.000288146
-0.000290414
-0.000292312
-0.000293944
-0.00029535
-0.000296565
-0.000297583
-0.000298482
-0.00029925
-0.00029992
-0.000300484
-0.000300995
-0.000301413
-0.000301781
-0.000302089
-0.000302366
-0.000302583
-0.000302789
-0.000302948
-0.000303097
-0.000303206
-0.000303319
-0.000303395
-0.000303472
-0.000303526
-0.000303588
-0.00030362
-0.000303665
-0.000303688
-0.000303722
-0.000303731
-0.00030376
-0.000303767
-0.000303786
-0.000303786
-0.000303804
-0.000303801
-0.000303815
-0.00030381
-0.000303825
-0.00030382
-0.000303835
-0.000303828
-0.000303841
-0.000303835
-0.000303846
-0.000303837
-0.000303846
-0.000303838
-0.000303847
-0.000303836
-0.000303846
-0.000303838
-0.000303844
-0.000303835
-0.000303841
-0.000303831
-0.000303832
-0.00030382
-0.00030382
-0.000303801
-0.000303792
-0.000303765
-0.000303741
-0.000303693
-0.000303635
-0.000303544
-0.000303423
-0.000303241
-0.000302996
-0.000302653
-0.000302201
-0.000301645
-0.000301027
-0.000300675
-0.000300892
-0.000301454
-0.000293346
-0.000239577
-7.34795e-05
-0.000219218
0.13591
0.0244359
0.00334369
0.000823786
0.000102081
0.000607186
0.000612885
0.000676638
0.000628501
0.000604415
0.000569873
0.0005462
0.000524479
0.000507827
0.000494551
0.000484047
0.000475397
0.000468331
0.000462484
0.000457596
0.000453408
0.000449879
0.000446853
0.000444242
0.000441973
0.000440062
0.000438386
0.000436945
0.00043567
0.000434594
0.000433622
0.000432808
0.000432097
0.0004315
0.000430959
0.000430527
0.000430124
0.000429803
0.000429508
0.000429284
0.00042906
0.000428898
0.000428742
0.000428632
0.000428508
0.000428435
0.000428346
0.000428294
0.000428224
0.000428201
0.000428147
0.000428125
0.000428086
0.000428086
0.000428054
0.000428052
0.000428027
0.000428033
0.000428005
0.000428008
0.000427979
0.000427985
0.000427961
0.000427967
0.000427949
0.000427962
0.000427948
0.00042796
0.000427947
0.000427965
0.000427949
0.000427962
0.000427953
0.000427969
0.000427961
0.000427977
0.000427978
0.000428002
0.000428003
0.000428038
0.000428057
0.000428107
0.000428155
0.000428243
0.000428358
0.000428532
0.000428765
0.000429112
0.000429585
0.000430246
0.000431126
0.000432224
0.000433534
0.00043453
0.000435191
0.000436348
0.00045877
0.000569039
0.000943038
0.00117797
0.123302
0.0286629
0.00469219
0.000699974
-0.000186104
0.00044184
0.000479834
0.000561739
0.000499939
0.000464515
0.000416416
0.000382232
0.000351163
0.00032684
0.000307901
0.000293052
0.000280861
0.000270915
0.000262688
0.000255811
0.000249925
0.000244949
0.000240674
0.000236982
0.000233767
0.000231034
0.000228638
0.000226569
0.000224743
0.000223201
0.000221816
0.000220644
0.000219616
0.00021875
0.000217966
0.000217329
0.000216739
0.000216261
0.000215824
0.000215485
0.000215154
0.000214906
0.000214672
0.000214504
0.00021432
0.000214204
0.000214069
0.000213986
0.00021388
0.000213836
0.000213758
0.000213721
0.000213661
0.000213657
0.000213614
0.000213606
0.00021357
0.000213573
0.000213532
0.000213531
0.000213485
0.000213488
0.000213452
0.000213456
0.00021343
0.000213445
0.000213429
0.000213444
0.000213426
0.00021345
0.000213431
0.000213446
0.000213436
0.000213458
0.000213451
0.000213473
0.000213477
0.000213512
0.000213517
0.000213565
0.000213595
0.000213666
0.000213739
0.000213866
0.000214035
0.000214289
0.000214628
0.000215129
0.000215819
0.000216782
0.000218079
0.000219719
0.000221789
0.000223663
0.000226069
0.000230498
0.000271502
0.000444071
0.00104958
0.00176922
0.109984
0.0309707
0.00569805
0.000547338
-0.000407832
0.000296822
0.000368627
0.000461672
0.000390625
0.000345799
0.000287351
0.000244968
0.000206887
0.000176984
0.000153492
0.000135008
0.000119841
0.000107463
9.72126e-05
8.86265e-05
8.12628e-05
7.50002e-05
6.95894e-05
6.48875e-05
6.07569e-05
5.71889e-05
5.40223e-05
5.1252e-05
4.88992e-05
4.69599e-05
4.52293e-05
4.37527e-05
4.24514e-05
4.13514e-05
4.03557e-05
3.95379e-05
3.87808e-05
3.81607e-05
3.75941e-05
3.71479e-05
3.67171e-05
3.63902e-05
3.60804e-05
3.58567e-05
3.56154e-05
3.54562e-05
3.52759e-05
3.51616e-05
3.50235e-05
3.49573e-05
3.48572e-05
3.48052e-05
3.47234e-05
3.47144e-05
3.46634e-05
3.46498e-05
3.46027e-05
3.46022e-05
3.45478e-05
3.45399e-05
3.44791e-05
3.44741e-05
3.44258e-05
3.44256e-05
3.4393e-05
3.4408e-05
3.43905e-05
3.44079e-05
3.4387e-05
3.44153e-05
3.4395e-05
3.44117e-05
3.44019e-05
3.44299e-05
3.44239e-05
3.44515e-05
3.44596e-05
3.45033e-05
3.45129e-05
3.45707e-05
3.46103e-05
3.46996e-05
3.47947e-05
3.49539e-05
3.51683e-05
3.54914e-05
3.59235e-05
3.65548e-05
3.74279e-05
3.86445e-05
4.03032e-05
4.24295e-05
4.52546e-05
4.81662e-05
5.31805e-05
6.23065e-05
0.000123555
0.000349187
0.00116812
0.00229696
0.0983077
0.0321972
0.00652352
0.000502425
-0.000472388
0.000276685
0.000379834
0.000478566
0.000402504
0.00035112
0.000286297
0.000238966
0.000197188
0.000164706
0.000137975
0.000116727
9.93024e-05
8.50973e-05
7.33432e-05
6.34987e-05
5.50676e-05
4.78905e-05
4.16839e-05
3.62986e-05
3.15692e-05
2.74677e-05
2.38288e-05
2.06511e-05
1.79304e-05
1.56696e-05
1.36578e-05
1.1933e-05
1.04004e-05
9.1021e-06
7.92549e-06
6.94839e-06
6.04156e-06
5.29079e-06
4.60136e-06
4.04974e-06
3.51863e-06
3.10961e-06
2.7169e-06
2.42875e-06
2.11975e-06
1.90786e-06
1.67731e-06
1.53535e-06
1.36909e-06
1.2812e-06
1.16095e-06
1.09721e-06
9.95384e-07
9.80763e-07
9.23539e-07
9.05989e-07
8.48275e-07
8.43375e-07
7.76832e-07
7.60454e-07
6.846e-07
6.70449e-07
6.09123e-07
6.03684e-07
5.64254e-07
5.78656e-07
5.59616e-07
5.79871e-07
5.56465e-07
5.87834e-07
5.67823e-07
5.86597e-07
5.76371e-07
6.10972e-07
6.07134e-07
6.40476e-07
6.51915e-07
7.03375e-07
7.16848e-07
7.82283e-07
8.29201e-07
9.32818e-07
1.04555e-06
1.23195e-06
1.48231e-06
1.86394e-06
2.40076e-06
3.16807e-06
4.21368e-06
5.65635e-06
7.63214e-06
1.01961e-05
1.37555e-05
1.77853e-05
2.54868e-05
3.93152e-05
0.000119299
0.000383863
0.00139848
0.00284675
0.0877041
0.0325104
0.00711522
0.000479218
-0.00048498
0.0002824
0.000415391
0.000517772
0.00043894
0.000382427
0.000312586
0.000260968
0.00021565
0.000180346
0.000151218
0.000128054
0.000109086
9.36565e-05
8.09159e-05
7.02647e-05
6.11775e-05
5.34649e-05
4.68125e-05
4.10796e-05
3.6081e-05
3.17649e-05
2.79685e-05
2.46954e-05
2.17746e-05
1.92708e-05
1.70435e-05
1.513e-05
1.34138e-05
1.19559e-05
1.06333e-05
9.52488e-06
8.49095e-06
7.62753e-06
6.82861e-06
6.18029e-06
5.55583e-06
5.06943e-06
4.59504e-06
4.2409e-06
3.86654e-06
3.61894e-06
3.35199e-06
3.18497e-06
2.99322e-06
2.88558e-06
2.74767e-06
2.67631e-06
2.55751e-06
2.53698e-06
2.47551e-06
2.45639e-06
2.38908e-06
2.37936e-06
2.30217e-06
2.27641e-06
2.1865e-06
2.16227e-06
2.08731e-06
2.07624e-06
2.02949e-06
2.04318e-06
2.02199e-06
2.04567e-06
2.0204e-06
2.05382e-06
2.03488e-06
2.05698e-06
2.04616e-06
2.0877e-06
2.08666e-06
2.12593e-06
2.14007e-06
2.19777e-06
2.21435e-06
2.28522e-06
2.33684e-06
2.45123e-06
2.57718e-06
2.78542e-06
3.06209e-06
3.4891e-06
4.09422e-06
4.99214e-06
6.1921e-06
7.82794e-06
1.00724e-05
1.30192e-05
1.72658e-05
2.24184e-05
3.26134e-05
5.06535e-05
0.000147039
0.000446104
0.00162563
0.00331285
0.0779994
0.0320577
0.00745969
0.000444012
-0.000488835
0.000278358
0.000437871
0.000541753
0.000462438
0.000402565
0.000329631
0.000275083
0.000227266
0.000189857
0.000159159
0.000134772
0.000114815
9.85973e-05
8.52116e-05
7.40172e-05
6.44779e-05
5.63866e-05
4.93961e-05
4.33828e-05
3.8147e-05
3.36148e-05
2.96208e-05
2.61878e-05
2.31042e-05
2.04368e-05
1.80654e-05
1.60305e-05
1.41902e-05
1.26238e-05
1.12038e-05
1.00085e-05
8.88906e-06
7.95206e-06
7.08188e-06
6.37185e-06
5.69205e-06
5.16428e-06
4.64763e-06
4.26127e-06
3.85828e-06
3.588e-06
3.28968e-06
3.09231e-06
2.86836e-06
2.74385e-06
2.59053e-06
2.51565e-06
2.38348e-06
2.35736e-06
2.29238e-06
2.2742e-06
2.19832e-06
2.18373e-06
2.09663e-06
2.06088e-06
1.9572e-06
1.92296e-06
1.83416e-06
1.81738e-06
1.76269e-06
1.77589e-06
1.75165e-06
1.7791e-06
1.75286e-06
1.78783e-06
1.77008e-06
1.79725e-06
1.78586e-06
1.83434e-06
1.83661e-06
1.88194e-06
1.8978e-06
1.9602e-06
1.97872e-06
2.05325e-06
2.10776e-06
2.23111e-06
2.36702e-06
2.59278e-06
2.88785e-06
3.36675e-06
4.00222e-06
4.94846e-06
6.21957e-06
7.96458e-06
1.03878e-05
1.3626e-05
1.84613e-05
2.46715e-05
3.74824e-05
5.98125e-05
0.000170602
0.000496
0.00179841
0.00365046
0.0691587
0.0310001
0.00758204
0.000400033
-0.00048769
0.00026494
0.000446124
0.000549399
0.000471689
0.000410313
0.00033639
0.000280559
0.000231681
0.000193311
0.000161912
0.000136976
0.000116577
0.000100009
8.63344e-05
7.48861e-05
6.51329e-05
5.68642e-05
4.9701e-05
4.35411e-05
3.81771e-05
3.35182e-05
2.9392e-05
2.58473e-05
2.26735e-05
1.99199e-05
1.74711e-05
1.53775e-05
1.34707e-05
1.18444e-05
1.03721e-05
9.13176e-06
7.96562e-06
6.99082e-06
6.08406e-06
5.34358e-06
4.64085e-06
4.10182e-06
3.57552e-06
3.18447e-06
2.77973e-06
2.49222e-06
2.17361e-06
1.96234e-06
1.72437e-06
1.58744e-06
1.4203e-06
1.34501e-06
1.20228e-06
1.17124e-06
1.10195e-06
1.08665e-06
1.00193e-06
9.82233e-07
8.83106e-07
8.35362e-07
7.16214e-07
6.72494e-07
5.69914e-07
5.47191e-07
4.84234e-07
4.9714e-07
4.69237e-07
5.0017e-07
4.74139e-07
5.10316e-07
4.93726e-07
5.27447e-07
5.16068e-07
5.71421e-07
5.7744e-07
6.29095e-07
6.45619e-07
7.11094e-07
7.30229e-07
8.07093e-07
8.65807e-07
1.00077e-06
1.14673e-06
1.38868e-06
1.69533e-06
2.19372e-06
2.83839e-06
3.7664e-06
5.03836e-06
6.81829e-06
9.33543e-06
1.2771e-05
1.80727e-05
2.52036e-05
4.03883e-05
6.64978e-05
0.000188492
0.000530276
0.0019114
0.0038596
0.0610853
0.0294647
0.00751104
0.000353703
-0.000479902
0.000245979
0.000443015
0.000543863
0.00046944
0.00040824
0.0003352
0.000279586
0.000230946
0.000192661
0.000161366
0.000136517
0.000116194
9.96966e-05
8.60796e-05
7.4666e-05
6.4942e-05
5.67081e-05
4.95575e-05
4.3409e-05
3.80554e-05
3.33955e-05
2.92471e-05
2.56847e-05
2.25025e-05
1.97329e-05
1.7264e-05
1.51632e-05
1.32374e-05
1.15894e-05
1.00972e-05
8.84056e-06
7.65134e-06
6.65798e-06
5.73e-06
4.96999e-06
4.25116e-06
3.70508e-06
3.17039e-06
2.77368e-06
2.36641e-06
2.0785e-06
1.76165e-06
1.55612e-06
1.32566e-06
1.18364e-06
1.00803e-06
9.36817e-07
7.9083e-07
7.57958e-07
6.86557e-07
6.76559e-07
5.87975e-07
5.64678e-07
4.59829e-07
4.0439e-07
2.73871e-07
2.21527e-07
1.04847e-07
7.50811e-08
4.70384e-09
1.70829e-08
-1.41235e-08
1.88475e-08
-5.23146e-09
3.11249e-08
1.61769e-08
5.6715e-08
4.65632e-08
1.09509e-07
1.19776e-07
1.7841e-07
1.94756e-07
2.61643e-07
2.8002e-07
3.57153e-07
4.14306e-07
5.51718e-07
6.99845e-07
9.48679e-07
1.25525e-06
1.73182e-06
2.3571e-06
3.26957e-06
4.53215e-06
6.31996e-06
8.88147e-06
1.24393e-05
1.80811e-05
2.59445e-05
4.30322e-05
7.20462e-05
0.000201409
0.000549912
0.00196687
0.00394849
0.0536586
0.0275449
0.00727062
0.000308083
-0.00046513
0.000223342
0.000429763
0.000526578
0.000456756
0.00039721
0.000326667
0.000272582
0.000225307
0.000188004
0.000157541
0.000133356
0.00011358
9.75335e-05
8.42885e-05
7.31726e-05
6.36992e-05
5.56917e-05
4.87237e-05
4.27315e-05
3.75142e-05
3.29677e-05
2.8899e-05
2.54051e-05
2.22896e-05
1.95709e-05
1.71374e-05
1.50772e-05
1.31784e-05
1.15463e-05
1.00663e-05
8.82159e-06
7.6337e-06
6.6418e-06
5.70937e-06
4.94255e-06
4.21599e-06
3.6687e-06
3.12886e-06
2.72832e-06
2.31709e-06
2.03072e-06
1.71383e-06
1.51134e-06
1.28446e-06
1.14398e-06
9.65992e-07
9.02847e-07
7.61085e-07
7.30195e-07
6.59321e-07
6.56549e-07
5.69786e-07
5.45027e-07
4.41201e-07
3.8338e-07
2.46538e-07
1.86772e-07
5.88313e-08
2.23494e-08
-5.60546e-08
-4.40386e-08
-7.9237e-08
-4.45588e-08
-6.61473e-08
-2.7649e-08
-4.15495e-08
6.17568e-09
-1.07997e-09
6.83633e-08
8.25359e-08
1.47299e-07
1.62701e-07
2.28698e-07
2.44895e-07
3.19923e-07
3.69664e-07
4.99588e-07
6.41662e-07
8.87599e-07
1.18493e-06
1.64905e-06
2.25903e-06
3.15735e-06
4.3993e-06
6.1671e-06
8.72215e-06
1.23208e-05
1.81553e-05
2.65133e-05
4.4916e-05
7.58069e-05
0.000208493
0.0005546
0.00196669
0.00392516
0.0467715
0.0253135
0.00688158
0.000264596
-0.000443272
0.000198348
0.000407302
0.000498605
0.000434399
0.000377809
0.000311173
0.000259778
0.000214866
0.000179346
0.000150363
0.000127363
0.000108555
9.33007e-05
8.07089e-05
7.01265e-05
6.11015e-05
5.349e-05
4.68567e-05
4.11499e-05
3.618e-05
3.1847e-05
2.79483e-05
2.45987e-05
2.16182e-05
1.90147e-05
1.66713e-05
1.46978e-05
1.28712e-05
1.12943e-05
9.86033e-06
8.65808e-06
7.49967e-06
6.53343e-06
5.61889e-06
4.86431e-06
4.14577e-06
3.61046e-06
3.07777e-06
2.68434e-06
2.27793e-06
1.99953e-06
1.68692e-06
1.49087e-06
1.26988e-06
1.13578e-06
9.58642e-07
9.05035e-07
7.70204e-07
7.43834e-07
6.73421e-07
6.78329e-07
5.94195e-07
5.69312e-07
4.64623e-07
4.04367e-07
2.61122e-07
1.94834e-07
5.93233e-08
1.72163e-08
-7.0321e-08
-5.88341e-08
-9.8428e-08
-6.24257e-08
-8.13259e-08
-3.82571e-08
-5.13894e-08
4.29288e-09
1.75071e-09
7.5561e-08
9.2927e-08
1.62429e-07
1.76507e-07
2.3915e-07
2.51843e-07
3.23253e-07
3.67566e-07
4.92229e-07
6.28617e-07
8.70236e-07
1.15523e-06
1.6044e-06
2.19091e-06
3.05671e-06
4.25122e-06
5.95864e-06
8.44652e-06
1.19933e-05
1.78524e-05
2.64287e-05
4.54817e-05
7.71429e-05
0.000209073
0.000544178
0.00191344
0.0037982
0.0403345
0.0228297
0.00636301
0.000224017
-0.000414104
0.000172256
0.000376776
0.000461177
0.000403364
0.000350868
0.000289361
0.000241685
0.000200019
0.000166996
0.000140073
0.000118719
0.000101255
8.70958e-05
7.54067e-05
6.55682e-05
5.71691e-05
5.01038e-05
4.39415e-05
3.86365e-05
3.40135e-05
2.99834e-05
2.63366e-05
2.32011e-05
2.04171e-05
1.79879e-05
1.57865e-05
1.39425e-05
1.22301e-05
1.07457e-05
9.39048e-06
8.25975e-06
7.15851e-06
6.24179e-06
5.36762e-06
4.64523e-06
3.95149e-06
3.44221e-06
2.93038e-06
2.55641e-06
2.16596e-06
1.90456e-06
1.60449e-06
1.42174e-06
1.21334e-06
1.09118e-06
9.19383e-07
8.76957e-07
7.52474e-07
7.33539e-07
6.64932e-07
6.77877e-07
5.98227e-07
5.75355e-07
4.70379e-07
4.09391e-07
2.61773e-07
1.89551e-07
4.79469e-08
6.47598e-10
-9.58275e-08
-8.61125e-08
-1.28666e-07
-9.323e-08
-1.08466e-07
-6.10452e-08
-7.19278e-08
-8.39272e-09
-4.52268e-09
7.31061e-08
9.3326e-08
1.66972e-07
1.79948e-07
2.37334e-07
2.45338e-07
3.11658e-07
3.50397e-07
4.68703e-07
5.97379e-07
8.3112e-07
1.09919e-06
1.52303e-06
2.07222e-06
2.8839e-06
4.00264e-06
5.60839e-06
7.9679e-06
1.13678e-05
1.70743e-05
2.55717e-05
4.45673e-05
7.5859e-05
0.000203046
0.000519117
0.00181089
0.00357716
0.0342717
0.0201418
0.00573273
0.000186633
-0.00037753
0.000146107
0.000339385
0.000415578
0.000364734
0.000317316
0.000261986
0.000218922
0.000181275
0.000151374
0.00012702
0.000107718
9.19265e-05
7.91295e-05
6.85623e-05
5.96534e-05
5.20375e-05
4.56503e-05
4.00794e-05
3.52805e-05
3.10935e-05
2.74456e-05
2.41243e-05
2.12666e-05
1.87346e-05
1.65324e-05
1.45207e-05
1.28448e-05
1.12838e-05
9.92606e-06
8.67974e-06
7.64692e-06
6.62832e-06
5.78289e-06
4.96964e-06
4.298e-06
3.64461e-06
3.17397e-06
2.69538e-06
2.3518e-06
1.98749e-06
1.75172e-06
1.47224e-06
1.30902e-06
1.11967e-06
1.01495e-06
8.53687e-07
8.24124e-07
7.13461e-07
7.04856e-07
6.40388e-07
6.61638e-07
5.88728e-07
5.70147e-07
4.66784e-07
4.07375e-07
2.58682e-07
1.81438e-07
3.57543e-08
-1.62773e-08
-1.20995e-07
-1.14278e-07
-1.58703e-07
-1.24985e-07
-1.36324e-07
-8.41281e-08
-9.14485e-08
-2.10931e-08
-9.51237e-09
7.21002e-08
9.46511e-08
1.71107e-07
1.83319e-07
2.33833e-07
2.35899e-07
2.95567e-07
3.27595e-07
4.37097e-07
5.54774e-07
7.76026e-07
1.02217e-06
1.41097e-06
1.91047e-06
2.64946e-06
3.66759e-06
5.13415e-06
7.3076e-06
1.04684e-05
1.58451e-05
2.39611e-05
4.21838e-05
7.19811e-05
0.000190651
0.000480342
0.00166358
0.00327225
0.0285166
0.0172902
0.00500742
0.000152352
-0.000333745
0.00012063
0.00029626
0.000363041
0.00031958
0.000278075
0.000229803
0.000192116
0.000159148
0.000132908
0.000111561
9.46612e-05
8.08264e-05
6.96213e-05
6.03647e-05
5.2546e-05
4.58508e-05
4.0256e-05
3.53804e-05
3.1179e-05
2.75061e-05
2.43093e-05
2.13782e-05
1.88553e-05
1.66242e-05
1.46949e-05
1.29159e-05
1.14427e-05
1.00652e-05
8.86466e-06
7.7544e-06
6.84298e-06
5.93007e-06
5.17544e-06
4.44139e-06
3.83744e-06
3.23873e-06
2.81791e-06
2.38373e-06
2.08006e-06
1.7509e-06
1.54844e-06
1.2967e-06
1.15809e-06
9.93098e-07
9.1087e-07
7.65314e-07
7.5009e-07
6.56006e-07
6.60089e-07
6.02286e-07
6.31931e-07
5.67617e-07
5.55587e-07
4.55698e-07
3.99914e-07
2.5351e-07
1.72572e-07
2.48331e-08
-3.17796e-08
-1.43147e-07
-1.40536e-07
-1.86079e-07
-1.54593e-07
-1.62309e-07
-1.04761e-07
-1.07351e-07
-3.14476e-08
-1.1575e-08
7.46103e-08
9.90071e-08
1.76488e-07
1.88142e-07
2.30686e-07
2.25529e-07
2.77096e-07
3.01329e-07
4.00196e-07
5.0379e-07
7.0826e-07
9.27992e-07
1.27406e-06
1.71343e-06
2.36398e-06
3.25982e-06
4.5537e-06
6.48777e-06
9.32293e-06
1.41993e-05
2.16402e-05
3.83997e-05
6.56378e-05
0.000172336
0.000429079
0.00147665
0.00289407
0.0230106
0.0143089
0.00420293
0.000120837
-0.000283257
9.62554e-05
0.00024845
0.000304732
0.000268944
0.000234044
0.00019356
0.000161888
0.000134151
0.000112025
9.40532e-05
7.98508e-05
6.82118e-05
5.87924e-05
5.10054e-05
4.44123e-05
3.87547e-05
3.40494e-05
2.99563e-05
2.64303e-05
2.33388e-05
2.06513e-05
1.81656e-05
1.60269e-05
1.41385e-05
1.25214e-05
1.10124e-05
9.77212e-06
8.60556e-06
7.58846e-06
6.63814e-06
5.8686e-06
5.08171e-06
4.43507e-06
3.79603e-06
3.27489e-06
2.74393e-06
2.38278e-06
2.00306e-06
1.74756e-06
1.46138e-06
1.29893e-06
1.08145e-06
9.71703e-07
8.35334e-07
7.79973e-07
6.55002e-07
6.55487e-07
5.7995e-07
5.98535e-07
5.49821e-07
5.8786e-07
5.3342e-07
5.29983e-07
4.35276e-07
3.848e-07
2.4373e-07
1.60916e-07
1.29731e-08
-4.75066e-08
-1.64137e-07
-1.66562e-07
-2.1277e-07
-1.83588e-07
-1.882e-07
-1.24928e-07
-1.21777e-07
-4.08951e-08
-1.287e-08
7.81102e-08
1.04002e-07
1.80605e-07
1.91577e-07
2.25682e-07
2.12121e-07
2.54329e-07
2.69753e-07
3.56901e-07
4.43757e-07
6.27642e-07
8.16957e-07
1.11405e-06
1.48429e-06
2.03288e-06
2.78751e-06
3.87961e-06
5.52618e-06
7.95718e-06
1.2176e-05
1.86697e-05
3.33304e-05
5.70436e-05
0.000148716
0.000366812
0.00125561
0.00245351
0.0177012
0.0112272
0.00333443
9.16281e-05
-0.000226863
7.31543e-05
0.000196928
0.00024177
0.000213849
0.000186112
0.000153998
0.000128857
0.0001068
8.91572e-05
7.48599e-05
6.35957e-05
5.43472e-05
4.68716e-05
4.06834e-05
3.54266e-05
3.09029e-05
2.7167e-05
2.39267e-05
2.11402e-05
1.86858e-05
1.65554e-05
1.45603e-05
1.28473e-05
1.13367e-05
1.00635e-05
8.85577e-06
7.87426e-06
6.94072e-06
6.12897e-06
5.35872e-06
4.74828e-06
4.10473e-06
3.58079e-06
3.04987e-06
2.62435e-06
2.17278e-06
1.87964e-06
1.56311e-06
1.36276e-06
1.12603e-06
1.00905e-06
8.31663e-07
7.54421e-07
6.49813e-07
6.24886e-07
5.24933e-07
5.42501e-07
4.86739e-07
5.21076e-07
4.83643e-07
5.30036e-07
4.86245e-07
4.9311e-07
4.05228e-07
3.61504e-07
2.28271e-07
1.45857e-07
-6.46255e-10
-6.39875e-08
-1.84582e-07
-1.92622e-07
-2.39367e-07
-2.12222e-07
-2.14382e-07
-1.4525e-07
-1.35694e-07
-4.99513e-08
-1.44319e-08
8.12815e-08
1.08446e-07
1.82462e-07
1.92151e-07
2.17896e-07
1.95014e-07
2.26831e-07
2.3236e-07
3.07176e-07
3.75128e-07
5.3506e-07
6.90312e-07
9.33459e-07
1.22695e-06
1.6624e-06
2.25981e-06
3.12596e-06
4.44339e-06
6.40224e-06
9.82586e-06
1.51334e-05
2.71396e-05
4.64937e-05
0.000120558
0.000295243
0.00100628
0.00196168
0.0125403
0.00807069
0.00241662
6.42118e-05
-0.000165606
5.12782e-05
0.0001426
0.000175234
0.000155302
0.000135158
0.00011186
9.36463e-05
7.76151e-05
6.47413e-05
5.4351e-05
4.62112e-05
3.95042e-05
3.40948e-05
2.96057e-05
2.57707e-05
2.2456e-05
1.9753e-05
1.74192e-05
1.5422e-05
1.36485e-05
1.21123e-05
1.0643e-05
9.38879e-06
8.28367e-06
7.379e-06
6.49703e-06
5.79525e-06
5.11171e-06
4.52244e-06
3.94836e-06
3.51069e-06
3.02442e-06
2.63528e-06
2.22269e-06
1.90295e-06
1.54067e-06
1.32227e-06
1.07605e-06
9.36544e-07
7.54167e-07
6.8663e-07
5.5422e-07
5.12652e-07
4.41808e-07
4.49855e-07
3.7868e-07
4.14782e-07
3.79335e-07
4.30102e-07
4.05775e-07
4.60454e-07
4.27632e-07
4.46035e-07
3.66546e-07
3.30872e-07
2.07277e-07
1.27818e-07
-1.57323e-08
-8.08784e-08
-2.04102e-07
-2.17898e-07
-2.65316e-07
-2.39758e-07
-2.40134e-07
-1.6522e-07
-1.49039e-07
-5.8367e-08
-1.63498e-08
8.37704e-08
1.12079e-07
1.82187e-07
1.8957e-07
2.07372e-07
1.74669e-07
1.95332e-07
1.89826e-07
2.51941e-07
2.99416e-07
4.32506e-07
5.50425e-07
7.35876e-07
9.46567e-07
1.26021e-06
1.68753e-06
2.30901e-06
3.26344e-06
4.69482e-06
7.21042e-06
1.11357e-05
2.00332e-05
3.43515e-05
8.87484e-05
0.000216255
0.00073473
0.00142983
0.00748317
0.00486255
0.00146383
3.8066e-05
-0.000100732
3.04041e-05
8.63132e-05
0.000106168
9.42987e-05
8.20514e-05
6.78815e-05
5.68776e-05
4.71183e-05
3.92179e-05
3.29001e-05
2.80171e-05
2.39593e-05
2.0703e-05
1.79845e-05
1.56324e-05
1.35805e-05
1.19565e-05
1.0567e-05
9.39415e-06
8.33328e-06
7.41777e-06
6.49915e-06
5.72803e-06
5.0487e-06
4.5295e-06
3.99094e-06
3.58458e-06
3.16291e-06
2.80831e-06
2.44215e-06
2.18719e-06
1.86849e-06
1.62348e-06
1.33654e-06
1.12978e-06
8.64685e-07
7.2608e-07
5.55366e-07
4.81063e-07
3.56475e-07
3.40685e-07
2.56866e-07
2.53677e-07
2.17586e-07
2.59961e-07
2.20408e-07
2.76533e-07
2.61357e-07
3.28605e-07
3.18742e-07
3.81596e-07
3.5969e-07
3.9029e-07
3.20612e-07
2.94204e-07
1.81323e-07
1.07361e-07
-3.17444e-08
-9.76203e-08
-2.2216e-07
-2.41426e-07
-2.89783e-07
-2.6534e-07
-2.64538e-07
-1.84121e-07
-1.6154e-07
-6.58632e-08
-1.84774e-08
8.53962e-08
1.14716e-07
1.80096e-07
1.83912e-07
1.94269e-07
1.51747e-07
1.60822e-07
1.43192e-07
1.92283e-07
2.18383e-07
3.22312e-07
4.0011e-07
5.25272e-07
6.48836e-07
8.34632e-07
1.08234e-06
1.44613e-06
2.01257e-06
2.87565e-06
4.39953e-06
6.79724e-06
1.22496e-05
2.1034e-05
5.42658e-05
0.000131869
0.000447201
0.000869331
0.00248748
0.00162411
0.000490148
1.26757e-05
-3.3631e-05
1.01819e-05
2.8871e-05
3.55948e-05
3.1823e-05
2.76551e-05
2.28e-05
1.91732e-05
1.58336e-05
1.30297e-05
1.0884e-05
9.33657e-06
7.9925e-06
6.94114e-06
6.03577e-06
5.20313e-06
4.44653e-06
3.93031e-06
3.50688e-06
3.17879e-06
2.84982e-06
2.57057e-06
2.21744e-06
1.94455e-06
1.70381e-06
1.57948e-06
1.39475e-06
1.29382e-06
1.14085e-06
1.02802e-06
8.77067e-07
8.10883e-07
6.66166e-07
5.71607e-07
4.14883e-07
3.25148e-07
1.62853e-07
1.07409e-07
1.53041e-08
9.11675e-09
-5.56215e-08
-1.9064e-08
-5.22001e-08
-1.48658e-08
-1.60048e-08
6.08011e-08
5.45763e-08
1.32123e-07
1.36751e-07
2.19867e-07
2.25289e-07
2.96141e-07
2.84834e-07
3.27641e-07
2.68938e-07
2.52946e-07
1.51246e-07
8.49925e-08
-4.81387e-08
-1.13637e-07
-2.38256e-07
-2.62373e-07
-3.11903e-07
-2.88217e-07
-2.86733e-07
-2.01305e-07
-1.72888e-07
-7.2331e-08
-2.06511e-08
8.59824e-08
1.16091e-07
1.76398e-07
1.7544e-07
1.78718e-07
1.26869e-07
1.24297e-07
9.36636e-08
1.29295e-07
1.33788e-07
2.06885e-07
2.42393e-07
3.05724e-07
3.39644e-07
3.9422e-07
4.56366e-07
5.55221e-07
7.18435e-07
9.88172e-07
1.46898e-06
2.24995e-06
4.05128e-06
6.9962e-06
1.81546e-05
4.42071e-05
0.000150039
0.000291615
-0.00248788
-0.00162433
-0.00049047
-1.24635e-05
3.42163e-05
-9.81523e-06
-2.89509e-05
-3.54803e-05
-3.11457e-05
-2.71714e-05
-2.265e-05
-1.8845e-05
-1.57144e-05
-1.33791e-05
-1.13193e-05
-9.50545e-06
-8.11438e-06
-6.94406e-06
-6.02214e-06
-5.323e-06
-4.77347e-06
-4.17075e-06
-3.62199e-06
-3.09958e-06
-2.69016e-06
-2.32845e-06
-2.11153e-06
-1.88042e-06
-1.67738e-06
-1.40495e-06
-1.23277e-06
-1.02423e-06
-9.06667e-07
-7.75729e-07
-7.08762e-07
-5.8409e-07
-5.52434e-07
-4.93392e-07
-5.18027e-07
-4.89801e-07
-5.46254e-07
-5.16856e-07
-5.29456e-07
-4.66242e-07
-4.70296e-07
-3.82369e-07
-3.64456e-07
-2.85228e-07
-2.51777e-07
-1.41633e-07
-1.14113e-07
-1.40735e-08
9.64803e-09
1.0738e-07
1.28302e-07
2.06877e-07
2.05711e-07
2.60084e-07
2.13148e-07
2.08597e-07
1.18156e-07
6.12316e-08
-6.43872e-08
-1.28347e-07
-2.51886e-07
-2.80036e-07
-3.30803e-07
-3.07714e-07
-3.05907e-07
-2.16206e-07
-1.82718e-07
-7.77768e-08
-2.2723e-08
8.54142e-08
1.15938e-07
1.71171e-07
1.64581e-07
1.60922e-07
1.00623e-07
8.67407e-08
4.25984e-08
6.41348e-08
4.73653e-08
8.86591e-08
8.0478e-08
8.14164e-08
2.50055e-08
-5.23085e-08
-1.77944e-07
-3.45504e-07
-5.90458e-07
-9.2247e-07
-1.50179e-06
-2.36717e-06
-4.28556e-06
-7.28338e-06
-1.85025e-05
-4.4552e-05
-0.00015034
-0.000291842
-0.00748357
-0.0048628
-0.00146412
-3.78518e-05
0.000101301
-3.00401e-05
-8.63869e-05
-0.000106056
-9.36301e-05
-8.15705e-05
-6.77345e-05
-5.6555e-05
-4.70006e-05
-3.95642e-05
-3.33312e-05
-2.81835e-05
-2.40788e-05
-2.0705e-05
-1.79703e-05
-1.57512e-05
-1.3906e-05
-1.21915e-05
-1.06799e-05
-9.31568e-06
-8.17425e-06
-7.17782e-06
-6.39643e-06
-5.66501e-06
-5.02076e-06
-4.35706e-06
-3.83221e-06
-3.31644e-06
-2.93141e-06
-2.55981e-06
-2.2768e-06
-1.96319e-06
-1.75682e-06
-1.54445e-06
-1.4377e-06
-1.29357e-06
-1.24391e-06
-1.12971e-06
-1.06407e-06
-9.32002e-07
-8.75688e-07
-7.38709e-07
-6.71174e-07
-5.49742e-07
-4.82476e-07
-3.41123e-07
-2.80774e-07
-1.57788e-07
-1.15804e-07
-5.23821e-09
3.07368e-08
1.16618e-07
1.25098e-07
1.89821e-07
1.54968e-07
1.62625e-07
8.33737e-08
3.66777e-08
-7.99952e-08
-1.41197e-07
-2.62549e-07
-2.93828e-07
-3.45658e-07
-3.2322e-07
-3.2131e-07
-2.28351e-07
-1.90613e-07
-8.22484e-08
-2.45969e-08
8.3655e-08
1.1407e-07
1.64378e-07
1.51853e-07
1.41221e-07
7.35799e-08
4.90859e-08
-8.54958e-09
-1.91561e-09
-3.91708e-08
-2.99348e-08
-8.23008e-08
-1.43361e-07
-2.88975e-07
-4.96194e-07
-8.07918e-07
-1.23776e-06
-1.88535e-06
-2.81056e-06
-4.43207e-06
-6.91275e-06
-1.24799e-05
-2.13184e-05
-5.46095e-05
-0.000132209
-0.000447498
-0.000869555
-0.0125407
-0.00807096
-0.00241687
-6.39943e-05
0.000166145
-5.09193e-05
-0.000142662
-0.000175125
-0.00015465
-0.000134683
-0.000111718
-9.33346e-05
-7.75006e-05
-6.50813e-05
-5.47736e-05
-4.63727e-05
-3.96189e-05
-3.4095e-05
-2.95904e-05
-2.58874e-05
-2.2778e-05
-1.99776e-05
-1.75279e-05
-1.53449e-05
-1.34907e-05
-1.18767e-05
-1.05464e-05
-9.32794e-06
-8.25295e-06
-7.21059e-06
-6.34445e-06
-5.53015e-06
-4.88563e-06
-4.28142e-06
-3.78885e-06
-3.29219e-06
-2.91673e-06
-2.55489e-06
-2.32002e-06
-2.0648e-06
-1.91165e-06
-1.71446e-06
-1.57387e-06
-1.37547e-06
-1.26027e-06
-1.07761e-06
-9.63583e-07
-8.00972e-07
-7.01051e-07
-5.31447e-07
-4.40437e-07
-2.94941e-07
-2.35625e-07
-1.14358e-07
-6.44603e-08
2.81086e-08
4.57538e-08
1.19195e-07
9.62057e-08
1.16401e-07
4.83034e-08
1.20419e-08
-9.45151e-08
-1.51702e-07
-2.69779e-07
-3.03283e-07
-3.55752e-07
-3.34196e-07
-3.32283e-07
-2.37364e-07
-1.96175e-07
-8.57732e-08
-2.62564e-08
8.07247e-08
1.10412e-07
1.55905e-07
1.37755e-07
1.20105e-07
4.6301e-08
1.21884e-08
-5.83222e-08
-6.74375e-08
-1.24124e-07
-1.46496e-07
-2.42551e-07
-3.64242e-07
-5.96155e-07
-9.28727e-07
-1.42087e-06
-2.1034e-06
-3.13782e-06
-4.63094e-06
-7.24236e-06
-1.12478e-05
-2.02559e-05
-3.46304e-05
-8.90838e-05
-0.000216585
-0.000735021
-0.00143005
-0.0177016
-0.0112275
-0.00333462
-9.14077e-05
0.00022736
-7.2802e-05
-0.000196976
-0.000241668
-0.00021322
-0.000185646
-0.000153865
-0.000128561
-0.000106691
-8.94879e-05
-7.52704e-05
-6.37504e-05
-5.44553e-05
-4.68693e-05
-4.06667e-05
-3.554e-05
-3.12188e-05
-2.7377e-05
-2.40295e-05
-2.10648e-05
-1.85297e-05
-1.63263e-05
-1.44726e-05
-1.27895e-05
-1.13024e-05
-9.90085e-06
-8.71168e-06
-7.61406e-06
-6.72288e-06
-5.8989e-06
-5.20775e-06
-4.53782e-06
-4.00276e-06
-3.49894e-06
-3.14182e-06
-2.78276e-06
-2.53161e-06
-2.25512e-06
-2.04465e-06
-1.78448e-06
-1.61316e-06
-1.38896e-06
-1.23306e-06
-1.03183e-06
-9.00883e-07
-7.066e-07
-5.88177e-07
-4.21672e-07
-3.4615e-07
-2.16444e-07
-1.54407e-07
-5.60243e-08
-2.96956e-08
5.06073e-08
3.87385e-08
7.12046e-08
1.43149e-08
-1.18298e-08
-1.0752e-07
-1.59458e-07
-2.73179e-07
-3.08027e-07
-3.60516e-07
-3.40181e-07
-3.38265e-07
-2.42929e-07
-1.99064e-07
-8.82947e-08
-2.77437e-08
7.66868e-08
1.05027e-07
1.45666e-07
1.22699e-07
9.82047e-08
1.93773e-08
-2.31653e-08
-1.05334e-07
-1.30878e-07
-2.05789e-07
-2.58658e-07
-3.96876e-07
-5.76811e-07
-8.90396e-07
-1.34131e-06
-2.00426e-06
-2.92463e-06
-4.3203e-06
-6.34012e-06
-9.85682e-06
-1.52402e-05
-2.73519e-05
-4.67637e-05
-0.000120881
-0.000295559
-0.00100656
-0.00196189
-0.023011
-0.0143093
-0.00420305
-0.000120617
0.000283705
-9.59103e-05
-0.000248483
-0.000304638
-0.000268344
-0.00023359
-0.000193437
-0.000161612
-0.000134049
-0.000112344
-9.44482e-05
-7.9997e-05
-6.83118e-05
-5.87871e-05
-5.09872e-05
-4.45212e-05
-3.90611e-05
-3.42414e-05
-3.00521e-05
-2.63565e-05
-2.31849e-05
-2.04309e-05
-1.80889e-05
-1.59729e-05
-1.41005e-05
-1.23658e-05
-1.08783e-05
-9.51899e-06
-8.39891e-06
-7.37251e-06
-6.49813e-06
-5.66852e-06
-4.98698e-06
-4.3522e-06
-3.8814e-06
-3.42793e-06
-3.08697e-06
-2.73682e-06
-2.4631e-06
-2.14766e-06
-1.92443e-06
-1.66338e-06
-1.47141e-06
-1.23569e-06
-1.07597e-06
-8.61029e-07
-7.19281e-07
-5.34369e-07
-4.44124e-07
-3.08186e-07
-2.36332e-07
-1.33295e-07
-9.88484e-08
-1.35722e-08
-1.5503e-08
2.82692e-08
-1.73401e-08
-3.39889e-08
-1.18555e-07
-1.64129e-07
-2.72427e-07
-3.07761e-07
-3.59526e-07
-3.40779e-07
-3.38806e-07
-2.44748e-07
-1.9902e-07
-8.96359e-08
-2.90974e-08
7.16455e-08
9.81135e-08
1.33712e-07
1.06996e-07
7.62289e-08
-6.53309e-09
-5.62171e-08
-1.48319e-07
-1.90573e-07
-2.82425e-07
-3.64078e-07
-5.41913e-07
-7.76652e-07
-1.16564e-06
-1.72552e-06
-2.54594e-06
-3.68424e-06
-5.40663e-06
-7.89731e-06
-1.22056e-05
-1.87696e-05
-3.353e-05
-5.73014e-05
-0.000149023
-0.000367112
-0.00125587
-0.00245371
-0.028517
-0.0172906
-0.00500747
-0.000152136
0.000334143
-0.000120292
-0.000296281
-0.000362959
-0.000319011
-0.000277636
-0.000229693
-0.000191865
-0.000159055
-0.000133212
-0.000111938
-9.47973e-05
-8.09175e-05
-6.96126e-05
-6.03453e-05
-5.2649e-05
-4.61433e-05
-4.04279e-05
-3.54685e-05
-3.11065e-05
-2.73553e-05
-2.40997e-05
-2.13139e-05
-1.88055e-05
-1.65828e-05
-1.45475e-05
-1.27924e-05
-1.11991e-05
-9.87279e-06
-8.66556e-06
-7.62745e-06
-6.65533e-06
-5.84382e-06
-5.09252e-06
-4.51931e-06
-3.9828e-06
-3.56266e-06
-3.14647e-06
-2.81738e-06
-2.45491e-06
-2.18553e-06
-1.8928e-06
-1.67132e-06
-1.40678e-06
-1.2213e-06
-9.90048e-07
-8.29663e-07
-6.29939e-07
-5.26969e-07
-3.86844e-07
-3.07866e-07
-2.01606e-07
-1.598e-07
-7.13353e-08
-6.48053e-08
-1.13812e-08
-4.57822e-08
-5.36665e-08
-1.27332e-07
-1.65653e-07
-2.67518e-07
-3.02467e-07
-3.52729e-07
-3.35885e-07
-3.33797e-07
-2.42726e-07
-1.9609e-07
-8.97244e-08
-3.05044e-08
6.55416e-08
8.97794e-08
1.20098e-07
9.06767e-08
5.47052e-08
-3.09045e-08
-8.64147e-08
-1.86372e-07
-2.4502e-07
-3.52456e-07
-4.60649e-07
-6.7459e-07
-9.59629e-07
-1.41622e-06
-2.07345e-06
-3.03452e-06
-4.36616e-06
-6.37283e-06
-9.26568e-06
-1.42272e-05
-2.17317e-05
-3.85852e-05
-6.58802e-05
-0.000172624
-0.000429359
-0.00147691
-0.00289426
-0.0342721
-0.0201422
-0.0057327
-0.000186429
0.000377881
-0.000145776
-0.000339398
-0.00041551
-0.000364199
-0.000316897
-0.000261889
-0.000218697
-0.000181192
-0.000151662
-0.000127377
-0.000107843
-9.20085e-05
-7.91176e-05
-6.85419e-05
-5.97491e-05
-5.23115e-05
-4.58011e-05
-4.0159e-05
-3.52086e-05
-3.09466e-05
-2.72489e-05
-2.40731e-05
-2.12209e-05
-1.86911e-05
-1.63939e-05
-1.44075e-05
-1.26134e-05
-1.11085e-05
-9.746e-06
-8.56753e-06
-7.47346e-06
-6.5516e-06
-5.70133e-06
-5.03961e-06
-4.43314e-06
-3.94651e-06
-3.47384e-06
-3.09833e-06
-2.69841e-06
-2.39026e-06
-2.07143e-06
-1.82743e-06
-1.54098e-06
-1.33368e-06
-1.0907e-06
-9.16757e-07
-7.06622e-07
-5.93543e-07
-4.51132e-07
-3.67915e-07
-2.60121e-07
-2.12043e-07
-1.2202e-07
-1.0865e-07
-4.77891e-08
-7.1376e-08
-7.12154e-08
-1.34597e-07
-1.65112e-07
-2.59632e-07
-2.93319e-07
-3.41318e-07
-3.26595e-07
-3.24386e-07
-2.37878e-07
-1.91485e-07
-8.95241e-08
-3.31137e-08
5.72678e-08
7.90842e-08
1.0401e-07
7.26794e-08
3.32342e-08
-5.42131e-08
-1.14266e-07
-2.19831e-07
-2.93792e-07
-4.15266e-07
-5.4724e-07
-7.92851e-07
-1.12261e-06
-1.6377e-06
-2.37852e-06
-3.46034e-06
-4.95647e-06
-7.19829e-06
-1.0414e-05
-1.58711e-05
-2.40431e-05
-4.23538e-05
-7.22053e-05
-0.000190917
-0.000480601
-0.00166382
-0.00327243
-0.0403349
-0.0228301
-0.00636293
-0.000223832
0.000414415
-0.000171932
-0.000376787
-0.000461124
-0.000402863
-0.000350472
-0.000289278
-0.000241487
-0.000199949
-0.000167268
-0.000140408
-0.000118832
-0.000101328
-8.70814e-05
-7.53861e-05
-6.56554e-05
-5.74202e-05
-5.02334e-05
-4.40117e-05
-3.85645e-05
-3.38722e-05
-2.98017e-05
-2.62983e-05
-2.3159e-05
-2.03733e-05
-1.7859e-05
-1.56827e-05
-1.3726e-05
-1.20747e-05
-1.05862e-05
-9.29429e-06
-8.10198e-06
-7.0921e-06
-6.16322e-06
-5.42943e-06
-4.76766e-06
-4.22886e-06
-3.71115e-06
-3.29901e-06
-2.8722e-06
-2.53421e-06
-2.19547e-06
-1.93609e-06
-1.63572e-06
-1.41162e-06
-1.1618e-06
-9.79618e-07
-7.64082e-07
-6.44165e-07
-5.01384e-07
-4.16875e-07
-3.09548e-07
-2.5675e-07
-1.66679e-07
-1.48089e-07
-8.23737e-08
-9.59992e-08
-8.84752e-08
-1.42449e-07
-1.65005e-07
-2.51429e-07
-2.82994e-07
-3.28029e-07
-3.15488e-07
-3.1327e-07
-2.32631e-07
-1.87834e-07
-9.13017e-08
-3.91831e-08
4.45608e-08
6.38355e-08
8.35857e-08
5.08369e-08
1.04378e-08
-7.82535e-08
-1.41636e-07
-2.50566e-07
-3.37803e-07
-4.71282e-07
-6.23687e-07
-8.95577e-07
-1.26319e-06
-1.82627e-06
-2.63485e-06
-3.81469e-06
-5.44268e-06
-7.8652e-06
-1.13164e-05
-1.70982e-05
-2.56435e-05
-4.47207e-05
-7.60628e-05
-0.000203287
-0.000519353
-0.0018111
-0.00357733
-0.0467718
-0.025314
-0.00688145
-0.000264438
0.000443553
-0.000198031
-0.000407317
-0.000498568
-0.000433934
-0.00037744
-0.000311105
-0.000259608
-0.000214809
-0.000179601
-0.000150674
-0.000127464
-0.000108621
-9.32852e-05
-8.06885e-05
-7.02037e-05
-6.13259e-05
-5.35994e-05
-4.69167e-05
-4.10769e-05
-3.60463e-05
-3.16819e-05
-2.79218e-05
-2.45595e-05
-2.15762e-05
-1.88957e-05
-1.65756e-05
-1.44991e-05
-1.27381e-05
-1.11562e-05
-9.781e-06
-8.51714e-06
-7.44406e-06
-6.45956e-06
-5.6726e-06
-4.97177e-06
-4.39658e-06
-3.84717e-06
-3.40922e-06
-2.96692e-06
-2.60969e-06
-2.25822e-06
-1.99079e-06
-1.68553e-06
-1.451e-06
-1.19954e-06
-1.0145e-06
-7.98845e-07
-6.75818e-07
-5.34619e-07
-4.51605e-07
-3.46845e-07
-2.91267e-07
-2.02553e-07
-1.80282e-07
-1.12404e-07
-1.174e-07
-1.03179e-07
-1.48743e-07
-1.63614e-07
-2.41365e-07
-2.70035e-07
-3.11545e-07
-3.01042e-07
-2.99056e-07
-2.25243e-07
-1.83512e-07
-9.30106e-08
-4.62932e-08
2.99749e-08
4.6456e-08
6.16089e-08
2.78379e-08
-1.17766e-08
-1.00642e-07
-1.66185e-07
-2.76405e-07
-3.74125e-07
-5.17129e-07
-6.86136e-07
-9.78116e-07
-1.37493e-06
-1.97363e-06
-2.8315e-06
-4.08343e-06
-5.80688e-06
-8.35135e-06
-1.19452e-05
-1.7874e-05
-2.64903e-05
-4.56176e-05
-7.73249e-05
-0.000209288
-0.000544389
-0.00191364
-0.00379836
-0.0536589
-0.0275453
-0.00727048
-0.000307957
0.000465391
-0.000223034
-0.000429789
-0.000526557
-0.000456326
-0.000396872
-0.000326614
-0.000272439
-0.000225265
-0.000188242
-0.000157827
-0.000133445
-0.000113639
-9.75188e-05
-8.42693e-05
-7.3239e-05
-6.38947e-05
-5.57821e-05
-4.87722e-05
-4.26569e-05
-3.73907e-05
-3.28208e-05
-2.88825e-05
-2.5368e-05
-2.22519e-05
-1.9462e-05
-1.70487e-05
-1.48988e-05
-1.30688e-05
-1.14296e-05
-1.00041e-05
-8.69826e-06
-7.58899e-06
-6.57419e-06
-5.7553e-06
-5.03327e-06
-4.43872e-06
-3.87286e-06
-3.42109e-06
-2.97549e-06
-2.61105e-06
-2.255e-06
-1.98656e-06
-1.68541e-06
-1.44758e-06
-1.19943e-06
-1.01627e-06
-8.05069e-07
-6.82229e-07
-5.43672e-07
-4.6381e-07
-3.62244e-07
-3.04964e-07
-2.18808e-07
-1.94114e-07
-1.26541e-07
-1.24691e-07
-1.04508e-07
-1.42735e-07
-1.50634e-07
-2.19385e-07
-2.445e-07
-2.82163e-07
-2.73356e-07
-2.71918e-07
-2.05492e-07
-1.68231e-07
-8.39006e-08
-4.26747e-08
2.55022e-08
3.84967e-08
4.98228e-08
1.56936e-08
-2.27231e-08
-1.10366e-07
-1.76964e-07
-2.86746e-07
-3.93363e-07
-5.44784e-07
-7.27541e-07
-1.03399e-06
-1.45075e-06
-2.07171e-06
-2.95752e-06
-4.2521e-06
-6.03099e-06
-8.63544e-06
-1.22762e-05
-1.81744e-05
-2.65652e-05
-4.50341e-05
-7.59663e-05
-0.000208681
-0.000554786
-0.00196686
-0.0039253
-0.0610856
-0.0294651
-0.00751091
-0.000353615
0.000480153
-0.000245682
-0.000443054
-0.000543855
-0.000469047
-0.000407937
-0.00033516
-0.000279469
-0.000230918
-0.000192882
-0.000161627
-0.000136594
-0.000116247
-9.9685e-05
-8.60624e-05
-7.47208e-05
-6.51082e-05
-5.67811e-05
-4.95934e-05
-4.33328e-05
-3.79448e-05
-3.32677e-05
-2.92379e-05
-2.56493e-05
-2.24713e-05
-1.96338e-05
-1.71816e-05
-1.50073e-05
-1.31518e-05
-1.14932e-05
-1.00521e-05
-8.73514e-06
-7.61718e-06
-6.59781e-06
-5.76872e-06
-5.04306e-06
-4.44533e-06
-3.87772e-06
-3.42319e-06
-2.98447e-06
-2.62344e-06
-2.26902e-06
-2.00326e-06
-1.7104e-06
-1.47244e-06
-1.22989e-06
-1.05214e-06
-8.48368e-07
-7.27743e-07
-5.91131e-07
-5.14111e-07
-4.13497e-07
-3.53311e-07
-2.71113e-07
-2.45224e-07
-1.80602e-07
-1.74105e-07
-1.4933e-07
-1.8072e-07
-1.8264e-07
-2.41905e-07
-2.62773e-07
-2.96359e-07
-2.88801e-07
-2.88181e-07
-2.29732e-07
-1.98405e-07
-1.21825e-07
-8.79188e-08
-2.89199e-08
-1.91515e-08
-9.80174e-09
-4.53475e-08
-8.14805e-08
-1.63849e-07
-2.29466e-07
-3.36812e-07
-4.54142e-07
-6.15805e-07
-8.11563e-07
-1.12882e-06
-1.56248e-06
-2.19937e-06
-3.09546e-06
-4.40533e-06
-6.20047e-06
-8.8041e-06
-1.23986e-05
-1.80972e-05
-2.59875e-05
-4.31325e-05
-7.21827e-05
-0.00020157
-0.000550072
-0.00196702
-0.00394862
-0.0691589
-0.0310005
-0.00758193
-0.000399984
0.000487938
-0.000264659
-0.000446176
-0.000549402
-0.000471335
-0.000410048
-0.000336363
-0.000280467
-0.000231667
-0.000193515
-0.000162147
-0.000137043
-0.000116625
-0.000100003
-8.63204e-05
-7.49292e-05
-6.52711e-05
-5.69216e-05
-4.97235e-05
-4.34639e-05
-3.8082e-05
-3.34097e-05
-2.93871e-05
-2.58136e-05
-2.26501e-05
-1.98302e-05
-1.73951e-05
-1.52454e-05
-1.34078e-05
-1.17672e-05
-1.03431e-05
-9.04378e-06
-7.94114e-06
-6.9386e-06
-6.11663e-06
-5.39944e-06
-4.8083e-06
-4.24657e-06
-3.79301e-06
-3.36181e-06
-3.00586e-06
-2.6533e-06
-2.38914e-06
-2.10131e-06
-1.85935e-06
-1.6235e-06
-1.45735e-06
-1.26863e-06
-1.15634e-06
-1.02784e-06
-9.58296e-07
-8.65534e-07
-8.08572e-07
-7.3267e-07
-7.06952e-07
-6.47376e-07
-6.38473e-07
-6.10714e-07
-6.35725e-07
-6.32884e-07
-6.82521e-07
-6.98626e-07
-7.2815e-07
-7.21395e-07
-7.21716e-07
-6.71602e-07
-6.47172e-07
-5.79805e-07
-5.54237e-07
-5.05143e-07
-4.98557e-07
-4.89508e-07
-5.2671e-07
-5.59415e-07
-6.3368e-07
-6.96318e-07
-7.98822e-07
-9.16218e-07
-1.07736e-06
-1.27615e-06
-1.59287e-06
-2.04717e-06
-2.70602e-06
-3.61555e-06
-4.93048e-06
-6.71521e-06
-9.2681e-06
-1.27347e-05
-1.80854e-05
-2.52391e-05
-4.04714e-05
-6.66116e-05
-0.000188627
-0.000530411
-0.00191153
-0.00385971
-0.0779996
-0.032058
-0.00745961
-0.000443999
0.000489083
-0.000278097
-0.000437937
-0.000541762
-0.000462125
-0.00040234
-0.000329617
-0.000275013
-0.000227267
-0.000190043
-0.000159368
-0.00013483
-0.00011486
-9.85985e-05
-8.52021e-05
-7.4049e-05
-6.45914e-05
-5.64303e-05
-4.94051e-05
-4.33063e-05
-3.80697e-05
-3.3525e-05
-2.96174e-05
-2.61567e-05
-2.30894e-05
-2.0356e-05
-1.79971e-05
-1.59226e-05
-1.41478e-05
-1.25635e-05
-1.11893e-05
-9.93684e-06
-8.87307e-06
-7.90776e-06
-7.1095e-06
-6.41177e-06
-5.83518e-06
-5.28512e-06
-4.83456e-06
-4.40855e-06
-4.05661e-06
-3.71635e-06
-3.46858e-06
-3.20702e-06
-2.98419e-06
-2.76877e-06
-2.62021e-06
-2.45331e-06
-2.35467e-06
-2.24011e-06
-2.18191e-06
-2.10314e-06
-2.05488e-06
-1.98715e-06
-1.96283e-06
-1.9094e-06
-1.90011e-06
-1.87084e-06
-1.89034e-06
-1.88413e-06
-1.9247e-06
-1.93583e-06
-1.96161e-06
-1.95532e-06
-1.95652e-06
-1.91466e-06
-1.89719e-06
-1.83912e-06
-1.82013e-06
-1.78066e-06
-1.77824e-06
-1.76908e-06
-1.80574e-06
-1.83492e-06
-1.90156e-06
-1.95998e-06
-2.05571e-06
-2.16339e-06
-2.31356e-06
-2.50539e-06
-2.80872e-06
-3.24758e-06
-3.8916e-06
-4.81823e-06
-6.12919e-06
-7.8772e-06
-1.03311e-05
-1.35947e-05
-1.84704e-05
-2.47005e-05
-3.75498e-05
-5.99041e-05
-0.000170712
-0.00049611
-0.00179852
-0.00365054
-0.0877042
-0.0325106
-0.00711518
-0.000479237
0.000485226
-0.000282163
-0.000415464
-0.000517782
-0.000438671
-0.000382244
-0.000312584
-0.000260919
-0.000215663
-0.000180514
-0.0001514
-0.000128105
-0.000109128
-9.36666e-05
-8.09125e-05
-7.02869e-05
-6.12709e-05
-5.34972e-05
-4.68092e-05
-4.10059e-05
-3.60223e-05
-3.16916e-05
-2.79645e-05
-2.46678e-05
-2.17678e-05
-1.91986e-05
-1.6985e-05
-1.50459e-05
-1.33885e-05
-1.19103e-05
-1.06311e-05
-9.4686e-06
-8.48222e-06
-7.59129e-06
-6.85171e-06
-6.20506e-06
-5.67193e-06
-5.16435e-06
-4.74538e-06
-4.35211e-06
-4.03057e-06
-3.7165e-06
-3.48789e-06
-3.26888e-06
-3.08466e-06
-2.89976e-06
-2.77095e-06
-2.62706e-06
-2.54249e-06
-2.44117e-06
-2.39257e-06
-2.32465e-06
-2.28304e-06
-2.22439e-06
-2.20256e-06
-2.15617e-06
-2.1482e-06
-2.11921e-06
-2.13381e-06
-2.1256e-06
-2.15783e-06
-2.16391e-06
-2.18624e-06
-2.18031e-06
-2.18212e-06
-2.14839e-06
-2.13741e-06
-2.08925e-06
-2.07578e-06
-2.04539e-06
-2.04729e-06
-2.03786e-06
-2.07224e-06
-2.09818e-06
-2.15635e-06
-2.20897e-06
-2.29624e-06
-2.39656e-06
-2.53671e-06
-2.71939e-06
-3.00342e-06
-3.3971e-06
-4.01023e-06
-4.88665e-06
-6.12066e-06
-7.75668e-06
-1.00275e-05
-1.29933e-05
-1.72715e-05
-2.24419e-05
-3.26674e-05
-5.07244e-05
-0.000147125
-0.000446192
-0.00162572
-0.00331292
-0.0983078
-0.0321972
-0.00652352
-0.000502469
0.000472625
-0.000276474
-0.000379908
-0.000478574
-0.000402282
-0.000350978
-0.000286306
-0.000238935
-0.000197213
-0.000164856
-0.000138132
-0.000116773
-9.93451e-05
-8.51175e-05
-7.33478e-05
-6.35145e-05
-5.51469e-05
-4.7914e-05
-4.1671e-05
-3.62302e-05
-3.15278e-05
-2.74068e-05
-2.38229e-05
-2.06272e-05
-1.79299e-05
-1.56063e-05
-1.36115e-05
-1.18711e-05
-1.03882e-05
-9.06906e-06
-7.93232e-06
-6.90583e-06
-6.03865e-06
-5.2623e-06
-4.62015e-06
-4.06107e-06
-3.60506e-06
-3.17632e-06
-2.82446e-06
-2.49941e-06
-2.24124e-06
-1.97721e-06
-1.77925e-06
-1.59594e-06
-1.44258e-06
-1.28607e-06
-1.17886e-06
-1.06002e-06
-9.90806e-07
-9.04259e-07
-8.65274e-07
-8.08227e-07
-7.73833e-07
-7.25209e-07
-7.06949e-07
-6.68104e-07
-6.62623e-07
-6.35801e-07
-6.46093e-07
-6.37081e-07
-6.61959e-07
-6.63226e-07
-6.82297e-07
-6.76855e-07
-6.78851e-07
-6.53014e-07
-6.47524e-07
-6.09786e-07
-6.00946e-07
-5.78694e-07
-5.84447e-07
-5.75064e-07
-6.05536e-07
-6.2839e-07
-6.77238e-07
-7.22536e-07
-7.99382e-07
-8.90082e-07
-1.0165e-06
-1.1841e-06
-1.44137e-06
-1.79442e-06
-2.34646e-06
-3.09074e-06
-4.16219e-06
-5.60136e-06
-7.59935e-06
-1.01761e-05
-1.37585e-05
-1.7804e-05
-2.55312e-05
-3.93684e-05
-0.000119364
-0.00038393
-0.00139855
-0.00284681
-0.109984
-0.0309706
-0.00569807
-0.000547399
0.000408045
-0.000296636
-0.000368695
-0.000461675
-0.000390448
-0.000345694
-0.000287371
-0.000244954
-0.000206924
-0.000177123
-0.000153625
-0.000135052
-0.000119886
-0.000107493
-9.72268e-05
-8.86397e-05
-8.13315e-05
-7.50175e-05
-6.95724e-05
-6.48308e-05
-6.07328e-05
-5.71414e-05
-5.40159e-05
-5.12344e-05
-4.89029e-05
-4.69063e-05
-4.51968e-05
-4.37099e-05
-4.24477e-05
-4.13283e-05
-4.03676e-05
-3.95063e-05
-3.87819e-05
-3.81385e-05
-3.76092e-05
-3.71493e-05
-3.67779e-05
-3.64331e-05
-3.61524e-05
-3.58956e-05
-3.56988e-05
-3.54974e-05
-3.53478e-05
-3.5202e-05
-3.50808e-05
-3.4955e-05
-3.48708e-05
-3.47785e-05
-3.47257e-05
-3.46559e-05
-3.46269e-05
-3.45817e-05
-3.45555e-05
-3.45176e-05
-3.45039e-05
-3.44728e-05
-3.44702e-05
-3.44473e-05
-3.4454e-05
-3.44451e-05
-3.44638e-05
-3.4461e-05
-3.44768e-05
-3.44721e-05
-3.44738e-05
-3.44554e-05
-3.44539e-05
-3.44266e-05
-3.44215e-05
-3.44061e-05
-3.44146e-05
-3.44061e-05
-3.44312e-05
-3.44508e-05
-3.449e-05
-3.45267e-05
-3.4591e-05
-3.46684e-05
-3.4776e-05
-3.49211e-05
-3.51424e-05
-3.54442e-05
-3.58916e-05
-3.65005e-05
-3.73935e-05
-3.86039e-05
-4.02817e-05
-4.2415e-05
-4.52561e-05
-4.81802e-05
-5.32145e-05
-6.2343e-05
-0.000123601
-0.000349236
-0.00116818
-0.002297
-0.123302
-0.0286627
-0.00469221
-0.000700047
0.000186274
-0.000441683
-0.000479885
-0.000561734
-0.000499809
-0.000464446
-0.000416443
-0.000382233
-0.000351207
-0.000326957
-0.000308011
-0.000293095
-0.00028091
-0.000270955
-0.000262712
-0.000255826
-0.000249985
-0.000244963
-0.00024066
-0.000236943
-0.000233759
-0.000231001
-0.000228633
-0.000226559
-0.000224749
-0.000223158
-0.000221797
-0.000220616
-0.000219617
-0.000218733
-0.000217978
-0.000217305
-0.000216742
-0.000216243
-0.000215835
-0.00021548
-0.000215194
-0.000214931
-0.000214717
-0.000214521
-0.000214375
-0.000214226
-0.000214116
-0.000214008
-0.000213922
-0.000213829
-0.000213769
-0.000213703
-0.000213666
-0.000213615
-0.000213596
-0.000213562
-0.000213545
-0.000213518
-0.000213509
-0.000213486
-0.000213486
-0.000213468
-0.000213472
-0.000213464
-0.000213478
-0.000213472
-0.000213484
-0.000213481
-0.000213482
-0.00021347
-0.000213471
-0.000213453
-0.000213451
-0.000213441
-0.000213451
-0.000213444
-0.000213463
-0.000213478
-0.000213508
-0.000213535
-0.000213585
-0.000213645
-0.000213729
-0.000213845
-0.00021402
-0.000214258
-0.00021461
-0.000215092
-0.000215798
-0.000216753
-0.000218068
-0.00021971
-0.000221791
-0.000223673
-0.000226092
-0.00023052
-0.000271532
-0.000444104
-0.00104961
-0.00176925
-0.13591
-0.0244356
-0.00334371
-0.000823845
-0.000101939
-0.000607056
-0.000612915
-0.000676628
-0.000628416
-0.000604377
-0.000569905
-0.000546212
-0.000524524
-0.00050791
-0.000494639
-0.000484091
-0.000475448
-0.000468378
-0.000462515
-0.000457613
-0.000453459
-0.000449893
-0.000446845
-0.000444219
-0.000441975
-0.000440039
-0.000438381
-0.000436938
-0.000435674
-0.000434562
-0.000433613
-0.00043279
-0.000432097
-0.000431488
-0.000430968
-0.000430509
-0.000430126
-0.000429789
-0.000429515
-0.000429275
-0.000429083
-0.000428907
-0.000428766
-0.000428635
-0.000428541
-0.000428443
-0.000428372
-0.000428303
-0.00042825
-0.000428192
-0.000428154
-0.000428114
-0.000428093
-0.000428059
-0.000428049
-0.000428028
-0.000428018
-0.000428001
-0.000427997
-0.000427982
-0.000427984
-0.000427972
-0.000427974
-0.000427968
-0.000427977
-0.00042797
-0.000427979
-0.000427977
-0.000427977
-0.000427971
-0.000427973
-0.000427963
-0.000427963
-0.000427957
-0.000427966
-0.000427962
-0.000427974
-0.000427984
-0.000428004
-0.000428021
-0.000428054
-0.000428095
-0.000428152
-0.000428231
-0.000428352
-0.000428513
-0.000428757
-0.00042909
-0.000429575
-0.000430229
-0.000431122
-0.000432218
-0.000433535
-0.000434535
-0.000435205
-0.000436359
-0.000458786
-0.000569057
-0.000943057
-0.00117799
-0.128456
-0.016007
-0.0009868
7.1529e-05
0.000505994
0.000190997
0.000202212
0.000164407
0.000194109
0.000206944
0.000226481
0.000239474
0.000251599
0.000260797
0.000268011
0.000273736
0.000278434
0.000282278
0.000285462
0.000288123
0.000290373
0.0002923
0.000293942
0.000295353
0.000296558
0.000297594
0.000298481
0.000299252
0.000299918
0.000300501
0.000300995
0.000301424
0.000301781
0.000302095
0.000302361
0.000302595
0.000302787
0.000302958
0.000303094
0.000303214
0.000303309
0.000303396
0.000303465
0.00030353
0.000303575
0.000303621
0.000303655
0.000303688
0.000303711
0.000303738
0.000303755
0.000303773
0.000303781
0.000303798
0.000303801
0.000303812
0.000303815
0.000303823
0.000303824
0.000303831
0.00030383
0.000303835
0.000303834
0.000303839
0.000303833
0.000303839
0.000303834
0.000303835
0.000303835
0.000303838
0.000303836
0.000303839
0.000303838
0.000303841
0.000303835
0.000303837
0.000303831
0.000303826
0.000303816
0.000303808
0.000303791
0.00030377
0.00030374
0.0003037
0.000303636
0.000303552
0.000303425
0.000303251
0.000302999
0.00030266
0.0003022
0.000301648
0.000301025
0.000300673
0.000300885
0.00030145
0.00029334
0.00023957
7.34728e-05
0.00021921
-0.0563971
-0.00359847
0.00176425
0.0020014
0.00213087
0.00203767
0.00204481
0.00203497
0.00204443
0.00204836
0.00205411
0.00205784
0.00206126
0.0020638
0.00206588
0.00206751
0.00206882
0.00206987
0.00207073
0.00207143
0.00207201
0.00207249
0.00207289
0.00207323
0.00207351
0.00207375
0.00207395
0.00207412
0.00207427
0.0020744
0.0020745
0.00207459
0.00207467
0.00207473
0.00207479
0.00207484
0.00207488
0.00207491
0.00207494
0.00207496
0.00207498
0.002075
0.00207502
0.00207503
0.00207504
0.00207505
0.00207505
0.00207506
0.00207507
0.00207507
0.00207507
0.00207508
0.00207508
0.00207508
0.00207508
0.00207508
0.00207508
0.00207509
0.00207509
0.00207509
0.00207509
0.00207509
0.00207509
0.00207509
0.00207509
0.00207509
0.00207509
0.00207509
0.00207509
0.00207509
0.00207509
0.00207509
0.00207509
0.00207509
0.00207509
0.00207509
0.00207509
0.00207509
0.00207508
0.00207508
0.00207508
0.00207507
0.00207506
0.00207505
0.00207503
0.00207501
0.00207497
0.00207492
0.00207485
0.00207476
0.00207464
0.0020745
0.00207436
0.00207435
0.00207464
0.00207528
0.00207439
0.00206119
0.0020212
0.00215161
)
;

boundaryField
{
    inlet
    {
        type            calculated;
        value           uniform 0;
    }
    outlet
    {
        type            calculated;
        value           nonuniform List<scalar> 
40
(
-0.00215161
-0.000219218
0.00117797
0.00176922
0.00229696
0.00284675
0.00331285
0.00365046
0.0038596
0.00394849
0.00392516
0.0037982
0.00357716
0.00327225
0.00289407
0.00245351
0.00196168
0.00142983
0.000869331
0.000291615
-0.000291842
-0.000869555
-0.00143005
-0.00196189
-0.00245371
-0.00289426
-0.00327243
-0.00357733
-0.00379836
-0.0039253
-0.00394862
-0.00385971
-0.00365054
-0.00331292
-0.00284681
-0.002297
-0.00176925
-0.00117799
0.00021921
0.00215161
)
;
    }
    lowerWall
    {
        type            calculated;
        value           uniform 0;
    }
    upperWall
    {
        type            calculated;
        value           uniform 0;
    }
    frontAndBack
    {
        type            empty;
    }
}


// ************************************************************************* //
