/*--------------------------------*- C++ -*----------------------------------*\
  =========                 |
  \\      /  F ield         | OpenFOAM: The Open Source CFD Toolbox
   \\    /   O peration     | Website:  https://openfoam.org
    \\  /    A nd           | Version:  7
     \\/     M anipulation  |
\*---------------------------------------------------------------------------*/
FoamFile
{
    version     2.0;
    format      ascii;
    class       volVectorField;
    location    "3";
    object      B;
}
// * * * * * * * * * * * * * * * * * * * * * * * * * * * * * * * * * * * * * //

dimensions      [1 0 -2 0 0 -1 0];

internalField   nonuniform List<vector> 
4000
(
(0.473706 20.0302 0)
(0.499758 19.9949 0)
(0.486453 19.9889 0)
(0.492087 19.9895 0)
(0.491792 19.991 0)
(0.493048 19.9929 0)
(0.493092 19.9943 0)
(0.493347 19.9955 0)
(0.493392 19.9964 0)
(0.493472 19.9971 0)
(0.49351 19.9977 0)
(0.493547 19.9982 0)
(0.493569 19.9985 0)
(0.493586 19.9988 0)
(0.493596 19.999 0)
(0.493602 19.9992 0)
(0.493603 19.9994 0)
(0.493601 19.9995 0)
(0.493597 19.9996 0)
(0.493591 19.9997 0)
(0.493585 19.9997 0)
(0.493578 19.9998 0)
(0.493571 19.9998 0)
(0.493564 19.9999 0)
(0.493557 19.9999 0)
(0.493551 19.9999 0)
(0.493545 19.9999 0)
(0.493539 19.9999 0)
(0.493535 20 0)
(0.49353 20 0)
(0.493527 20 0)
(0.493524 20 0)
(0.493521 20 0)
(0.493518 20 0)
(0.493516 20 0)
(0.493515 20 0)
(0.493513 20 0)
(0.493512 20 0)
(0.493511 20 0)
(0.49351 20 0)
(0.493509 20 0)
(0.493509 20 0)
(0.493508 20 0)
(0.493508 20 0)
(0.493508 20 0)
(0.493507 20 0)
(0.493507 20 0)
(0.493507 20 0)
(0.493507 20 0)
(0.493507 20 0)
(0.493507 20 0)
(0.493507 20 0)
(0.493507 20 0)
(0.493507 20 0)
(0.493507 20 0)
(0.493506 20 0)
(0.493506 20 0)
(0.493506 20 0)
(0.493506 20 0)
(0.493506 20 0)
(0.493506 20 0)
(0.493506 20 0)
(0.493506 20 0)
(0.493506 20 0)
(0.493506 20 0)
(0.493506 20 0)
(0.493506 20 0)
(0.493506 20 0)
(0.493506 20 0)
(0.493506 20 0)
(0.493506 20 0)
(0.493506 20 0)
(0.493506 20 0)
(0.493506 20 0)
(0.493506 20 0)
(0.493506 20 0)
(0.493506 20 0)
(0.493506 20 0)
(0.493506 20 0)
(0.493506 20 0)
(0.493506 20 0)
(0.493506 20 0)
(0.493506 20 0)
(0.493506 20 0)
(0.493506 20 0)
(0.493506 20 0)
(0.493506 20 0)
(0.493506 20 0)
(0.493506 20 0)
(0.493506 20 0)
(0.493507 20 0)
(0.493508 20 0)
(0.493511 20 0)
(0.493517 20 0)
(0.493529 20 0)
(0.493549 19.9999 0)
(0.493591 20 0)
(0.493596 20.0001 0)
(0.493552 20.0004 0)
(0.49279 20.0007 0)
(0.720743 20 0)
(0.770206 19.9729 0)
(0.768819 19.9667 0)
(0.779602 19.9694 0)
(0.780818 19.9744 0)
(0.783478 19.9798 0)
(0.78429 19.9842 0)
(0.785231 19.9877 0)
(0.785771 19.9904 0)
(0.786267 19.9926 0)
(0.786629 19.9943 0)
(0.78693 19.9956 0)
(0.787163 19.9967 0)
(0.787349 19.9976 0)
(0.787494 19.9983 0)
(0.787606 19.9989 0)
(0.787691 19.9993 0)
(0.787755 19.9997 0)
(0.787803 20 0)
(0.787838 20.0002 0)
(0.787862 20.0004 0)
(0.787879 20.0006 0)
(0.78789 20.0007 0)
(0.787897 20.0008 0)
(0.787901 20.0009 0)
(0.787902 20.0009 0)
(0.787902 20.001 0)
(0.787901 20.001 0)
(0.7879 20.0011 0)
(0.787898 20.0011 0)
(0.787896 20.0011 0)
(0.787894 20.0011 0)
(0.787892 20.0011 0)
(0.78789 20.0011 0)
(0.787889 20.0012 0)
(0.787887 20.0012 0)
(0.787886 20.0012 0)
(0.787885 20.0012 0)
(0.787884 20.0012 0)
(0.787883 20.0012 0)
(0.787882 20.0012 0)
(0.787881 20.0012 0)
(0.787881 20.0012 0)
(0.787881 20.0012 0)
(0.78788 20.0012 0)
(0.78788 20.0012 0)
(0.78788 20.0012 0)
(0.787879 20.0012 0)
(0.787879 20.0012 0)
(0.787879 20.0012 0)
(0.787879 20.0012 0)
(0.787879 20.0012 0)
(0.787879 20.0012 0)
(0.787879 20.0012 0)
(0.787879 20.0012 0)
(0.787879 20.0012 0)
(0.787879 20.0012 0)
(0.787879 20.0012 0)
(0.787879 20.0012 0)
(0.787879 20.0012 0)
(0.787879 20.0012 0)
(0.787879 20.0012 0)
(0.787879 20.0012 0)
(0.787879 20.0012 0)
(0.787879 20.0012 0)
(0.787879 20.0012 0)
(0.787879 20.0012 0)
(0.787879 20.0012 0)
(0.787879 20.0012 0)
(0.787879 20.0012 0)
(0.787879 20.0012 0)
(0.787879 20.0012 0)
(0.787879 20.0012 0)
(0.787879 20.0012 0)
(0.787879 20.0012 0)
(0.787879 20.0012 0)
(0.787879 20.0012 0)
(0.787879 20.0012 0)
(0.787879 20.0012 0)
(0.787879 20.0012 0)
(0.787879 20.0012 0)
(0.787879 20.0012 0)
(0.787879 20.0012 0)
(0.787879 20.0012 0)
(0.78788 20.0012 0)
(0.78788 20.0012 0)
(0.787881 20.0012 0)
(0.787883 20.0012 0)
(0.787885 20.0012 0)
(0.787889 20.0012 0)
(0.787895 20.0012 0)
(0.787905 20.0011 0)
(0.787922 20.0011 0)
(0.787949 20.0011 0)
(0.787994 20.001 0)
(0.788068 20.001 0)
(0.788197 20.0011 0)
(0.788339 20.0014 0)
(0.788459 20.0022 0)
(0.787402 20.0032 0)
(0.755238 19.9311 0)
(0.807925 19.9395 0)
(0.821179 19.9414 0)
(0.835606 19.9478 0)
(0.838834 19.9567 0)
(0.842573 19.9656 0)
(0.84424 19.9728 0)
(0.845853 19.9786 0)
(0.846946 19.9831 0)
(0.847888 19.9867 0)
(0.848614 19.9896 0)
(0.84921 19.9918 0)
(0.849682 19.9937 0)
(0.850061 19.9951 0)
(0.850361 19.9963 0)
(0.850598 19.9973 0)
(0.850784 19.998 0)
(0.850929 19.9986 0)
(0.851041 19.9991 0)
(0.851127 19.9995 0)
(0.851193 19.9999 0)
(0.851243 20.0001 0)
(0.85128 20.0003 0)
(0.851308 20.0005 0)
(0.851328 20.0006 0)
(0.851343 20.0007 0)
(0.851354 20.0008 0)
(0.851361 20.0009 0)
(0.851366 20.0009 0)
(0.85137 20.001 0)
(0.851372 20.001 0)
(0.851373 20.001 0)
(0.851374 20.001 0)
(0.851374 20.0011 0)
(0.851374 20.0011 0)
(0.851374 20.0011 0)
(0.851374 20.0011 0)
(0.851374 20.0011 0)
(0.851373 20.0011 0)
(0.851373 20.0011 0)
(0.851373 20.0011 0)
(0.851372 20.0011 0)
(0.851372 20.0011 0)
(0.851372 20.0011 0)
(0.851372 20.0011 0)
(0.851372 20.0011 0)
(0.851371 20.0011 0)
(0.851371 20.0011 0)
(0.851371 20.0011 0)
(0.851371 20.0011 0)
(0.851371 20.0011 0)
(0.851371 20.0011 0)
(0.851371 20.0011 0)
(0.851371 20.0011 0)
(0.851371 20.0011 0)
(0.851371 20.0011 0)
(0.851371 20.0011 0)
(0.851371 20.0011 0)
(0.851371 20.0011 0)
(0.851371 20.0011 0)
(0.851371 20.0011 0)
(0.851371 20.0011 0)
(0.851371 20.0011 0)
(0.851371 20.0011 0)
(0.851371 20.0011 0)
(0.851371 20.0011 0)
(0.851371 20.0011 0)
(0.851371 20.0011 0)
(0.851371 20.0011 0)
(0.851371 20.0011 0)
(0.851371 20.0011 0)
(0.851371 20.0011 0)
(0.851371 20.0011 0)
(0.851371 20.0011 0)
(0.851371 20.0011 0)
(0.851371 20.0011 0)
(0.851371 20.0011 0)
(0.851371 20.0011 0)
(0.851371 20.0011 0)
(0.851371 20.0011 0)
(0.851371 20.0011 0)
(0.851371 20.0011 0)
(0.851372 20.0011 0)
(0.851372 20.0011 0)
(0.851373 20.0011 0)
(0.851375 20.0011 0)
(0.851377 20.0011 0)
(0.85138 20.0011 0)
(0.851386 20.0011 0)
(0.851394 20.0011 0)
(0.851407 20.0011 0)
(0.851426 20.001 0)
(0.851458 20.001 0)
(0.851509 20.0009 0)
(0.851591 20.0009 0)
(0.851727 20.0008 0)
(0.851961 20.0009 0)
(0.852314 20.0014 0)
(0.852788 20.0026 0)
(0.852465 20.0042 0)
(0.726946 19.8635 0)
(0.774694 19.9008 0)
(0.798013 19.9141 0)
(0.815171 19.9258 0)
(0.820388 19.9389 0)
(0.825055 19.9512 0)
(0.82751 19.9612 0)
(0.829718 19.9693 0)
(0.831316 19.9756 0)
(0.832665 19.9806 0)
(0.833726 19.9846 0)
(0.834593 19.9878 0)
(0.835286 19.9904 0)
(0.835844 19.9924 0)
(0.836289 19.9941 0)
(0.836644 19.9954 0)
(0.836924 19.9965 0)
(0.837146 19.9973 0)
(0.837319 19.998 0)
(0.837455 19.9986 0)
(0.837561 19.999 0)
(0.837643 19.9994 0)
(0.837706 19.9997 0)
(0.837755 19.9999 0)
(0.837792 20.0001 0)
(0.83782 20.0002 0)
(0.837842 20.0003 0)
(0.837858 20.0004 0)
(0.83787 20.0005 0)
(0.837879 20.0006 0)
(0.837886 20.0006 0)
(0.837891 20.0007 0)
(0.837894 20.0007 0)
(0.837897 20.0007 0)
(0.837899 20.0007 0)
(0.8379 20.0007 0)
(0.837901 20.0008 0)
(0.837902 20.0008 0)
(0.837902 20.0008 0)
(0.837903 20.0008 0)
(0.837903 20.0008 0)
(0.837903 20.0008 0)
(0.837903 20.0008 0)
(0.837903 20.0008 0)
(0.837903 20.0008 0)
(0.837903 20.0008 0)
(0.837903 20.0008 0)
(0.837903 20.0008 0)
(0.837903 20.0008 0)
(0.837903 20.0008 0)
(0.837903 20.0008 0)
(0.837903 20.0008 0)
(0.837903 20.0008 0)
(0.837903 20.0008 0)
(0.837903 20.0008 0)
(0.837903 20.0008 0)
(0.837903 20.0008 0)
(0.837903 20.0008 0)
(0.837903 20.0008 0)
(0.837903 20.0008 0)
(0.837903 20.0008 0)
(0.837903 20.0008 0)
(0.837903 20.0008 0)
(0.837903 20.0008 0)
(0.837903 20.0008 0)
(0.837903 20.0008 0)
(0.837903 20.0008 0)
(0.837903 20.0008 0)
(0.837903 20.0008 0)
(0.837903 20.0008 0)
(0.837903 20.0008 0)
(0.837903 20.0008 0)
(0.837903 20.0008 0)
(0.837903 20.0008 0)
(0.837903 20.0008 0)
(0.837903 20.0008 0)
(0.837903 20.0008 0)
(0.837903 20.0008 0)
(0.837903 20.0008 0)
(0.837903 20.0008 0)
(0.837904 20.0008 0)
(0.837904 20.0008 0)
(0.837905 20.0008 0)
(0.837906 20.0008 0)
(0.837907 20.0008 0)
(0.837909 20.0008 0)
(0.837913 20.0008 0)
(0.837918 20.0008 0)
(0.837926 20.0008 0)
(0.837938 20.0007 0)
(0.837957 20.0007 0)
(0.837986 20.0007 0)
(0.838033 20.0006 0)
(0.838107 20.0005 0)
(0.838228 20.0005 0)
(0.838431 20.0004 0)
(0.838782 20.0005 0)
(0.839386 20.0009 0)
(0.840315 20.0024 0)
(0.841164 20.0043 0)
(0.681511 19.8061 0)
(0.722079 19.861 0)
(0.751036 19.8861 0)
(0.770069 19.9041 0)
(0.777023 19.9216 0)
(0.782481 19.9373 0)
(0.785612 19.95 0)
(0.788321 19.9602 0)
(0.790345 19.9683 0)
(0.792039 19.9747 0)
(0.793384 19.9799 0)
(0.794482 19.984 0)
(0.795364 19.9873 0)
(0.796075 19.9899 0)
(0.796645 19.992 0)
(0.797099 19.9937 0)
(0.797461 19.9951 0)
(0.797748 19.9962 0)
(0.797975 19.9971 0)
(0.798154 19.9978 0)
(0.798294 19.9984 0)
(0.798404 19.9988 0)
(0.79849 19.9992 0)
(0.798557 19.9995 0)
(0.798609 19.9997 0)
(0.798649 19.9999 0)
(0.79868 20.0001 0)
(0.798704 20.0002 0)
(0.798722 20.0003 0)
(0.798736 20.0004 0)
(0.798747 20.0004 0)
(0.798756 20.0005 0)
(0.798762 20.0005 0)
(0.798767 20.0006 0)
(0.79877 20.0006 0)
(0.798773 20.0006 0)
(0.798775 20.0006 0)
(0.798777 20.0006 0)
(0.798778 20.0006 0)
(0.798779 20.0006 0)
(0.798779 20.0007 0)
(0.79878 20.0007 0)
(0.79878 20.0007 0)
(0.798781 20.0007 0)
(0.798781 20.0007 0)
(0.798781 20.0007 0)
(0.798781 20.0007 0)
(0.798781 20.0007 0)
(0.798781 20.0007 0)
(0.798781 20.0007 0)
(0.798781 20.0007 0)
(0.798781 20.0007 0)
(0.798781 20.0007 0)
(0.798781 20.0007 0)
(0.798781 20.0007 0)
(0.798781 20.0007 0)
(0.798781 20.0007 0)
(0.798781 20.0007 0)
(0.798781 20.0007 0)
(0.798781 20.0007 0)
(0.798781 20.0007 0)
(0.798781 20.0007 0)
(0.798781 20.0007 0)
(0.798781 20.0007 0)
(0.798781 20.0007 0)
(0.798781 20.0007 0)
(0.798781 20.0007 0)
(0.798781 20.0007 0)
(0.798781 20.0007 0)
(0.798781 20.0007 0)
(0.798781 20.0007 0)
(0.798781 20.0007 0)
(0.798781 20.0007 0)
(0.798781 20.0007 0)
(0.798781 20.0007 0)
(0.798782 20.0007 0)
(0.798782 20.0007 0)
(0.798782 20.0007 0)
(0.798782 20.0007 0)
(0.798782 20.0007 0)
(0.798783 20.0007 0)
(0.798783 20.0007 0)
(0.798784 20.0007 0)
(0.798785 20.0007 0)
(0.798787 20.0007 0)
(0.79879 20.0007 0)
(0.798795 20.0007 0)
(0.798802 20.0006 0)
(0.798812 20.0006 0)
(0.798828 20.0006 0)
(0.798852 20.0006 0)
(0.79889 20.0005 0)
(0.79895 20.0004 0)
(0.799046 20.0003 0)
(0.799204 20.0002 0)
(0.799476 20.0001 0)
(0.799951 20.0001 0)
(0.800816 20.0006 0)
(0.802218 20.002 0)
(0.804222 20.0039 0)
(0.632617 19.7574 0)
(0.666112 19.8222 0)
(0.697499 19.858 0)
(0.717598 19.8827 0)
(0.725936 19.9048 0)
(0.732029 19.9238 0)
(0.735711 19.9392 0)
(0.738818 19.9515 0)
(0.741182 19.9613 0)
(0.74315 19.9691 0)
(0.744723 19.9753 0)
(0.746008 19.9803 0)
(0.747041 19.9843 0)
(0.747876 19.9875 0)
(0.748545 19.9901 0)
(0.749081 19.9922 0)
(0.749509 19.9939 0)
(0.749849 19.9952 0)
(0.750119 19.9963 0)
(0.750333 19.9971 0)
(0.750501 19.9978 0)
(0.750634 19.9984 0)
(0.750738 19.9988 0)
(0.75082 19.9992 0)
(0.750884 19.9995 0)
(0.750934 19.9997 0)
(0.750973 19.9999 0)
(0.751004 20.0001 0)
(0.751027 20.0002 0)
(0.751046 20.0003 0)
(0.75106 20.0003 0)
(0.751071 20.0004 0)
(0.75108 20.0005 0)
(0.751086 20.0005 0)
(0.751092 20.0005 0)
(0.751095 20.0006 0)
(0.751099 20.0006 0)
(0.751101 20.0006 0)
(0.751103 20.0006 0)
(0.751104 20.0006 0)
(0.751105 20.0006 0)
(0.751106 20.0006 0)
(0.751107 20.0006 0)
(0.751107 20.0006 0)
(0.751108 20.0007 0)
(0.751108 20.0007 0)
(0.751108 20.0007 0)
(0.751108 20.0007 0)
(0.751108 20.0007 0)
(0.751109 20.0007 0)
(0.751109 20.0007 0)
(0.751109 20.0007 0)
(0.751109 20.0007 0)
(0.751109 20.0007 0)
(0.751109 20.0007 0)
(0.751109 20.0007 0)
(0.751109 20.0007 0)
(0.751109 20.0007 0)
(0.751109 20.0007 0)
(0.751109 20.0007 0)
(0.751109 20.0007 0)
(0.751109 20.0007 0)
(0.751109 20.0007 0)
(0.751109 20.0007 0)
(0.751109 20.0007 0)
(0.751109 20.0007 0)
(0.751109 20.0007 0)
(0.751109 20.0007 0)
(0.751109 20.0007 0)
(0.751109 20.0007 0)
(0.751109 20.0007 0)
(0.751109 20.0007 0)
(0.751109 20.0007 0)
(0.751109 20.0007 0)
(0.751109 20.0007 0)
(0.751109 20.0007 0)
(0.751109 20.0007 0)
(0.751109 20.0007 0)
(0.75111 20.0007 0)
(0.75111 20.0007 0)
(0.75111 20.0007 0)
(0.751111 20.0007 0)
(0.751112 20.0007 0)
(0.751114 20.0007 0)
(0.751116 20.0007 0)
(0.75112 20.0006 0)
(0.751125 20.0006 0)
(0.751133 20.0006 0)
(0.751146 20.0006 0)
(0.751164 20.0006 0)
(0.751193 20.0005 0)
(0.751239 20.0005 0)
(0.75131 20.0004 0)
(0.751427 20.0002 0)
(0.75162 20.0001 0)
(0.751958 19.9999 0)
(0.752554 19.9999 0)
(0.753672 20.0002 0)
(0.755509 20.0015 0)
(0.75846 20.0031 0)
(0.584119 19.7157 0)
(0.611418 19.7853 0)
(0.643078 19.8303 0)
(0.663523 19.8618 0)
(0.672857 19.8885 0)
(0.679413 19.9107 0)
(0.683513 19.9287 0)
(0.686915 19.9431 0)
(0.689533 19.9545 0)
(0.691706 19.9636 0)
(0.69345 19.9709 0)
(0.694874 19.9768 0)
(0.696022 19.9815 0)
(0.69695 19.9852 0)
(0.697696 19.9883 0)
(0.698293 19.9907 0)
(0.698771 19.9927 0)
(0.699152 19.9942 0)
(0.699455 19.9955 0)
(0.699695 19.9965 0)
(0.699885 19.9973 0)
(0.700035 19.998 0)
(0.700154 19.9985 0)
(0.700247 19.9989 0)
(0.70032 19.9993 0)
(0.700378 19.9995 0)
(0.700423 19.9998 0)
(0.700459 19.9999 0)
(0.700487 20.0001 0)
(0.700508 20.0002 0)
(0.700525 20.0003 0)
(0.700539 20.0004 0)
(0.700549 20.0004 0)
(0.700557 20.0005 0)
(0.700564 20.0005 0)
(0.700568 20.0005 0)
(0.700572 20.0006 0)
(0.700575 20.0006 0)
(0.700578 20.0006 0)
(0.70058 20.0006 0)
(0.700581 20.0006 0)
(0.700582 20.0006 0)
(0.700583 20.0006 0)
(0.700584 20.0006 0)
(0.700584 20.0006 0)
(0.700585 20.0006 0)
(0.700585 20.0007 0)
(0.700585 20.0007 0)
(0.700585 20.0007 0)
(0.700585 20.0007 0)
(0.700586 20.0007 0)
(0.700586 20.0007 0)
(0.700586 20.0007 0)
(0.700586 20.0007 0)
(0.700586 20.0007 0)
(0.700586 20.0007 0)
(0.700586 20.0007 0)
(0.700586 20.0007 0)
(0.700586 20.0007 0)
(0.700586 20.0007 0)
(0.700586 20.0007 0)
(0.700586 20.0007 0)
(0.700586 20.0007 0)
(0.700586 20.0007 0)
(0.700586 20.0007 0)
(0.700586 20.0007 0)
(0.700586 20.0007 0)
(0.700586 20.0007 0)
(0.700586 20.0007 0)
(0.700586 20.0007 0)
(0.700586 20.0007 0)
(0.700586 20.0007 0)
(0.700586 20.0007 0)
(0.700586 20.0007 0)
(0.700586 20.0007 0)
(0.700586 20.0007 0)
(0.700586 20.0007 0)
(0.700587 20.0007 0)
(0.700587 20.0007 0)
(0.700587 20.0007 0)
(0.700588 20.0007 0)
(0.700588 20.0007 0)
(0.70059 20.0007 0)
(0.700591 20.0007 0)
(0.700594 20.0006 0)
(0.700598 20.0006 0)
(0.700604 20.0006 0)
(0.700614 20.0006 0)
(0.700627 20.0006 0)
(0.700649 20.0005 0)
(0.700681 20.0005 0)
(0.700733 20.0004 0)
(0.700815 20.0003 0)
(0.700949 20.0001 0)
(0.701174 19.9999 0)
(0.701572 19.9997 0)
(0.702279 19.9996 0)
(0.703623 19.9997 0)
(0.705828 20.0007 0)
(0.709481 20.002 0)
(0.536866 19.6798 0)
(0.558987 19.7509 0)
(0.589546 19.8037 0)
(0.609735 19.8416 0)
(0.619682 19.8728 0)
(0.62652 19.8982 0)
(0.630908 19.9186 0)
(0.634504 19.9349 0)
(0.637292 19.9479 0)
(0.639601 19.9583 0)
(0.64146 19.9667 0)
(0.642979 19.9734 0)
(0.644205 19.9787 0)
(0.645197 19.983 0)
(0.645994 19.9865 0)
(0.646634 19.9893 0)
(0.647146 19.9915 0)
(0.647555 19.9933 0)
(0.647881 19.9947 0)
(0.648139 19.9959 0)
(0.648345 19.9968 0)
(0.648507 19.9976 0)
(0.648636 19.9982 0)
(0.648737 19.9987 0)
(0.648817 19.9991 0)
(0.648881 19.9994 0)
(0.64893 19.9996 0)
(0.64897 19.9998 0)
(0.649 20 0)
(0.649025 20.0001 0)
(0.649044 20.0002 0)
(0.649058 20.0003 0)
(0.64907 20.0004 0)
(0.649079 20.0004 0)
(0.649087 20.0005 0)
(0.649092 20.0005 0)
(0.649097 20.0005 0)
(0.6491 20.0006 0)
(0.649103 20.0006 0)
(0.649105 20.0006 0)
(0.649107 20.0006 0)
(0.649108 20.0006 0)
(0.649109 20.0006 0)
(0.64911 20.0006 0)
(0.649111 20.0006 0)
(0.649111 20.0006 0)
(0.649112 20.0006 0)
(0.649112 20.0007 0)
(0.649112 20.0007 0)
(0.649112 20.0007 0)
(0.649112 20.0007 0)
(0.649113 20.0007 0)
(0.649113 20.0007 0)
(0.649113 20.0007 0)
(0.649113 20.0007 0)
(0.649113 20.0007 0)
(0.649113 20.0007 0)
(0.649113 20.0007 0)
(0.649113 20.0007 0)
(0.649113 20.0007 0)
(0.649113 20.0007 0)
(0.649113 20.0007 0)
(0.649113 20.0007 0)
(0.649113 20.0007 0)
(0.649113 20.0007 0)
(0.649113 20.0007 0)
(0.649113 20.0007 0)
(0.649113 20.0007 0)
(0.649113 20.0007 0)
(0.649113 20.0007 0)
(0.649113 20.0007 0)
(0.649113 20.0007 0)
(0.649113 20.0007 0)
(0.649113 20.0007 0)
(0.649113 20.0007 0)
(0.649113 20.0007 0)
(0.649113 20.0007 0)
(0.649114 20.0007 0)
(0.649114 20.0007 0)
(0.649114 20.0007 0)
(0.649115 20.0007 0)
(0.649116 20.0007 0)
(0.649117 20.0007 0)
(0.649119 20.0006 0)
(0.649122 20.0006 0)
(0.649126 20.0006 0)
(0.649133 20.0006 0)
(0.649143 20.0006 0)
(0.649158 20.0006 0)
(0.649181 20.0005 0)
(0.649217 20.0005 0)
(0.649273 20.0004 0)
(0.649362 20.0002 0)
(0.649511 20 0)
(0.649763 19.9998 0)
(0.650213 19.9995 0)
(0.651015 19.9992 0)
(0.652548 19.9991 0)
(0.655037 19.9997 0)
(0.65916 20.0005 0)
(0.490846 19.6487 0)
(0.508728 19.7194 0)
(0.537356 19.7784 0)
(0.556813 19.8224 0)
(0.567018 19.8579 0)
(0.573961 19.8862 0)
(0.578507 19.909 0)
(0.582199 19.9272 0)
(0.585078 19.9417 0)
(0.587458 19.9533 0)
(0.589378 19.9626 0)
(0.590948 19.9701 0)
(0.592217 19.9761 0)
(0.593244 19.9809 0)
(0.594071 19.9848 0)
(0.594734 19.9879 0)
(0.595266 19.9904 0)
(0.595691 19.9924 0)
(0.59603 19.994 0)
(0.596299 19.9953 0)
(0.596513 19.9964 0)
(0.596683 19.9972 0)
(0.596818 19.9979 0)
(0.596924 19.9984 0)
(0.597008 19.9988 0)
(0.597075 19.9992 0)
(0.597127 19.9995 0)
(0.597169 19.9997 0)
(0.597202 19.9999 0)
(0.597227 20 0)
(0.597248 20.0002 0)
(0.597264 20.0003 0)
(0.597276 20.0003 0)
(0.597286 20.0004 0)
(0.597294 20.0004 0)
(0.5973 20.0005 0)
(0.597305 20.0005 0)
(0.597309 20.0005 0)
(0.597312 20.0006 0)
(0.597314 20.0006 0)
(0.597316 20.0006 0)
(0.597318 20.0006 0)
(0.597319 20.0006 0)
(0.59732 20.0006 0)
(0.597321 20.0006 0)
(0.597321 20.0006 0)
(0.597322 20.0006 0)
(0.597322 20.0006 0)
(0.597322 20.0006 0)
(0.597323 20.0007 0)
(0.597323 20.0007 0)
(0.597323 20.0007 0)
(0.597323 20.0007 0)
(0.597323 20.0007 0)
(0.597323 20.0007 0)
(0.597323 20.0007 0)
(0.597323 20.0007 0)
(0.597323 20.0007 0)
(0.597323 20.0007 0)
(0.597323 20.0007 0)
(0.597323 20.0007 0)
(0.597323 20.0007 0)
(0.597323 20.0007 0)
(0.597323 20.0007 0)
(0.597323 20.0007 0)
(0.597323 20.0007 0)
(0.597323 20.0007 0)
(0.597323 20.0007 0)
(0.597323 20.0007 0)
(0.597323 20.0007 0)
(0.597323 20.0007 0)
(0.597323 20.0007 0)
(0.597323 20.0007 0)
(0.597324 20.0007 0)
(0.597324 20.0007 0)
(0.597324 20.0007 0)
(0.597324 20.0007 0)
(0.597324 20.0007 0)
(0.597324 20.0007 0)
(0.597325 20.0007 0)
(0.597325 20.0007 0)
(0.597326 20.0007 0)
(0.597328 20.0006 0)
(0.59733 20.0006 0)
(0.597333 20.0006 0)
(0.597337 20.0006 0)
(0.597344 20.0006 0)
(0.597355 20.0006 0)
(0.59737 20.0006 0)
(0.597395 20.0005 0)
(0.597432 20.0004 0)
(0.597491 20.0003 0)
(0.597587 20.0002 0)
(0.597746 19.9999 0)
(0.598019 19.9996 0)
(0.598511 19.9993 0)
(0.599386 19.9988 0)
(0.60106 19.9985 0)
(0.603744 19.9985 0)
(0.608135 19.9988 0)
(0.445854 19.6218 0)
(0.460292 19.6908 0)
(0.486524 19.7548 0)
(0.504887 19.8043 0)
(0.515034 19.8438 0)
(0.521913 19.875 0)
(0.526492 19.8999 0)
(0.530189 19.9198 0)
(0.533083 19.9358 0)
(0.535472 19.9485 0)
(0.537404 19.9588 0)
(0.538984 19.967 0)
(0.540263 19.9736 0)
(0.541298 19.9789 0)
(0.542132 19.9832 0)
(0.542802 19.9866 0)
(0.543339 19.9893 0)
(0.543768 19.9915 0)
(0.54411 19.9933 0)
(0.544383 19.9948 0)
(0.5446 19.9959 0)
(0.544773 19.9968 0)
(0.544909 19.9976 0)
(0.545018 19.9982 0)
(0.545104 19.9987 0)
(0.545172 19.999 0)
(0.545225 19.9994 0)
(0.545268 19.9996 0)
(0.545301 19.9998 0)
(0.545328 20 0)
(0.545349 20.0001 0)
(0.545365 20.0002 0)
(0.545379 20.0003 0)
(0.545389 20.0004 0)
(0.545397 20.0004 0)
(0.545404 20.0005 0)
(0.545409 20.0005 0)
(0.545413 20.0005 0)
(0.545416 20.0006 0)
(0.545419 20.0006 0)
(0.545421 20.0006 0)
(0.545422 20.0006 0)
(0.545423 20.0006 0)
(0.545424 20.0006 0)
(0.545425 20.0006 0)
(0.545426 20.0006 0)
(0.545426 20.0006 0)
(0.545427 20.0006 0)
(0.545427 20.0006 0)
(0.545427 20.0006 0)
(0.545427 20.0007 0)
(0.545428 20.0007 0)
(0.545428 20.0007 0)
(0.545428 20.0007 0)
(0.545428 20.0007 0)
(0.545428 20.0007 0)
(0.545428 20.0007 0)
(0.545428 20.0007 0)
(0.545428 20.0007 0)
(0.545428 20.0007 0)
(0.545428 20.0007 0)
(0.545428 20.0007 0)
(0.545428 20.0007 0)
(0.545428 20.0007 0)
(0.545428 20.0007 0)
(0.545428 20.0007 0)
(0.545428 20.0007 0)
(0.545428 20.0007 0)
(0.545428 20.0007 0)
(0.545428 20.0007 0)
(0.545428 20.0007 0)
(0.545428 20.0007 0)
(0.545428 20.0007 0)
(0.545428 20.0007 0)
(0.545428 20.0007 0)
(0.545428 20.0007 0)
(0.545429 20.0007 0)
(0.545429 20.0007 0)
(0.545429 20.0007 0)
(0.545429 20.0007 0)
(0.54543 20.0007 0)
(0.545431 20.0007 0)
(0.545432 20.0006 0)
(0.545435 20.0006 0)
(0.545438 20.0006 0)
(0.545442 20.0006 0)
(0.545449 20.0006 0)
(0.54546 20.0006 0)
(0.545476 20.0005 0)
(0.545501 20.0005 0)
(0.545539 20.0004 0)
(0.5456 20.0003 0)
(0.545699 20.0001 0)
(0.545865 19.9999 0)
(0.546152 19.9995 0)
(0.546672 19.999 0)
(0.547596 19.9984 0)
(0.549359 19.9977 0)
(0.552149 19.9972 0)
(0.556631 19.9969 0)
(0.401675 19.5984 0)
(0.413319 19.6652 0)
(0.436924 19.7331 0)
(0.453929 19.7875 0)
(0.463748 19.8306 0)
(0.470407 19.8645 0)
(0.474904 19.8915 0)
(0.478519 19.913 0)
(0.481358 19.9303 0)
(0.483699 19.9441 0)
(0.485596 19.9552 0)
(0.487147 19.9641 0)
(0.488404 19.9713 0)
(0.489422 19.977 0)
(0.490242 19.9816 0)
(0.490902 19.9854 0)
(0.491431 19.9883 0)
(0.491854 19.9907 0)
(0.492192 19.9927 0)
(0.492461 19.9942 0)
(0.492675 19.9955 0)
(0.492845 19.9965 0)
(0.492981 19.9973 0)
(0.493088 19.9979 0)
(0.493173 19.9985 0)
(0.493241 19.9989 0)
(0.493294 19.9992 0)
(0.493337 19.9995 0)
(0.49337 19.9997 0)
(0.493397 19.9999 0)
(0.493418 20.0001 0)
(0.493434 20.0002 0)
(0.493447 20.0003 0)
(0.493458 20.0003 0)
(0.493466 20.0004 0)
(0.493473 20.0004 0)
(0.493478 20.0005 0)
(0.493482 20.0005 0)
(0.493485 20.0005 0)
(0.493488 20.0006 0)
(0.49349 20.0006 0)
(0.493491 20.0006 0)
(0.493493 20.0006 0)
(0.493494 20.0006 0)
(0.493495 20.0006 0)
(0.493495 20.0006 0)
(0.493496 20.0006 0)
(0.493496 20.0006 0)
(0.493496 20.0006 0)
(0.493497 20.0006 0)
(0.493497 20.0007 0)
(0.493497 20.0007 0)
(0.493497 20.0007 0)
(0.493497 20.0007 0)
(0.493497 20.0007 0)
(0.493497 20.0007 0)
(0.493497 20.0007 0)
(0.493497 20.0007 0)
(0.493498 20.0007 0)
(0.493498 20.0007 0)
(0.493498 20.0007 0)
(0.493498 20.0007 0)
(0.493498 20.0007 0)
(0.493498 20.0007 0)
(0.493498 20.0007 0)
(0.493498 20.0007 0)
(0.493498 20.0007 0)
(0.493498 20.0007 0)
(0.493498 20.0007 0)
(0.493498 20.0007 0)
(0.493498 20.0007 0)
(0.493498 20.0007 0)
(0.493498 20.0007 0)
(0.493498 20.0007 0)
(0.493498 20.0007 0)
(0.493498 20.0007 0)
(0.493498 20.0007 0)
(0.493498 20.0007 0)
(0.493499 20.0007 0)
(0.493499 20.0007 0)
(0.4935 20.0007 0)
(0.493501 20.0007 0)
(0.493502 20.0006 0)
(0.493504 20.0006 0)
(0.493507 20.0006 0)
(0.493512 20.0006 0)
(0.493519 20.0006 0)
(0.493529 20.0006 0)
(0.493545 20.0005 0)
(0.49357 20.0005 0)
(0.493608 20.0004 0)
(0.493669 20.0002 0)
(0.493768 20 0)
(0.493938 19.9998 0)
(0.49423 19.9993 0)
(0.494764 19.9988 0)
(0.495711 19.998 0)
(0.497508 19.997 0)
(0.500316 19.9959 0)
(0.504742 19.995 0)
(0.358132 19.5782 0)
(0.367503 19.6424 0)
(0.388399 19.7134 0)
(0.403856 19.7721 0)
(0.413121 19.8186 0)
(0.419421 19.8548 0)
(0.423729 19.8837 0)
(0.427183 19.9067 0)
(0.429902 19.9252 0)
(0.432144 19.94 0)
(0.433961 19.9519 0)
(0.435448 19.9614 0)
(0.436654 19.9691 0)
(0.437632 19.9753 0)
(0.43842 19.9802 0)
(0.439053 19.9842 0)
(0.439562 19.9874 0)
(0.439969 19.99 0)
(0.440294 19.9921 0)
(0.440553 19.9937 0)
(0.440759 19.9951 0)
(0.440924 19.9962 0)
(0.441054 19.997 0)
(0.441158 19.9977 0)
(0.44124 19.9983 0)
(0.441305 19.9988 0)
(0.441357 19.9991 0)
(0.441398 19.9994 0)
(0.441431 19.9997 0)
(0.441456 19.9998 0)
(0.441477 20 0)
(0.441493 20.0001 0)
(0.441506 20.0002 0)
(0.441516 20.0003 0)
(0.441524 20.0004 0)
(0.441531 20.0004 0)
(0.441536 20.0005 0)
(0.44154 20.0005 0)
(0.441543 20.0005 0)
(0.441546 20.0006 0)
(0.441548 20.0006 0)
(0.441549 20.0006 0)
(0.441551 20.0006 0)
(0.441552 20.0006 0)
(0.441552 20.0006 0)
(0.441553 20.0006 0)
(0.441553 20.0006 0)
(0.441554 20.0006 0)
(0.441554 20.0006 0)
(0.441554 20.0006 0)
(0.441555 20.0006 0)
(0.441555 20.0007 0)
(0.441555 20.0007 0)
(0.441555 20.0007 0)
(0.441555 20.0007 0)
(0.441555 20.0007 0)
(0.441555 20.0007 0)
(0.441555 20.0007 0)
(0.441555 20.0007 0)
(0.441555 20.0007 0)
(0.441555 20.0007 0)
(0.441555 20.0007 0)
(0.441555 20.0007 0)
(0.441555 20.0007 0)
(0.441555 20.0007 0)
(0.441555 20.0007 0)
(0.441555 20.0007 0)
(0.441555 20.0007 0)
(0.441556 20.0007 0)
(0.441556 20.0007 0)
(0.441556 20.0007 0)
(0.441556 20.0007 0)
(0.441556 20.0007 0)
(0.441556 20.0007 0)
(0.441556 20.0007 0)
(0.441556 20.0007 0)
(0.441556 20.0007 0)
(0.441556 20.0007 0)
(0.441556 20.0007 0)
(0.441557 20.0007 0)
(0.441557 20.0007 0)
(0.441558 20.0006 0)
(0.44156 20.0006 0)
(0.441562 20.0006 0)
(0.441565 20.0006 0)
(0.441569 20.0006 0)
(0.441576 20.0006 0)
(0.441586 20.0006 0)
(0.441602 20.0005 0)
(0.441625 20.0005 0)
(0.441663 20.0004 0)
(0.441722 20.0002 0)
(0.44182 20 0)
(0.441987 19.9997 0)
(0.442278 19.9992 0)
(0.44281 19.9985 0)
(0.443751 19.9976 0)
(0.445529 19.9962 0)
(0.448273 19.9945 0)
(0.452517 19.9931 0)
(0.315085 19.5608 0)
(0.322598 19.6225 0)
(0.340788 19.6958 0)
(0.35457 19.7582 0)
(0.363094 19.8076 0)
(0.368915 19.8461 0)
(0.372939 19.8767 0)
(0.376159 19.901 0)
(0.3787 19.9206 0)
(0.380793 19.9362 0)
(0.382493 19.9489 0)
(0.383884 19.959 0)
(0.385012 19.9671 0)
(0.385927 19.9737 0)
(0.386665 19.979 0)
(0.387259 19.9832 0)
(0.387736 19.9866 0)
(0.388117 19.9893 0)
(0.388422 19.9915 0)
(0.388665 19.9933 0)
(0.388859 19.9947 0)
(0.389013 19.9959 0)
(0.389136 19.9968 0)
(0.389234 19.9975 0)
(0.389311 19.9981 0)
(0.389372 19.9986 0)
(0.389421 19.999 0)
(0.38946 19.9993 0)
(0.389491 19.9996 0)
(0.389515 19.9998 0)
(0.389534 20 0)
(0.38955 20.0001 0)
(0.389562 20.0002 0)
(0.389572 20.0003 0)
(0.389579 20.0004 0)
(0.389586 20.0004 0)
(0.38959 20.0005 0)
(0.389594 20.0005 0)
(0.389597 20.0005 0)
(0.3896 20.0006 0)
(0.389602 20.0006 0)
(0.389603 20.0006 0)
(0.389605 20.0006 0)
(0.389606 20.0006 0)
(0.389606 20.0006 0)
(0.389607 20.0006 0)
(0.389607 20.0006 0)
(0.389608 20.0006 0)
(0.389608 20.0006 0)
(0.389608 20.0006 0)
(0.389609 20.0006 0)
(0.389609 20.0007 0)
(0.389609 20.0007 0)
(0.389609 20.0007 0)
(0.389609 20.0007 0)
(0.389609 20.0007 0)
(0.389609 20.0007 0)
(0.389609 20.0007 0)
(0.389609 20.0007 0)
(0.389609 20.0007 0)
(0.389609 20.0007 0)
(0.389609 20.0007 0)
(0.389609 20.0007 0)
(0.389609 20.0007 0)
(0.389609 20.0007 0)
(0.389609 20.0007 0)
(0.389609 20.0007 0)
(0.389609 20.0007 0)
(0.389609 20.0007 0)
(0.389609 20.0007 0)
(0.389609 20.0007 0)
(0.389609 20.0007 0)
(0.38961 20.0007 0)
(0.38961 20.0007 0)
(0.38961 20.0007 0)
(0.38961 20.0007 0)
(0.38961 20.0007 0)
(0.38961 20.0007 0)
(0.38961 20.0007 0)
(0.389611 20.0007 0)
(0.389611 20.0007 0)
(0.389612 20.0006 0)
(0.389613 20.0006 0)
(0.389615 20.0006 0)
(0.389618 20.0006 0)
(0.389622 20.0006 0)
(0.389629 20.0006 0)
(0.389638 20.0006 0)
(0.389653 20.0005 0)
(0.389675 20.0004 0)
(0.389711 20.0003 0)
(0.389767 20.0002 0)
(0.389861 19.9999 0)
(0.390022 19.9996 0)
(0.390302 19.9991 0)
(0.390817 19.9983 0)
(0.391725 19.9971 0)
(0.393431 19.9955 0)
(0.396035 19.9932 0)
(0.399994 19.9912 0)
(0.272427 19.546 0)
(0.278407 19.6053 0)
(0.293943 19.6803 0)
(0.305968 19.7459 0)
(0.313602 19.7979 0)
(0.318839 19.8384 0)
(0.322495 19.8704 0)
(0.325417 19.8959 0)
(0.327727 19.9164 0)
(0.32963 19.9329 0)
(0.331176 19.9462 0)
(0.332441 19.9568 0)
(0.333469 19.9654 0)
(0.334302 19.9723 0)
(0.334975 19.9778 0)
(0.335516 19.9823 0)
(0.33595 19.9859 0)
(0.336298 19.9887 0)
(0.336576 19.991 0)
(0.336798 19.9929 0)
(0.336975 19.9944 0)
(0.337116 19.9956 0)
(0.337228 19.9966 0)
(0.337317 19.9974 0)
(0.337388 19.998 0)
(0.337444 19.9985 0)
(0.337489 19.9989 0)
(0.337524 19.9992 0)
(0.337553 19.9995 0)
(0.337575 19.9997 0)
(0.337593 19.9999 0)
(0.337607 20.0001 0)
(0.337618 20.0002 0)
(0.337627 20.0003 0)
(0.337634 20.0003 0)
(0.33764 20.0004 0)
(0.337644 20.0004 0)
(0.337648 20.0005 0)
(0.337651 20.0005 0)
(0.337653 20.0005 0)
(0.337655 20.0006 0)
(0.337656 20.0006 0)
(0.337657 20.0006 0)
(0.337658 20.0006 0)
(0.337659 20.0006 0)
(0.33766 20.0006 0)
(0.33766 20.0006 0)
(0.337661 20.0006 0)
(0.337661 20.0006 0)
(0.337661 20.0006 0)
(0.337661 20.0006 0)
(0.337661 20.0006 0)
(0.337662 20.0007 0)
(0.337662 20.0007 0)
(0.337662 20.0007 0)
(0.337662 20.0007 0)
(0.337662 20.0007 0)
(0.337662 20.0007 0)
(0.337662 20.0007 0)
(0.337662 20.0007 0)
(0.337662 20.0007 0)
(0.337662 20.0007 0)
(0.337662 20.0007 0)
(0.337662 20.0007 0)
(0.337662 20.0007 0)
(0.337662 20.0007 0)
(0.337662 20.0007 0)
(0.337662 20.0007 0)
(0.337662 20.0007 0)
(0.337662 20.0007 0)
(0.337662 20.0007 0)
(0.337662 20.0007 0)
(0.337662 20.0007 0)
(0.337662 20.0007 0)
(0.337662 20.0007 0)
(0.337662 20.0007 0)
(0.337662 20.0007 0)
(0.337663 20.0007 0)
(0.337663 20.0007 0)
(0.337663 20.0007 0)
(0.337664 20.0007 0)
(0.337664 20.0006 0)
(0.337666 20.0006 0)
(0.337667 20.0006 0)
(0.33767 20.0006 0)
(0.337674 20.0006 0)
(0.33768 20.0006 0)
(0.337689 20.0006 0)
(0.337702 20.0005 0)
(0.337723 20.0004 0)
(0.337755 20.0003 0)
(0.337807 20.0001 0)
(0.337894 19.9999 0)
(0.338044 19.9995 0)
(0.338307 19.9989 0)
(0.338788 19.9981 0)
(0.339637 19.9967 0)
(0.341222 19.9947 0)
(0.343619 19.992 0)
(0.347207 19.9895 0)
(0.230073 19.5336 0)
(0.234772 19.5908 0)
(0.247732 19.667 0)
(0.257946 19.7353 0)
(0.264574 19.7895 0)
(0.269141 19.8316 0)
(0.272355 19.8649 0)
(0.274923 19.8915 0)
(0.276957 19.9129 0)
(0.278631 19.93 0)
(0.279993 19.9438 0)
(0.281107 19.9549 0)
(0.282013 19.9639 0)
(0.282748 19.9711 0)
(0.283341 19.9768 0)
(0.283818 19.9815 0)
(0.284201 19.9852 0)
(0.284508 19.9882 0)
(0.284754 19.9906 0)
(0.28495 19.9926 0)
(0.285106 19.9941 0)
(0.28523 19.9954 0)
(0.28533 19.9964 0)
(0.285408 19.9972 0)
(0.285471 19.9979 0)
(0.285521 19.9984 0)
(0.28556 19.9988 0)
(0.285592 19.9992 0)
(0.285617 19.9995 0)
(0.285637 19.9997 0)
(0.285653 19.9999 0)
(0.285665 20 0)
(0.285675 20.0001 0)
(0.285683 20.0002 0)
(0.285689 20.0003 0)
(0.285694 20.0004 0)
(0.285698 20.0004 0)
(0.285702 20.0005 0)
(0.285704 20.0005 0)
(0.285706 20.0005 0)
(0.285708 20.0006 0)
(0.285709 20.0006 0)
(0.28571 20.0006 0)
(0.285711 20.0006 0)
(0.285712 20.0006 0)
(0.285712 20.0006 0)
(0.285712 20.0006 0)
(0.285713 20.0006 0)
(0.285713 20.0006 0)
(0.285713 20.0006 0)
(0.285713 20.0006 0)
(0.285714 20.0006 0)
(0.285714 20.0007 0)
(0.285714 20.0007 0)
(0.285714 20.0007 0)
(0.285714 20.0007 0)
(0.285714 20.0007 0)
(0.285714 20.0007 0)
(0.285714 20.0007 0)
(0.285714 20.0007 0)
(0.285714 20.0007 0)
(0.285714 20.0007 0)
(0.285714 20.0007 0)
(0.285714 20.0007 0)
(0.285714 20.0007 0)
(0.285714 20.0007 0)
(0.285714 20.0007 0)
(0.285714 20.0007 0)
(0.285714 20.0007 0)
(0.285714 20.0007 0)
(0.285714 20.0007 0)
(0.285714 20.0007 0)
(0.285714 20.0007 0)
(0.285714 20.0007 0)
(0.285714 20.0007 0)
(0.285714 20.0007 0)
(0.285715 20.0007 0)
(0.285715 20.0007 0)
(0.285715 20.0007 0)
(0.285715 20.0007 0)
(0.285716 20.0007 0)
(0.285716 20.0006 0)
(0.285717 20.0006 0)
(0.285719 20.0006 0)
(0.285721 20.0006 0)
(0.285725 20.0006 0)
(0.28573 20.0006 0)
(0.285738 20.0005 0)
(0.28575 20.0005 0)
(0.285768 20.0004 0)
(0.285797 20.0003 0)
(0.285844 20.0001 0)
(0.285921 19.9998 0)
(0.286056 19.9994 0)
(0.286293 19.9988 0)
(0.286728 19.9978 0)
(0.287492 19.9964 0)
(0.288912 19.9941 0)
(0.291043 19.9909 0)
(0.294187 19.9879 0)
(0.187954 19.5234 0)
(0.191566 19.5788 0)
(0.202032 19.6559 0)
(0.210407 19.7263 0)
(0.215938 19.7824 0)
(0.219765 19.8259 0)
(0.222476 19.8603 0)
(0.224643 19.8878 0)
(0.22636 19.9098 0)
(0.227774 19.9276 0)
(0.228925 19.9419 0)
(0.229867 19.9533 0)
(0.230633 19.9626 0)
(0.231254 19.97 0)
(0.231756 19.976 0)
(0.23216 19.9808 0)
(0.232484 19.9847 0)
(0.232744 19.9878 0)
(0.232952 19.9903 0)
(0.233118 19.9923 0)
(0.23325 19.9939 0)
(0.233356 19.9952 0)
(0.23344 19.9962 0)
(0.233506 19.9971 0)
(0.233559 19.9978 0)
(0.233602 19.9983 0)
(0.233635 19.9988 0)
(0.233662 19.9991 0)
(0.233683 19.9994 0)
(0.2337 19.9996 0)
(0.233714 19.9998 0)
(0.233724 20 0)
(0.233733 20.0001 0)
(0.23374 20.0002 0)
(0.233745 20.0003 0)
(0.233749 20.0004 0)
(0.233753 20.0004 0)
(0.233755 20.0005 0)
(0.233758 20.0005 0)
(0.233759 20.0005 0)
(0.233761 20.0006 0)
(0.233762 20.0006 0)
(0.233763 20.0006 0)
(0.233763 20.0006 0)
(0.233764 20.0006 0)
(0.233764 20.0006 0)
(0.233765 20.0006 0)
(0.233765 20.0006 0)
(0.233765 20.0006 0)
(0.233765 20.0006 0)
(0.233766 20.0006 0)
(0.233766 20.0006 0)
(0.233766 20.0006 0)
(0.233766 20.0007 0)
(0.233766 20.0007 0)
(0.233766 20.0007 0)
(0.233766 20.0007 0)
(0.233766 20.0007 0)
(0.233766 20.0007 0)
(0.233766 20.0007 0)
(0.233766 20.0007 0)
(0.233766 20.0007 0)
(0.233766 20.0007 0)
(0.233766 20.0007 0)
(0.233766 20.0007 0)
(0.233766 20.0007 0)
(0.233766 20.0007 0)
(0.233766 20.0007 0)
(0.233766 20.0007 0)
(0.233766 20.0007 0)
(0.233766 20.0007 0)
(0.233766 20.0007 0)
(0.233766 20.0007 0)
(0.233766 20.0007 0)
(0.233766 20.0007 0)
(0.233766 20.0007 0)
(0.233766 20.0007 0)
(0.233767 20.0007 0)
(0.233767 20.0007 0)
(0.233767 20.0007 0)
(0.233767 20.0007 0)
(0.233768 20.0006 0)
(0.233769 20.0006 0)
(0.23377 20.0006 0)
(0.233772 20.0006 0)
(0.233775 20.0006 0)
(0.23378 20.0006 0)
(0.233786 20.0005 0)
(0.233796 20.0005 0)
(0.233812 20.0004 0)
(0.233836 20.0003 0)
(0.233876 20.0001 0)
(0.233943 19.9998 0)
(0.234059 19.9994 0)
(0.234263 19.9987 0)
(0.234638 19.9977 0)
(0.235296 19.996 0)
(0.236513 19.9935 0)
(0.238325 19.9899 0)
(0.240971 19.9865 0)
(0.146014 19.5153 0)
(0.148686 19.5693 0)
(0.156736 19.6471 0)
(0.163256 19.7191 0)
(0.167621 19.7766 0)
(0.170653 19.8213 0)
(0.172812 19.8566 0)
(0.174538 19.8848 0)
(0.175907 19.9074 0)
(0.177035 19.9256 0)
(0.177952 19.9403 0)
(0.178704 19.952 0)
(0.179315 19.9615 0)
(0.179811 19.9692 0)
(0.180211 19.9753 0)
(0.180534 19.9802 0)
(0.180793 19.9842 0)
(0.181001 19.9874 0)
(0.181167 19.99 0)
(0.181299 19.992 0)
(0.181405 19.9937 0)
(0.181489 19.995 0)
(0.181557 19.9961 0)
(0.18161 19.997 0)
(0.181653 19.9977 0)
(0.181686 19.9983 0)
(0.181713 19.9987 0)
(0.181735 19.9991 0)
(0.181752 19.9994 0)
(0.181765 19.9996 0)
(0.181776 19.9998 0)
(0.181784 20 0)
(0.181791 20.0001 0)
(0.181797 20.0002 0)
(0.181801 20.0003 0)
(0.181804 20.0004 0)
(0.181807 20.0004 0)
(0.181809 20.0005 0)
(0.181811 20.0005 0)
(0.181813 20.0005 0)
(0.181814 20.0005 0)
(0.181815 20.0006 0)
(0.181815 20.0006 0)
(0.181816 20.0006 0)
(0.181816 20.0006 0)
(0.181817 20.0006 0)
(0.181817 20.0006 0)
(0.181817 20.0006 0)
(0.181817 20.0006 0)
(0.181818 20.0006 0)
(0.181818 20.0006 0)
(0.181818 20.0006 0)
(0.181818 20.0006 0)
(0.181818 20.0007 0)
(0.181818 20.0007 0)
(0.181818 20.0007 0)
(0.181818 20.0007 0)
(0.181818 20.0007 0)
(0.181818 20.0007 0)
(0.181818 20.0007 0)
(0.181818 20.0007 0)
(0.181818 20.0007 0)
(0.181818 20.0007 0)
(0.181818 20.0007 0)
(0.181818 20.0007 0)
(0.181818 20.0007 0)
(0.181818 20.0007 0)
(0.181818 20.0007 0)
(0.181818 20.0007 0)
(0.181818 20.0007 0)
(0.181818 20.0007 0)
(0.181818 20.0007 0)
(0.181818 20.0007 0)
(0.181818 20.0007 0)
(0.181818 20.0007 0)
(0.181818 20.0007 0)
(0.181818 20.0007 0)
(0.181819 20.0007 0)
(0.181819 20.0007 0)
(0.181819 20.0007 0)
(0.181819 20.0007 0)
(0.18182 20.0006 0)
(0.18182 20.0006 0)
(0.181821 20.0006 0)
(0.181823 20.0006 0)
(0.181825 20.0006 0)
(0.181829 20.0006 0)
(0.181834 20.0005 0)
(0.181842 20.0005 0)
(0.181855 20.0004 0)
(0.181875 20.0003 0)
(0.181907 20.0001 0)
(0.181961 19.9998 0)
(0.182055 19.9993 0)
(0.18222 19.9986 0)
(0.182523 19.9975 0)
(0.183056 19.9958 0)
(0.184037 19.993 0)
(0.18549 19.989 0)
(0.187592 19.9854 0)
(0.104206 19.5094 0)
(0.106043 19.5622 0)
(0.111743 19.6404 0)
(0.116402 19.7137 0)
(0.119553 19.7723 0)
(0.121747 19.8178 0)
(0.123317 19.8538 0)
(0.124571 19.8825 0)
(0.125567 19.9055 0)
(0.126387 19.9241 0)
(0.127054 19.939 0)
(0.127601 19.9511 0)
(0.128046 19.9607 0)
(0.128407 19.9685 0)
(0.128699 19.9748 0)
(0.128934 19.9798 0)
(0.129123 19.9839 0)
(0.129274 19.9871 0)
(0.129395 19.9898 0)
(0.129492 19.9919 0)
(0.129569 19.9936 0)
(0.12963 19.9949 0)
(0.129679 19.996 0)
(0.129718 19.9969 0)
(0.129749 19.9976 0)
(0.129774 19.9982 0)
(0.129794 19.9987 0)
(0.129809 19.999 0)
(0.129822 19.9993 0)
(0.129831 19.9996 0)
(0.129839 19.9998 0)
(0.129845 20 0)
(0.12985 20.0001 0)
(0.129854 20.0002 0)
(0.129858 20.0003 0)
(0.12986 20.0003 0)
(0.129862 20.0004 0)
(0.129864 20.0005 0)
(0.129865 20.0005 0)
(0.129866 20.0005 0)
(0.129867 20.0005 0)
(0.129868 20.0006 0)
(0.129868 20.0006 0)
(0.129868 20.0006 0)
(0.129869 20.0006 0)
(0.129869 20.0006 0)
(0.129869 20.0006 0)
(0.129869 20.0006 0)
(0.12987 20.0006 0)
(0.12987 20.0006 0)
(0.12987 20.0006 0)
(0.12987 20.0006 0)
(0.12987 20.0006 0)
(0.12987 20.0007 0)
(0.12987 20.0007 0)
(0.12987 20.0007 0)
(0.12987 20.0007 0)
(0.12987 20.0007 0)
(0.12987 20.0007 0)
(0.12987 20.0007 0)
(0.12987 20.0007 0)
(0.12987 20.0007 0)
(0.12987 20.0007 0)
(0.12987 20.0007 0)
(0.12987 20.0007 0)
(0.12987 20.0007 0)
(0.12987 20.0007 0)
(0.12987 20.0007 0)
(0.12987 20.0007 0)
(0.12987 20.0007 0)
(0.12987 20.0007 0)
(0.12987 20.0007 0)
(0.12987 20.0007 0)
(0.12987 20.0007 0)
(0.12987 20.0007 0)
(0.12987 20.0007 0)
(0.12987 20.0007 0)
(0.12987 20.0007 0)
(0.12987 20.0007 0)
(0.129871 20.0007 0)
(0.129871 20.0007 0)
(0.129871 20.0006 0)
(0.129872 20.0006 0)
(0.129872 20.0006 0)
(0.129874 20.0006 0)
(0.129875 20.0006 0)
(0.129878 20.0006 0)
(0.129882 20.0005 0)
(0.129888 20.0005 0)
(0.129897 20.0004 0)
(0.129911 20.0003 0)
(0.129935 20 0)
(0.129974 19.9997 0)
(0.130044 19.9993 0)
(0.130165 19.9985 0)
(0.130389 19.9974 0)
(0.13078 19.9955 0)
(0.131499 19.9927 0)
(0.132561 19.9884 0)
(0.134086 19.9846 0)
(0.0624887 19.5054 0)
(0.0635633 19.5575 0)
(0.066963 19.636 0)
(0.0697585 19.7101 0)
(0.0716614 19.7694 0)
(0.0729892 19.8155 0)
(0.0739415 19.8519 0)
(0.0747025 19.8809 0)
(0.0753074 19.9043 0)
(0.0758052 19.9231 0)
(0.0762106 19.9382 0)
(0.0765429 19.9504 0)
(0.0768131 19.9602 0)
(0.0770326 19.9681 0)
(0.0772099 19.9744 0)
(0.0773527 19.9795 0)
(0.0774675 19.9837 0)
(0.0775595 19.9869 0)
(0.0776331 19.9896 0)
(0.0776919 19.9917 0)
(0.0777388 19.9935 0)
(0.0777762 19.9948 0)
(0.0778059 19.996 0)
(0.0778296 19.9969 0)
(0.0778485 19.9976 0)
(0.0778635 19.9982 0)
(0.0778755 19.9986 0)
(0.0778849 19.999 0)
(0.0778925 19.9993 0)
(0.0778985 19.9996 0)
(0.0779032 19.9998 0)
(0.077907 19.9999 0)
(0.0779101 20.0001 0)
(0.0779125 20.0002 0)
(0.0779144 20.0003 0)
(0.077916 20.0003 0)
(0.0779172 20.0004 0)
(0.0779182 20.0004 0)
(0.077919 20.0005 0)
(0.0779196 20.0005 0)
(0.0779201 20.0005 0)
(0.0779205 20.0006 0)
(0.0779208 20.0006 0)
(0.0779211 20.0006 0)
(0.0779213 20.0006 0)
(0.0779214 20.0006 0)
(0.0779215 20.0006 0)
(0.0779216 20.0006 0)
(0.0779217 20.0006 0)
(0.0779218 20.0006 0)
(0.0779218 20.0006 0)
(0.0779219 20.0006 0)
(0.0779219 20.0006 0)
(0.077922 20.0007 0)
(0.077922 20.0007 0)
(0.077922 20.0007 0)
(0.077922 20.0007 0)
(0.077922 20.0007 0)
(0.077922 20.0007 0)
(0.077922 20.0007 0)
(0.0779221 20.0007 0)
(0.0779221 20.0007 0)
(0.0779221 20.0007 0)
(0.0779221 20.0007 0)
(0.0779221 20.0007 0)
(0.0779221 20.0007 0)
(0.0779221 20.0007 0)
(0.0779221 20.0007 0)
(0.0779221 20.0007 0)
(0.0779221 20.0007 0)
(0.0779221 20.0007 0)
(0.0779221 20.0007 0)
(0.0779221 20.0007 0)
(0.0779222 20.0007 0)
(0.0779222 20.0007 0)
(0.0779222 20.0007 0)
(0.0779222 20.0007 0)
(0.0779222 20.0007 0)
(0.0779223 20.0007 0)
(0.0779224 20.0007 0)
(0.0779225 20.0007 0)
(0.0779227 20.0006 0)
(0.077923 20.0006 0)
(0.0779235 20.0006 0)
(0.0779242 20.0006 0)
(0.0779252 20.0006 0)
(0.0779268 20.0006 0)
(0.0779292 20.0005 0)
(0.0779328 20.0005 0)
(0.0779383 20.0004 0)
(0.0779471 20.0002 0)
(0.0779615 20 0)
(0.0779857 19.9997 0)
(0.078028 19.9993 0)
(0.0781025 19.9985 0)
(0.0782393 19.9973 0)
(0.0784786 19.9954 0)
(0.0789178 19.9924 0)
(0.0795639 19.988 0)
(0.0804879 19.984 0)
(0.020824 19.5035 0)
(0.0211778 19.5552 0)
(0.0223076 19.6338 0)
(0.0232394 19.7083 0)
(0.0238757 19.768 0)
(0.0243201 19.8144 0)
(0.0246391 19.851 0)
(0.024894 19.8802 0)
(0.0250966 19.9037 0)
(0.0252634 19.9226 0)
(0.0253992 19.9378 0)
(0.0255106 19.9501 0)
(0.0256013 19.96 0)
(0.0256749 19.9679 0)
(0.0257345 19.9743 0)
(0.0257825 19.9794 0)
(0.0258211 19.9835 0)
(0.025852 19.9869 0)
(0.0258768 19.9895 0)
(0.0258966 19.9917 0)
(0.0259124 19.9934 0)
(0.025925 19.9948 0)
(0.025935 19.9959 0)
(0.025943 19.9968 0)
(0.0259494 19.9976 0)
(0.0259544 19.9981 0)
(0.0259584 19.9986 0)
(0.0259616 19.999 0)
(0.0259641 19.9993 0)
(0.0259661 19.9996 0)
(0.0259677 19.9998 0)
(0.025969 19.9999 0)
(0.02597 20.0001 0)
(0.0259708 20.0002 0)
(0.0259715 20.0003 0)
(0.025972 20.0003 0)
(0.0259724 20.0004 0)
(0.0259727 20.0004 0)
(0.025973 20.0005 0)
(0.0259732 20.0005 0)
(0.0259734 20.0005 0)
(0.0259735 20.0006 0)
(0.0259736 20.0006 0)
(0.0259737 20.0006 0)
(0.0259738 20.0006 0)
(0.0259738 20.0006 0)
(0.0259738 20.0006 0)
(0.0259739 20.0006 0)
(0.0259739 20.0006 0)
(0.0259739 20.0006 0)
(0.0259739 20.0006 0)
(0.025974 20.0006 0)
(0.025974 20.0006 0)
(0.025974 20.0007 0)
(0.025974 20.0007 0)
(0.025974 20.0007 0)
(0.025974 20.0007 0)
(0.025974 20.0007 0)
(0.025974 20.0007 0)
(0.025974 20.0007 0)
(0.025974 20.0007 0)
(0.025974 20.0007 0)
(0.025974 20.0007 0)
(0.025974 20.0007 0)
(0.025974 20.0007 0)
(0.025974 20.0007 0)
(0.025974 20.0007 0)
(0.025974 20.0007 0)
(0.0259741 20.0007 0)
(0.0259741 20.0007 0)
(0.0259741 20.0007 0)
(0.0259741 20.0007 0)
(0.0259741 20.0007 0)
(0.0259741 20.0007 0)
(0.0259741 20.0007 0)
(0.0259741 20.0007 0)
(0.0259741 20.0007 0)
(0.0259741 20.0007 0)
(0.0259741 20.0007 0)
(0.0259741 20.0007 0)
(0.0259742 20.0007 0)
(0.0259742 20.0006 0)
(0.0259743 20.0006 0)
(0.0259745 20.0006 0)
(0.0259747 20.0006 0)
(0.0259751 20.0006 0)
(0.0259756 20.0006 0)
(0.0259764 20.0005 0)
(0.0259776 20.0005 0)
(0.0259794 20.0004 0)
(0.0259824 20.0002 0)
(0.0259872 20 0)
(0.0259954 19.9997 0)
(0.0260096 19.9992 0)
(0.0260347 19.9985 0)
(0.0260808 19.9973 0)
(0.0261613 19.9953 0)
(0.0263089 19.9923 0)
(0.0265259 19.9878 0)
(0.0268354 19.9837 0)
(-0.0208233 19.5035 0)
(-0.0211768 19.5552 0)
(-0.0223065 19.6338 0)
(-0.0232382 19.7083 0)
(-0.0238747 19.768 0)
(-0.0243194 19.8144 0)
(-0.024639 19.851 0)
(-0.0248946 19.8802 0)
(-0.0250978 19.9037 0)
(-0.0252651 19.9226 0)
(-0.0254013 19.9378 0)
(-0.0255128 19.9501 0)
(-0.0256035 19.96 0)
(-0.025677 19.9679 0)
(-0.0257363 19.9743 0)
(-0.025784 19.9794 0)
(-0.0258223 19.9835 0)
(-0.025853 19.9869 0)
(-0.0258775 19.9895 0)
(-0.0258971 19.9917 0)
(-0.0259127 19.9934 0)
(-0.0259251 19.9948 0)
(-0.025935 19.9959 0)
(-0.0259429 19.9968 0)
(-0.0259492 19.9976 0)
(-0.0259542 19.9981 0)
(-0.0259582 19.9986 0)
(-0.0259614 19.999 0)
(-0.025964 19.9993 0)
(-0.025966 19.9996 0)
(-0.0259677 19.9998 0)
(-0.025969 19.9999 0)
(-0.02597 20.0001 0)
(-0.0259708 20.0002 0)
(-0.0259714 20.0003 0)
(-0.025972 20.0003 0)
(-0.0259724 20.0004 0)
(-0.0259727 20.0004 0)
(-0.0259729 20.0005 0)
(-0.0259731 20.0005 0)
(-0.0259733 20.0005 0)
(-0.0259734 20.0006 0)
(-0.0259736 20.0006 0)
(-0.0259737 20.0006 0)
(-0.0259737 20.0006 0)
(-0.0259738 20.0006 0)
(-0.0259739 20.0006 0)
(-0.0259739 20.0006 0)
(-0.0259739 20.0006 0)
(-0.025974 20.0006 0)
(-0.025974 20.0006 0)
(-0.025974 20.0006 0)
(-0.025974 20.0006 0)
(-0.025974 20.0007 0)
(-0.025974 20.0007 0)
(-0.025974 20.0007 0)
(-0.025974 20.0007 0)
(-0.025974 20.0007 0)
(-0.025974 20.0007 0)
(-0.025974 20.0007 0)
(-0.025974 20.0007 0)
(-0.025974 20.0007 0)
(-0.025974 20.0007 0)
(-0.025974 20.0007 0)
(-0.025974 20.0007 0)
(-0.025974 20.0007 0)
(-0.025974 20.0007 0)
(-0.025974 20.0007 0)
(-0.025974 20.0007 0)
(-0.025974 20.0007 0)
(-0.025974 20.0007 0)
(-0.025974 20.0007 0)
(-0.025974 20.0007 0)
(-0.025974 20.0007 0)
(-0.025974 20.0007 0)
(-0.025974 20.0007 0)
(-0.025974 20.0007 0)
(-0.025974 20.0007 0)
(-0.0259741 20.0007 0)
(-0.0259741 20.0007 0)
(-0.0259742 20.0007 0)
(-0.0259743 20.0006 0)
(-0.0259744 20.0006 0)
(-0.0259745 20.0006 0)
(-0.0259748 20.0006 0)
(-0.0259751 20.0006 0)
(-0.0259757 20.0006 0)
(-0.0259765 20.0005 0)
(-0.0259777 20.0005 0)
(-0.0259795 20.0004 0)
(-0.0259825 20.0002 0)
(-0.0259874 20 0)
(-0.0259955 19.9997 0)
(-0.0260097 19.9992 0)
(-0.0260348 19.9985 0)
(-0.0260808 19.9973 0)
(-0.0261613 19.9953 0)
(-0.026309 19.9923 0)
(-0.0265259 19.9878 0)
(-0.0268354 19.9837 0)
(-0.0624879 19.5054 0)
(-0.0635623 19.5575 0)
(-0.0669619 19.636 0)
(-0.0697573 19.7101 0)
(-0.0716604 19.7694 0)
(-0.0729886 19.8155 0)
(-0.0739414 19.8519 0)
(-0.074703 19.8809 0)
(-0.0753086 19.9043 0)
(-0.0758069 19.9231 0)
(-0.0762126 19.9382 0)
(-0.0765451 19.9504 0)
(-0.0768153 19.9602 0)
(-0.0770346 19.9681 0)
(-0.0772117 19.9744 0)
(-0.0773543 19.9795 0)
(-0.0774687 19.9837 0)
(-0.0775604 19.9869 0)
(-0.0776337 19.9896 0)
(-0.0776923 19.9917 0)
(-0.077739 19.9935 0)
(-0.0777762 19.9948 0)
(-0.0778059 19.996 0)
(-0.0778295 19.9969 0)
(-0.0778483 19.9976 0)
(-0.0778633 19.9982 0)
(-0.0778753 19.9986 0)
(-0.0778848 19.999 0)
(-0.0778923 19.9993 0)
(-0.0778984 19.9996 0)
(-0.0779032 19.9998 0)
(-0.077907 19.9999 0)
(-0.0779101 20.0001 0)
(-0.0779125 20.0002 0)
(-0.0779144 20.0003 0)
(-0.0779159 20.0003 0)
(-0.0779172 20.0004 0)
(-0.0779181 20.0004 0)
(-0.0779189 20.0005 0)
(-0.0779195 20.0005 0)
(-0.07792 20.0005 0)
(-0.0779204 20.0006 0)
(-0.0779208 20.0006 0)
(-0.077921 20.0006 0)
(-0.0779213 20.0006 0)
(-0.0779214 20.0006 0)
(-0.0779216 20.0006 0)
(-0.0779217 20.0006 0)
(-0.0779218 20.0006 0)
(-0.0779218 20.0006 0)
(-0.0779219 20.0006 0)
(-0.0779219 20.0006 0)
(-0.0779219 20.0006 0)
(-0.077922 20.0007 0)
(-0.077922 20.0007 0)
(-0.077922 20.0007 0)
(-0.077922 20.0007 0)
(-0.077922 20.0007 0)
(-0.077922 20.0007 0)
(-0.077922 20.0007 0)
(-0.077922 20.0007 0)
(-0.0779221 20.0007 0)
(-0.0779221 20.0007 0)
(-0.0779221 20.0007 0)
(-0.0779221 20.0007 0)
(-0.0779221 20.0007 0)
(-0.0779221 20.0007 0)
(-0.077922 20.0007 0)
(-0.077922 20.0007 0)
(-0.077922 20.0007 0)
(-0.077922 20.0007 0)
(-0.077922 20.0007 0)
(-0.077922 20.0007 0)
(-0.0779221 20.0007 0)
(-0.0779221 20.0007 0)
(-0.0779221 20.0007 0)
(-0.0779221 20.0007 0)
(-0.0779222 20.0007 0)
(-0.0779223 20.0007 0)
(-0.0779224 20.0007 0)
(-0.0779225 20.0007 0)
(-0.0779228 20.0006 0)
(-0.0779231 20.0006 0)
(-0.0779235 20.0006 0)
(-0.0779242 20.0006 0)
(-0.0779253 20.0006 0)
(-0.0779269 20.0006 0)
(-0.0779292 20.0005 0)
(-0.0779328 20.0005 0)
(-0.0779384 20.0004 0)
(-0.0779473 20.0002 0)
(-0.0779617 20 0)
(-0.0779858 19.9997 0)
(-0.0780281 19.9993 0)
(-0.0781026 19.9985 0)
(-0.0782394 19.9973 0)
(-0.0784787 19.9954 0)
(-0.0789178 19.9924 0)
(-0.0795639 19.988 0)
(-0.0804879 19.984 0)
(-0.104205 19.5094 0)
(-0.106042 19.5622 0)
(-0.111742 19.6404 0)
(-0.116401 19.7137 0)
(-0.119552 19.7723 0)
(-0.121746 19.8178 0)
(-0.123317 19.8538 0)
(-0.124571 19.8825 0)
(-0.125568 19.9055 0)
(-0.126389 19.9241 0)
(-0.127056 19.939 0)
(-0.127604 19.9511 0)
(-0.128048 19.9607 0)
(-0.128409 19.9685 0)
(-0.128701 19.9748 0)
(-0.128936 19.9798 0)
(-0.129124 19.9839 0)
(-0.129275 19.9871 0)
(-0.129396 19.9898 0)
(-0.129492 19.9919 0)
(-0.129569 19.9936 0)
(-0.12963 19.9949 0)
(-0.129679 19.996 0)
(-0.129718 19.9969 0)
(-0.129749 19.9976 0)
(-0.129774 19.9982 0)
(-0.129793 19.9987 0)
(-0.129809 19.999 0)
(-0.129821 19.9993 0)
(-0.129831 19.9996 0)
(-0.129839 19.9998 0)
(-0.129845 20 0)
(-0.12985 20.0001 0)
(-0.129854 20.0002 0)
(-0.129858 20.0003 0)
(-0.12986 20.0003 0)
(-0.129862 20.0004 0)
(-0.129864 20.0005 0)
(-0.129865 20.0005 0)
(-0.129866 20.0005 0)
(-0.129867 20.0005 0)
(-0.129867 20.0006 0)
(-0.129868 20.0006 0)
(-0.129868 20.0006 0)
(-0.129869 20.0006 0)
(-0.129869 20.0006 0)
(-0.129869 20.0006 0)
(-0.129869 20.0006 0)
(-0.12987 20.0006 0)
(-0.12987 20.0006 0)
(-0.12987 20.0006 0)
(-0.12987 20.0006 0)
(-0.12987 20.0006 0)
(-0.12987 20.0007 0)
(-0.12987 20.0007 0)
(-0.12987 20.0007 0)
(-0.12987 20.0007 0)
(-0.12987 20.0007 0)
(-0.12987 20.0007 0)
(-0.12987 20.0007 0)
(-0.12987 20.0007 0)
(-0.12987 20.0007 0)
(-0.12987 20.0007 0)
(-0.12987 20.0007 0)
(-0.12987 20.0007 0)
(-0.12987 20.0007 0)
(-0.12987 20.0007 0)
(-0.12987 20.0007 0)
(-0.12987 20.0007 0)
(-0.12987 20.0007 0)
(-0.12987 20.0007 0)
(-0.12987 20.0007 0)
(-0.12987 20.0007 0)
(-0.12987 20.0007 0)
(-0.12987 20.0007 0)
(-0.12987 20.0007 0)
(-0.12987 20.0007 0)
(-0.12987 20.0007 0)
(-0.12987 20.0007 0)
(-0.129871 20.0007 0)
(-0.129871 20.0007 0)
(-0.129871 20.0006 0)
(-0.129872 20.0006 0)
(-0.129873 20.0006 0)
(-0.129874 20.0006 0)
(-0.129875 20.0006 0)
(-0.129878 20.0006 0)
(-0.129882 20.0005 0)
(-0.129888 20.0005 0)
(-0.129897 20.0004 0)
(-0.129911 20.0003 0)
(-0.129935 20 0)
(-0.129975 19.9997 0)
(-0.130044 19.9993 0)
(-0.130165 19.9985 0)
(-0.130389 19.9974 0)
(-0.13078 19.9955 0)
(-0.131499 19.9927 0)
(-0.132561 19.9884 0)
(-0.134086 19.9846 0)
(-0.146013 19.5153 0)
(-0.148685 19.5693 0)
(-0.156735 19.6471 0)
(-0.163255 19.7191 0)
(-0.16762 19.7766 0)
(-0.170652 19.8213 0)
(-0.172812 19.8566 0)
(-0.174538 19.8848 0)
(-0.175908 19.9074 0)
(-0.177036 19.9256 0)
(-0.177954 19.9403 0)
(-0.178706 19.952 0)
(-0.179317 19.9615 0)
(-0.179813 19.9692 0)
(-0.180213 19.9753 0)
(-0.180536 19.9802 0)
(-0.180794 19.9842 0)
(-0.181002 19.9874 0)
(-0.181167 19.99 0)
(-0.1813 19.992 0)
(-0.181405 19.9937 0)
(-0.18149 19.995 0)
(-0.181557 19.9961 0)
(-0.18161 19.997 0)
(-0.181652 19.9977 0)
(-0.181686 19.9983 0)
(-0.181713 19.9987 0)
(-0.181734 19.9991 0)
(-0.181751 19.9994 0)
(-0.181765 19.9996 0)
(-0.181776 19.9998 0)
(-0.181784 20 0)
(-0.181791 20.0001 0)
(-0.181797 20.0002 0)
(-0.181801 20.0003 0)
(-0.181804 20.0004 0)
(-0.181807 20.0004 0)
(-0.181809 20.0005 0)
(-0.181811 20.0005 0)
(-0.181813 20.0005 0)
(-0.181814 20.0006 0)
(-0.181815 20.0006 0)
(-0.181815 20.0006 0)
(-0.181816 20.0006 0)
(-0.181816 20.0006 0)
(-0.181817 20.0006 0)
(-0.181817 20.0006 0)
(-0.181817 20.0006 0)
(-0.181817 20.0006 0)
(-0.181818 20.0006 0)
(-0.181818 20.0006 0)
(-0.181818 20.0006 0)
(-0.181818 20.0006 0)
(-0.181818 20.0007 0)
(-0.181818 20.0007 0)
(-0.181818 20.0007 0)
(-0.181818 20.0007 0)
(-0.181818 20.0007 0)
(-0.181818 20.0007 0)
(-0.181818 20.0007 0)
(-0.181818 20.0007 0)
(-0.181818 20.0007 0)
(-0.181818 20.0007 0)
(-0.181818 20.0007 0)
(-0.181818 20.0007 0)
(-0.181818 20.0007 0)
(-0.181818 20.0007 0)
(-0.181818 20.0007 0)
(-0.181818 20.0007 0)
(-0.181818 20.0007 0)
(-0.181818 20.0007 0)
(-0.181818 20.0007 0)
(-0.181818 20.0007 0)
(-0.181818 20.0007 0)
(-0.181818 20.0007 0)
(-0.181818 20.0007 0)
(-0.181818 20.0007 0)
(-0.181818 20.0007 0)
(-0.181819 20.0007 0)
(-0.181819 20.0007 0)
(-0.181819 20.0007 0)
(-0.18182 20.0006 0)
(-0.18182 20.0006 0)
(-0.181821 20.0006 0)
(-0.181823 20.0006 0)
(-0.181825 20.0006 0)
(-0.181829 20.0006 0)
(-0.181834 20.0005 0)
(-0.181842 20.0005 0)
(-0.181855 20.0004 0)
(-0.181875 20.0003 0)
(-0.181907 20.0001 0)
(-0.181961 19.9998 0)
(-0.182055 19.9993 0)
(-0.18222 19.9986 0)
(-0.182524 19.9975 0)
(-0.183056 19.9958 0)
(-0.184037 19.993 0)
(-0.18549 19.989 0)
(-0.187592 19.9854 0)
(-0.187953 19.5234 0)
(-0.191565 19.5788 0)
(-0.202031 19.6559 0)
(-0.210406 19.7263 0)
(-0.215937 19.7824 0)
(-0.219764 19.8259 0)
(-0.222477 19.8603 0)
(-0.224643 19.8878 0)
(-0.226362 19.9098 0)
(-0.227776 19.9276 0)
(-0.228927 19.9419 0)
(-0.229869 19.9533 0)
(-0.230635 19.9626 0)
(-0.231256 19.97 0)
(-0.231757 19.976 0)
(-0.232161 19.9808 0)
(-0.232485 19.9847 0)
(-0.232745 19.9878 0)
(-0.232952 19.9903 0)
(-0.233118 19.9923 0)
(-0.23325 19.9939 0)
(-0.233356 19.9952 0)
(-0.233439 19.9962 0)
(-0.233506 19.9971 0)
(-0.233559 19.9978 0)
(-0.233602 19.9983 0)
(-0.233635 19.9988 0)
(-0.233662 19.9991 0)
(-0.233683 19.9994 0)
(-0.2337 19.9996 0)
(-0.233713 19.9998 0)
(-0.233724 20 0)
(-0.233733 20.0001 0)
(-0.23374 20.0002 0)
(-0.233745 20.0003 0)
(-0.233749 20.0004 0)
(-0.233753 20.0004 0)
(-0.233755 20.0005 0)
(-0.233758 20.0005 0)
(-0.233759 20.0005 0)
(-0.233761 20.0006 0)
(-0.233762 20.0006 0)
(-0.233763 20.0006 0)
(-0.233763 20.0006 0)
(-0.233764 20.0006 0)
(-0.233764 20.0006 0)
(-0.233765 20.0006 0)
(-0.233765 20.0006 0)
(-0.233765 20.0006 0)
(-0.233765 20.0006 0)
(-0.233766 20.0006 0)
(-0.233766 20.0006 0)
(-0.233766 20.0006 0)
(-0.233766 20.0007 0)
(-0.233766 20.0007 0)
(-0.233766 20.0007 0)
(-0.233766 20.0007 0)
(-0.233766 20.0007 0)
(-0.233766 20.0007 0)
(-0.233766 20.0007 0)
(-0.233766 20.0007 0)
(-0.233766 20.0007 0)
(-0.233766 20.0007 0)
(-0.233766 20.0007 0)
(-0.233766 20.0007 0)
(-0.233766 20.0007 0)
(-0.233766 20.0007 0)
(-0.233766 20.0007 0)
(-0.233766 20.0007 0)
(-0.233766 20.0007 0)
(-0.233766 20.0007 0)
(-0.233766 20.0007 0)
(-0.233766 20.0007 0)
(-0.233766 20.0007 0)
(-0.233766 20.0007 0)
(-0.233766 20.0007 0)
(-0.233766 20.0007 0)
(-0.233767 20.0007 0)
(-0.233767 20.0007 0)
(-0.233767 20.0007 0)
(-0.233767 20.0007 0)
(-0.233768 20.0006 0)
(-0.233769 20.0006 0)
(-0.23377 20.0006 0)
(-0.233772 20.0006 0)
(-0.233775 20.0006 0)
(-0.23378 20.0006 0)
(-0.233786 20.0005 0)
(-0.233796 20.0005 0)
(-0.233812 20.0004 0)
(-0.233837 20.0003 0)
(-0.233877 20.0001 0)
(-0.233943 19.9998 0)
(-0.234059 19.9994 0)
(-0.234263 19.9987 0)
(-0.234638 19.9977 0)
(-0.235296 19.996 0)
(-0.236513 19.9935 0)
(-0.238325 19.9899 0)
(-0.240971 19.9865 0)
(-0.230072 19.5336 0)
(-0.234771 19.5908 0)
(-0.247731 19.667 0)
(-0.257945 19.7353 0)
(-0.264573 19.7895 0)
(-0.269141 19.8316 0)
(-0.272356 19.8649 0)
(-0.274924 19.8915 0)
(-0.276958 19.9129 0)
(-0.278633 19.93 0)
(-0.279995 19.9438 0)
(-0.281109 19.9549 0)
(-0.282015 19.9639 0)
(-0.28275 19.9711 0)
(-0.283342 19.9768 0)
(-0.28382 19.9815 0)
(-0.284202 19.9852 0)
(-0.284509 19.9882 0)
(-0.284754 19.9906 0)
(-0.28495 19.9926 0)
(-0.285106 19.9941 0)
(-0.28523 19.9954 0)
(-0.285329 19.9964 0)
(-0.285408 19.9972 0)
(-0.285471 19.9979 0)
(-0.285521 19.9984 0)
(-0.28556 19.9988 0)
(-0.285592 19.9992 0)
(-0.285617 19.9995 0)
(-0.285637 19.9997 0)
(-0.285652 19.9999 0)
(-0.285665 20 0)
(-0.285675 20.0001 0)
(-0.285683 20.0002 0)
(-0.285689 20.0003 0)
(-0.285694 20.0004 0)
(-0.285698 20.0004 0)
(-0.285702 20.0005 0)
(-0.285704 20.0005 0)
(-0.285706 20.0005 0)
(-0.285708 20.0006 0)
(-0.285709 20.0006 0)
(-0.28571 20.0006 0)
(-0.285711 20.0006 0)
(-0.285712 20.0006 0)
(-0.285712 20.0006 0)
(-0.285713 20.0006 0)
(-0.285713 20.0006 0)
(-0.285713 20.0006 0)
(-0.285713 20.0006 0)
(-0.285714 20.0006 0)
(-0.285714 20.0006 0)
(-0.285714 20.0007 0)
(-0.285714 20.0007 0)
(-0.285714 20.0007 0)
(-0.285714 20.0007 0)
(-0.285714 20.0007 0)
(-0.285714 20.0007 0)
(-0.285714 20.0007 0)
(-0.285714 20.0007 0)
(-0.285714 20.0007 0)
(-0.285714 20.0007 0)
(-0.285714 20.0007 0)
(-0.285714 20.0007 0)
(-0.285714 20.0007 0)
(-0.285714 20.0007 0)
(-0.285714 20.0007 0)
(-0.285714 20.0007 0)
(-0.285714 20.0007 0)
(-0.285714 20.0007 0)
(-0.285714 20.0007 0)
(-0.285714 20.0007 0)
(-0.285714 20.0007 0)
(-0.285714 20.0007 0)
(-0.285714 20.0007 0)
(-0.285714 20.0007 0)
(-0.285714 20.0007 0)
(-0.285715 20.0007 0)
(-0.285715 20.0007 0)
(-0.285715 20.0007 0)
(-0.285716 20.0007 0)
(-0.285716 20.0006 0)
(-0.285717 20.0006 0)
(-0.285719 20.0006 0)
(-0.285721 20.0006 0)
(-0.285725 20.0006 0)
(-0.28573 20.0006 0)
(-0.285738 20.0005 0)
(-0.28575 20.0005 0)
(-0.285768 20.0004 0)
(-0.285797 20.0003 0)
(-0.285844 20.0001 0)
(-0.285921 19.9998 0)
(-0.286056 19.9994 0)
(-0.286293 19.9988 0)
(-0.286728 19.9978 0)
(-0.287492 19.9964 0)
(-0.288912 19.9941 0)
(-0.291043 19.9909 0)
(-0.294187 19.9879 0)
(-0.272427 19.546 0)
(-0.278406 19.6053 0)
(-0.293943 19.6803 0)
(-0.305967 19.7459 0)
(-0.313602 19.7979 0)
(-0.318839 19.8384 0)
(-0.322495 19.8704 0)
(-0.325418 19.8959 0)
(-0.327729 19.9164 0)
(-0.329632 19.9329 0)
(-0.331178 19.9462 0)
(-0.332443 19.9568 0)
(-0.333471 19.9654 0)
(-0.334304 19.9723 0)
(-0.334976 19.9778 0)
(-0.335517 19.9823 0)
(-0.335951 19.9859 0)
(-0.336299 19.9887 0)
(-0.336577 19.991 0)
(-0.336798 19.9929 0)
(-0.336975 19.9944 0)
(-0.337116 19.9956 0)
(-0.337228 19.9966 0)
(-0.337317 19.9974 0)
(-0.337388 19.998 0)
(-0.337444 19.9985 0)
(-0.337489 19.9989 0)
(-0.337524 19.9992 0)
(-0.337552 19.9995 0)
(-0.337575 19.9997 0)
(-0.337593 19.9999 0)
(-0.337607 20.0001 0)
(-0.337618 20.0002 0)
(-0.337627 20.0003 0)
(-0.337634 20.0003 0)
(-0.33764 20.0004 0)
(-0.337644 20.0004 0)
(-0.337648 20.0005 0)
(-0.337651 20.0005 0)
(-0.337653 20.0005 0)
(-0.337655 20.0006 0)
(-0.337656 20.0006 0)
(-0.337657 20.0006 0)
(-0.337658 20.0006 0)
(-0.337659 20.0006 0)
(-0.33766 20.0006 0)
(-0.33766 20.0006 0)
(-0.337661 20.0006 0)
(-0.337661 20.0006 0)
(-0.337661 20.0006 0)
(-0.337661 20.0006 0)
(-0.337661 20.0006 0)
(-0.337662 20.0007 0)
(-0.337662 20.0007 0)
(-0.337662 20.0007 0)
(-0.337662 20.0007 0)
(-0.337662 20.0007 0)
(-0.337662 20.0007 0)
(-0.337662 20.0007 0)
(-0.337662 20.0007 0)
(-0.337662 20.0007 0)
(-0.337662 20.0007 0)
(-0.337662 20.0007 0)
(-0.337662 20.0007 0)
(-0.337662 20.0007 0)
(-0.337662 20.0007 0)
(-0.337662 20.0007 0)
(-0.337662 20.0007 0)
(-0.337662 20.0007 0)
(-0.337662 20.0007 0)
(-0.337662 20.0007 0)
(-0.337662 20.0007 0)
(-0.337662 20.0007 0)
(-0.337662 20.0007 0)
(-0.337662 20.0007 0)
(-0.337662 20.0007 0)
(-0.337662 20.0007 0)
(-0.337662 20.0007 0)
(-0.337663 20.0007 0)
(-0.337663 20.0007 0)
(-0.337664 20.0007 0)
(-0.337664 20.0006 0)
(-0.337666 20.0006 0)
(-0.337667 20.0006 0)
(-0.33767 20.0006 0)
(-0.337674 20.0006 0)
(-0.33768 20.0006 0)
(-0.337689 20.0006 0)
(-0.337702 20.0005 0)
(-0.337723 20.0004 0)
(-0.337755 20.0003 0)
(-0.337807 20.0001 0)
(-0.337894 19.9999 0)
(-0.338044 19.9995 0)
(-0.338307 19.9989 0)
(-0.338788 19.9981 0)
(-0.339637 19.9967 0)
(-0.341222 19.9947 0)
(-0.343619 19.992 0)
(-0.347207 19.9895 0)
(-0.315085 19.5608 0)
(-0.322598 19.6225 0)
(-0.340787 19.6958 0)
(-0.35457 19.7582 0)
(-0.363094 19.8076 0)
(-0.368915 19.8461 0)
(-0.372939 19.8767 0)
(-0.37616 19.901 0)
(-0.378701 19.9206 0)
(-0.380795 19.9362 0)
(-0.382495 19.9489 0)
(-0.383886 19.959 0)
(-0.385014 19.9671 0)
(-0.385929 19.9737 0)
(-0.386667 19.979 0)
(-0.387261 19.9832 0)
(-0.387737 19.9866 0)
(-0.388118 19.9893 0)
(-0.388423 19.9915 0)
(-0.388666 19.9933 0)
(-0.388859 19.9947 0)
(-0.389013 19.9959 0)
(-0.389136 19.9968 0)
(-0.389233 19.9975 0)
(-0.389311 19.9981 0)
(-0.389372 19.9986 0)
(-0.389421 19.999 0)
(-0.38946 19.9993 0)
(-0.389491 19.9996 0)
(-0.389515 19.9998 0)
(-0.389534 20 0)
(-0.38955 20.0001 0)
(-0.389562 20.0002 0)
(-0.389572 20.0003 0)
(-0.389579 20.0004 0)
(-0.389586 20.0004 0)
(-0.38959 20.0005 0)
(-0.389594 20.0005 0)
(-0.389597 20.0005 0)
(-0.3896 20.0006 0)
(-0.389602 20.0006 0)
(-0.389603 20.0006 0)
(-0.389605 20.0006 0)
(-0.389606 20.0006 0)
(-0.389606 20.0006 0)
(-0.389607 20.0006 0)
(-0.389607 20.0006 0)
(-0.389608 20.0006 0)
(-0.389608 20.0006 0)
(-0.389608 20.0006 0)
(-0.389609 20.0006 0)
(-0.389609 20.0007 0)
(-0.389609 20.0007 0)
(-0.389609 20.0007 0)
(-0.389609 20.0007 0)
(-0.389609 20.0007 0)
(-0.389609 20.0007 0)
(-0.389609 20.0007 0)
(-0.389609 20.0007 0)
(-0.389609 20.0007 0)
(-0.389609 20.0007 0)
(-0.389609 20.0007 0)
(-0.389609 20.0007 0)
(-0.389609 20.0007 0)
(-0.389609 20.0007 0)
(-0.389609 20.0007 0)
(-0.389609 20.0007 0)
(-0.389609 20.0007 0)
(-0.389609 20.0007 0)
(-0.389609 20.0007 0)
(-0.389609 20.0007 0)
(-0.389609 20.0007 0)
(-0.389609 20.0007 0)
(-0.389609 20.0007 0)
(-0.38961 20.0007 0)
(-0.38961 20.0007 0)
(-0.38961 20.0007 0)
(-0.38961 20.0007 0)
(-0.38961 20.0007 0)
(-0.389611 20.0007 0)
(-0.389611 20.0007 0)
(-0.389612 20.0006 0)
(-0.389613 20.0006 0)
(-0.389615 20.0006 0)
(-0.389618 20.0006 0)
(-0.389622 20.0006 0)
(-0.389629 20.0006 0)
(-0.389638 20.0006 0)
(-0.389653 20.0005 0)
(-0.389675 20.0004 0)
(-0.389711 20.0003 0)
(-0.389767 20.0002 0)
(-0.389861 19.9999 0)
(-0.390022 19.9996 0)
(-0.390302 19.9991 0)
(-0.390817 19.9983 0)
(-0.391725 19.9971 0)
(-0.393431 19.9955 0)
(-0.396035 19.9932 0)
(-0.399994 19.9912 0)
(-0.358131 19.5782 0)
(-0.367503 19.6424 0)
(-0.388398 19.7134 0)
(-0.403856 19.7721 0)
(-0.41312 19.8186 0)
(-0.419421 19.8548 0)
(-0.42373 19.8837 0)
(-0.427184 19.9067 0)
(-0.429904 19.9252 0)
(-0.432145 19.94 0)
(-0.433963 19.9519 0)
(-0.435451 19.9614 0)
(-0.436656 19.9691 0)
(-0.437634 19.9753 0)
(-0.438421 19.9802 0)
(-0.439055 19.9842 0)
(-0.439563 19.9874 0)
(-0.439969 19.99 0)
(-0.440294 19.9921 0)
(-0.440553 19.9937 0)
(-0.440759 19.9951 0)
(-0.440923 19.9962 0)
(-0.441054 19.997 0)
(-0.441157 19.9977 0)
(-0.44124 19.9983 0)
(-0.441305 19.9988 0)
(-0.441357 19.9991 0)
(-0.441398 19.9994 0)
(-0.44143 19.9997 0)
(-0.441456 19.9998 0)
(-0.441477 20 0)
(-0.441493 20.0001 0)
(-0.441506 20.0002 0)
(-0.441516 20.0003 0)
(-0.441524 20.0004 0)
(-0.441531 20.0004 0)
(-0.441536 20.0005 0)
(-0.44154 20.0005 0)
(-0.441543 20.0005 0)
(-0.441546 20.0006 0)
(-0.441548 20.0006 0)
(-0.441549 20.0006 0)
(-0.44155 20.0006 0)
(-0.441551 20.0006 0)
(-0.441552 20.0006 0)
(-0.441553 20.0006 0)
(-0.441553 20.0006 0)
(-0.441554 20.0006 0)
(-0.441554 20.0006 0)
(-0.441555 20.0006 0)
(-0.441555 20.0006 0)
(-0.441555 20.0007 0)
(-0.441555 20.0007 0)
(-0.441555 20.0007 0)
(-0.441555 20.0007 0)
(-0.441555 20.0007 0)
(-0.441555 20.0007 0)
(-0.441555 20.0007 0)
(-0.441555 20.0007 0)
(-0.441555 20.0007 0)
(-0.441555 20.0007 0)
(-0.441555 20.0007 0)
(-0.441555 20.0007 0)
(-0.441555 20.0007 0)
(-0.441555 20.0007 0)
(-0.441555 20.0007 0)
(-0.441555 20.0007 0)
(-0.441555 20.0007 0)
(-0.441555 20.0007 0)
(-0.441555 20.0007 0)
(-0.441555 20.0007 0)
(-0.441555 20.0007 0)
(-0.441556 20.0007 0)
(-0.441556 20.0007 0)
(-0.441556 20.0007 0)
(-0.441556 20.0007 0)
(-0.441556 20.0007 0)
(-0.441556 20.0007 0)
(-0.441556 20.0007 0)
(-0.441557 20.0007 0)
(-0.441557 20.0007 0)
(-0.441558 20.0006 0)
(-0.44156 20.0006 0)
(-0.441562 20.0006 0)
(-0.441565 20.0006 0)
(-0.441569 20.0006 0)
(-0.441576 20.0006 0)
(-0.441586 20.0006 0)
(-0.441602 20.0005 0)
(-0.441625 20.0005 0)
(-0.441663 20.0004 0)
(-0.441722 20.0002 0)
(-0.44182 20 0)
(-0.441987 19.9997 0)
(-0.442278 19.9992 0)
(-0.44281 19.9985 0)
(-0.443751 19.9975 0)
(-0.445529 19.9962 0)
(-0.448273 19.9945 0)
(-0.452517 19.9931 0)
(-0.401674 19.5985 0)
(-0.413318 19.6652 0)
(-0.436924 19.7331 0)
(-0.453928 19.7875 0)
(-0.463748 19.8306 0)
(-0.470407 19.8645 0)
(-0.474904 19.8915 0)
(-0.47852 19.913 0)
(-0.481359 19.9303 0)
(-0.483701 19.9441 0)
(-0.485598 19.9552 0)
(-0.487149 19.9641 0)
(-0.488406 19.9713 0)
(-0.489423 19.977 0)
(-0.490244 19.9816 0)
(-0.490903 19.9854 0)
(-0.491432 19.9883 0)
(-0.491854 19.9907 0)
(-0.492192 19.9927 0)
(-0.492461 19.9942 0)
(-0.492675 19.9955 0)
(-0.492845 19.9965 0)
(-0.492981 19.9973 0)
(-0.493088 19.9979 0)
(-0.493173 19.9985 0)
(-0.49324 19.9989 0)
(-0.493294 19.9992 0)
(-0.493336 19.9995 0)
(-0.49337 19.9997 0)
(-0.493396 19.9999 0)
(-0.493417 20.0001 0)
(-0.493434 20.0002 0)
(-0.493447 20.0003 0)
(-0.493458 20.0003 0)
(-0.493466 20.0004 0)
(-0.493473 20.0004 0)
(-0.493478 20.0005 0)
(-0.493482 20.0005 0)
(-0.493485 20.0005 0)
(-0.493488 20.0006 0)
(-0.49349 20.0006 0)
(-0.493491 20.0006 0)
(-0.493493 20.0006 0)
(-0.493494 20.0006 0)
(-0.493495 20.0006 0)
(-0.493495 20.0006 0)
(-0.493496 20.0006 0)
(-0.493496 20.0006 0)
(-0.493496 20.0006 0)
(-0.493497 20.0006 0)
(-0.493497 20.0007 0)
(-0.493497 20.0007 0)
(-0.493497 20.0007 0)
(-0.493497 20.0007 0)
(-0.493497 20.0007 0)
(-0.493497 20.0007 0)
(-0.493497 20.0007 0)
(-0.493497 20.0007 0)
(-0.493498 20.0007 0)
(-0.493498 20.0007 0)
(-0.493498 20.0007 0)
(-0.493498 20.0007 0)
(-0.493498 20.0007 0)
(-0.493498 20.0007 0)
(-0.493498 20.0007 0)
(-0.493498 20.0007 0)
(-0.493498 20.0007 0)
(-0.493498 20.0007 0)
(-0.493498 20.0007 0)
(-0.493498 20.0007 0)
(-0.493498 20.0007 0)
(-0.493498 20.0007 0)
(-0.493498 20.0007 0)
(-0.493498 20.0007 0)
(-0.493498 20.0007 0)
(-0.493498 20.0007 0)
(-0.493498 20.0007 0)
(-0.493498 20.0007 0)
(-0.493499 20.0007 0)
(-0.493499 20.0007 0)
(-0.4935 20.0007 0)
(-0.493501 20.0007 0)
(-0.493502 20.0006 0)
(-0.493504 20.0006 0)
(-0.493507 20.0006 0)
(-0.493512 20.0006 0)
(-0.493519 20.0006 0)
(-0.493529 20.0006 0)
(-0.493545 20.0005 0)
(-0.49357 20.0005 0)
(-0.493608 20.0004 0)
(-0.493669 20.0002 0)
(-0.493769 20 0)
(-0.493938 19.9998 0)
(-0.49423 19.9993 0)
(-0.494764 19.9988 0)
(-0.495711 19.998 0)
(-0.497508 19.997 0)
(-0.500316 19.9959 0)
(-0.504742 19.995 0)
(-0.445853 19.6218 0)
(-0.460291 19.6908 0)
(-0.486524 19.7548 0)
(-0.504887 19.8043 0)
(-0.515034 19.8438 0)
(-0.521913 19.875 0)
(-0.526493 19.8999 0)
(-0.53019 19.9198 0)
(-0.533085 19.9358 0)
(-0.535474 19.9485 0)
(-0.537406 19.9588 0)
(-0.538986 19.967 0)
(-0.540265 19.9736 0)
(-0.5413 19.9789 0)
(-0.542133 19.9831 0)
(-0.542803 19.9866 0)
(-0.543339 19.9893 0)
(-0.543769 19.9915 0)
(-0.544111 19.9933 0)
(-0.544383 19.9948 0)
(-0.5446 19.9959 0)
(-0.544772 19.9968 0)
(-0.544909 19.9976 0)
(-0.545017 19.9982 0)
(-0.545103 19.9987 0)
(-0.545171 19.999 0)
(-0.545225 19.9994 0)
(-0.545268 19.9996 0)
(-0.545301 19.9998 0)
(-0.545328 20 0)
(-0.545349 20.0001 0)
(-0.545365 20.0002 0)
(-0.545378 20.0003 0)
(-0.545389 20.0004 0)
(-0.545397 20.0004 0)
(-0.545404 20.0005 0)
(-0.545409 20.0005 0)
(-0.545413 20.0005 0)
(-0.545416 20.0006 0)
(-0.545418 20.0006 0)
(-0.54542 20.0006 0)
(-0.545422 20.0006 0)
(-0.545423 20.0006 0)
(-0.545424 20.0006 0)
(-0.545425 20.0006 0)
(-0.545426 20.0006 0)
(-0.545426 20.0006 0)
(-0.545427 20.0006 0)
(-0.545427 20.0006 0)
(-0.545427 20.0007 0)
(-0.545427 20.0007 0)
(-0.545428 20.0007 0)
(-0.545428 20.0007 0)
(-0.545428 20.0007 0)
(-0.545428 20.0007 0)
(-0.545428 20.0007 0)
(-0.545428 20.0007 0)
(-0.545428 20.0007 0)
(-0.545428 20.0007 0)
(-0.545428 20.0007 0)
(-0.545428 20.0007 0)
(-0.545428 20.0007 0)
(-0.545428 20.0007 0)
(-0.545428 20.0007 0)
(-0.545428 20.0007 0)
(-0.545428 20.0007 0)
(-0.545428 20.0007 0)
(-0.545428 20.0007 0)
(-0.545428 20.0007 0)
(-0.545428 20.0007 0)
(-0.545428 20.0007 0)
(-0.545428 20.0007 0)
(-0.545428 20.0007 0)
(-0.545428 20.0007 0)
(-0.545428 20.0007 0)
(-0.545428 20.0007 0)
(-0.545428 20.0007 0)
(-0.545429 20.0007 0)
(-0.545429 20.0007 0)
(-0.545429 20.0007 0)
(-0.54543 20.0007 0)
(-0.545431 20.0007 0)
(-0.545432 20.0006 0)
(-0.545435 20.0006 0)
(-0.545438 20.0006 0)
(-0.545442 20.0006 0)
(-0.545449 20.0006 0)
(-0.54546 20.0006 0)
(-0.545476 20.0005 0)
(-0.545501 20.0005 0)
(-0.545539 20.0004 0)
(-0.5456 20.0003 0)
(-0.545699 20.0001 0)
(-0.545865 19.9999 0)
(-0.546152 19.9995 0)
(-0.546672 19.999 0)
(-0.547596 19.9984 0)
(-0.549359 19.9977 0)
(-0.552149 19.9972 0)
(-0.556631 19.9969 0)
(-0.490846 19.6487 0)
(-0.508728 19.7194 0)
(-0.537356 19.7784 0)
(-0.556813 19.8224 0)
(-0.567018 19.8579 0)
(-0.573962 19.8862 0)
(-0.578507 19.909 0)
(-0.5822 19.9272 0)
(-0.585079 19.9417 0)
(-0.587459 19.9533 0)
(-0.58938 19.9626 0)
(-0.59095 19.9701 0)
(-0.592219 19.9761 0)
(-0.593246 19.9809 0)
(-0.594072 19.9848 0)
(-0.594736 19.9879 0)
(-0.595267 19.9904 0)
(-0.595691 19.9924 0)
(-0.59603 19.994 0)
(-0.596299 19.9953 0)
(-0.596513 19.9964 0)
(-0.596683 19.9972 0)
(-0.596817 19.9979 0)
(-0.596924 19.9984 0)
(-0.597008 19.9988 0)
(-0.597075 19.9992 0)
(-0.597127 19.9995 0)
(-0.597169 19.9997 0)
(-0.597201 19.9999 0)
(-0.597227 20 0)
(-0.597248 20.0002 0)
(-0.597264 20.0003 0)
(-0.597276 20.0003 0)
(-0.597286 20.0004 0)
(-0.597294 20.0004 0)
(-0.5973 20.0005 0)
(-0.597305 20.0005 0)
(-0.597309 20.0005 0)
(-0.597312 20.0006 0)
(-0.597314 20.0006 0)
(-0.597316 20.0006 0)
(-0.597318 20.0006 0)
(-0.597319 20.0006 0)
(-0.59732 20.0006 0)
(-0.597321 20.0006 0)
(-0.597321 20.0006 0)
(-0.597322 20.0006 0)
(-0.597322 20.0006 0)
(-0.597322 20.0006 0)
(-0.597323 20.0007 0)
(-0.597323 20.0007 0)
(-0.597323 20.0007 0)
(-0.597323 20.0007 0)
(-0.597323 20.0007 0)
(-0.597323 20.0007 0)
(-0.597323 20.0007 0)
(-0.597323 20.0007 0)
(-0.597323 20.0007 0)
(-0.597323 20.0007 0)
(-0.597323 20.0007 0)
(-0.597323 20.0007 0)
(-0.597323 20.0007 0)
(-0.597323 20.0007 0)
(-0.597323 20.0007 0)
(-0.597323 20.0007 0)
(-0.597323 20.0007 0)
(-0.597323 20.0007 0)
(-0.597323 20.0007 0)
(-0.597323 20.0007 0)
(-0.597323 20.0007 0)
(-0.597323 20.0007 0)
(-0.597323 20.0007 0)
(-0.597323 20.0007 0)
(-0.597323 20.0007 0)
(-0.597324 20.0007 0)
(-0.597324 20.0007 0)
(-0.597324 20.0007 0)
(-0.597324 20.0007 0)
(-0.597324 20.0007 0)
(-0.597325 20.0007 0)
(-0.597325 20.0007 0)
(-0.597326 20.0007 0)
(-0.597328 20.0006 0)
(-0.59733 20.0006 0)
(-0.597333 20.0006 0)
(-0.597337 20.0006 0)
(-0.597344 20.0006 0)
(-0.597355 20.0006 0)
(-0.597371 20.0006 0)
(-0.597395 20.0005 0)
(-0.597432 20.0004 0)
(-0.597491 20.0003 0)
(-0.597587 20.0002 0)
(-0.597746 19.9999 0)
(-0.598019 19.9996 0)
(-0.598511 19.9993 0)
(-0.599386 19.9988 0)
(-0.60106 19.9985 0)
(-0.603744 19.9985 0)
(-0.608135 19.9988 0)
(-0.536865 19.6798 0)
(-0.558987 19.7509 0)
(-0.589546 19.8037 0)
(-0.609735 19.8416 0)
(-0.619682 19.8728 0)
(-0.626521 19.8982 0)
(-0.630909 19.9186 0)
(-0.634505 19.9349 0)
(-0.637294 19.9479 0)
(-0.639603 19.9583 0)
(-0.641462 19.9667 0)
(-0.64298 19.9734 0)
(-0.644207 19.9787 0)
(-0.645198 19.983 0)
(-0.645995 19.9865 0)
(-0.646635 19.9893 0)
(-0.647147 19.9915 0)
(-0.647556 19.9933 0)
(-0.647881 19.9947 0)
(-0.648139 19.9959 0)
(-0.648345 19.9968 0)
(-0.648507 19.9976 0)
(-0.648636 19.9982 0)
(-0.648737 19.9987 0)
(-0.648817 19.9991 0)
(-0.64888 19.9994 0)
(-0.64893 19.9996 0)
(-0.648969 19.9998 0)
(-0.649 20 0)
(-0.649024 20.0001 0)
(-0.649043 20.0002 0)
(-0.649058 20.0003 0)
(-0.64907 20.0004 0)
(-0.649079 20.0004 0)
(-0.649086 20.0005 0)
(-0.649092 20.0005 0)
(-0.649097 20.0005 0)
(-0.6491 20.0006 0)
(-0.649103 20.0006 0)
(-0.649105 20.0006 0)
(-0.649107 20.0006 0)
(-0.649108 20.0006 0)
(-0.649109 20.0006 0)
(-0.64911 20.0006 0)
(-0.649111 20.0006 0)
(-0.649111 20.0006 0)
(-0.649112 20.0006 0)
(-0.649112 20.0007 0)
(-0.649112 20.0007 0)
(-0.649112 20.0007 0)
(-0.649113 20.0007 0)
(-0.649113 20.0007 0)
(-0.649113 20.0007 0)
(-0.649113 20.0007 0)
(-0.649113 20.0007 0)
(-0.649113 20.0007 0)
(-0.649113 20.0007 0)
(-0.649113 20.0007 0)
(-0.649113 20.0007 0)
(-0.649113 20.0007 0)
(-0.649113 20.0007 0)
(-0.649113 20.0007 0)
(-0.649113 20.0007 0)
(-0.649113 20.0007 0)
(-0.649113 20.0007 0)
(-0.649113 20.0007 0)
(-0.649113 20.0007 0)
(-0.649113 20.0007 0)
(-0.649113 20.0007 0)
(-0.649113 20.0007 0)
(-0.649113 20.0007 0)
(-0.649113 20.0007 0)
(-0.649113 20.0007 0)
(-0.649113 20.0007 0)
(-0.649113 20.0007 0)
(-0.649113 20.0007 0)
(-0.649113 20.0007 0)
(-0.649114 20.0007 0)
(-0.649114 20.0007 0)
(-0.649114 20.0007 0)
(-0.649115 20.0007 0)
(-0.649116 20.0007 0)
(-0.649117 20.0007 0)
(-0.649119 20.0006 0)
(-0.649122 20.0006 0)
(-0.649126 20.0006 0)
(-0.649133 20.0006 0)
(-0.649143 20.0006 0)
(-0.649158 20.0006 0)
(-0.649181 20.0005 0)
(-0.649217 20.0005 0)
(-0.649273 20.0004 0)
(-0.649362 20.0002 0)
(-0.649511 20 0)
(-0.649763 19.9998 0)
(-0.650213 19.9995 0)
(-0.651015 19.9992 0)
(-0.652548 19.9991 0)
(-0.655037 19.9997 0)
(-0.65916 20.0005 0)
(-0.584119 19.7157 0)
(-0.611418 19.7853 0)
(-0.643078 19.8303 0)
(-0.663523 19.8618 0)
(-0.672857 19.8885 0)
(-0.679413 19.9107 0)
(-0.683514 19.9287 0)
(-0.686917 19.9431 0)
(-0.689535 19.9545 0)
(-0.691708 19.9636 0)
(-0.693452 19.9709 0)
(-0.694876 19.9768 0)
(-0.696024 19.9815 0)
(-0.696952 19.9852 0)
(-0.697697 19.9883 0)
(-0.698294 19.9907 0)
(-0.698772 19.9927 0)
(-0.699152 19.9942 0)
(-0.699455 19.9955 0)
(-0.699695 19.9965 0)
(-0.699885 19.9973 0)
(-0.700035 19.998 0)
(-0.700153 19.9985 0)
(-0.700247 19.9989 0)
(-0.70032 19.9993 0)
(-0.700378 19.9995 0)
(-0.700423 19.9998 0)
(-0.700459 19.9999 0)
(-0.700486 20.0001 0)
(-0.700508 20.0002 0)
(-0.700525 20.0003 0)
(-0.700539 20.0004 0)
(-0.700549 20.0004 0)
(-0.700557 20.0005 0)
(-0.700563 20.0005 0)
(-0.700568 20.0005 0)
(-0.700572 20.0006 0)
(-0.700575 20.0006 0)
(-0.700578 20.0006 0)
(-0.700579 20.0006 0)
(-0.700581 20.0006 0)
(-0.700582 20.0006 0)
(-0.700583 20.0006 0)
(-0.700584 20.0006 0)
(-0.700584 20.0006 0)
(-0.700585 20.0006 0)
(-0.700585 20.0007 0)
(-0.700585 20.0007 0)
(-0.700585 20.0007 0)
(-0.700586 20.0007 0)
(-0.700586 20.0007 0)
(-0.700586 20.0007 0)
(-0.700586 20.0007 0)
(-0.700586 20.0007 0)
(-0.700586 20.0007 0)
(-0.700586 20.0007 0)
(-0.700586 20.0007 0)
(-0.700586 20.0007 0)
(-0.700586 20.0007 0)
(-0.700586 20.0007 0)
(-0.700586 20.0007 0)
(-0.700586 20.0007 0)
(-0.700586 20.0007 0)
(-0.700586 20.0007 0)
(-0.700586 20.0007 0)
(-0.700586 20.0007 0)
(-0.700586 20.0007 0)
(-0.700586 20.0007 0)
(-0.700586 20.0007 0)
(-0.700586 20.0007 0)
(-0.700586 20.0007 0)
(-0.700586 20.0007 0)
(-0.700586 20.0007 0)
(-0.700586 20.0007 0)
(-0.700586 20.0007 0)
(-0.700586 20.0007 0)
(-0.700586 20.0007 0)
(-0.700587 20.0007 0)
(-0.700587 20.0007 0)
(-0.700587 20.0007 0)
(-0.700588 20.0007 0)
(-0.700588 20.0007 0)
(-0.70059 20.0007 0)
(-0.700591 20.0007 0)
(-0.700594 20.0006 0)
(-0.700598 20.0006 0)
(-0.700604 20.0006 0)
(-0.700614 20.0006 0)
(-0.700627 20.0006 0)
(-0.700649 20.0005 0)
(-0.700681 20.0005 0)
(-0.700733 20.0004 0)
(-0.700815 20.0003 0)
(-0.700949 20.0001 0)
(-0.701174 19.9999 0)
(-0.701572 19.9997 0)
(-0.702279 19.9996 0)
(-0.703623 19.9997 0)
(-0.705828 20.0007 0)
(-0.709481 20.002 0)
(-0.632617 19.7574 0)
(-0.666112 19.8222 0)
(-0.697499 19.858 0)
(-0.717599 19.8827 0)
(-0.725937 19.9048 0)
(-0.73203 19.9238 0)
(-0.735712 19.9392 0)
(-0.738819 19.9515 0)
(-0.741183 19.9613 0)
(-0.743152 19.9691 0)
(-0.744725 19.9753 0)
(-0.746009 19.9803 0)
(-0.747043 19.9843 0)
(-0.747877 19.9875 0)
(-0.748547 19.9901 0)
(-0.749082 19.9922 0)
(-0.74951 19.9939 0)
(-0.74985 19.9952 0)
(-0.750119 19.9963 0)
(-0.750333 19.9971 0)
(-0.750501 19.9978 0)
(-0.750634 19.9984 0)
(-0.750738 19.9988 0)
(-0.75082 19.9992 0)
(-0.750884 19.9995 0)
(-0.750934 19.9997 0)
(-0.750973 19.9999 0)
(-0.751003 20.0001 0)
(-0.751027 20.0002 0)
(-0.751046 20.0003 0)
(-0.75106 20.0003 0)
(-0.751071 20.0004 0)
(-0.75108 20.0005 0)
(-0.751086 20.0005 0)
(-0.751091 20.0005 0)
(-0.751095 20.0006 0)
(-0.751098 20.0006 0)
(-0.751101 20.0006 0)
(-0.751103 20.0006 0)
(-0.751104 20.0006 0)
(-0.751105 20.0006 0)
(-0.751106 20.0006 0)
(-0.751107 20.0006 0)
(-0.751107 20.0006 0)
(-0.751108 20.0007 0)
(-0.751108 20.0007 0)
(-0.751108 20.0007 0)
(-0.751108 20.0007 0)
(-0.751108 20.0007 0)
(-0.751109 20.0007 0)
(-0.751109 20.0007 0)
(-0.751109 20.0007 0)
(-0.751109 20.0007 0)
(-0.751109 20.0007 0)
(-0.751109 20.0007 0)
(-0.751109 20.0007 0)
(-0.751109 20.0007 0)
(-0.751109 20.0007 0)
(-0.751109 20.0007 0)
(-0.751109 20.0007 0)
(-0.751109 20.0007 0)
(-0.751109 20.0007 0)
(-0.751109 20.0007 0)
(-0.751109 20.0007 0)
(-0.751109 20.0007 0)
(-0.751109 20.0007 0)
(-0.751109 20.0007 0)
(-0.751109 20.0007 0)
(-0.751109 20.0007 0)
(-0.751109 20.0007 0)
(-0.751109 20.0007 0)
(-0.751109 20.0007 0)
(-0.751109 20.0007 0)
(-0.751109 20.0007 0)
(-0.751109 20.0007 0)
(-0.751109 20.0007 0)
(-0.751109 20.0007 0)
(-0.751109 20.0007 0)
(-0.75111 20.0007 0)
(-0.75111 20.0007 0)
(-0.75111 20.0007 0)
(-0.751111 20.0007 0)
(-0.751112 20.0007 0)
(-0.751114 20.0007 0)
(-0.751116 20.0007 0)
(-0.75112 20.0006 0)
(-0.751125 20.0006 0)
(-0.751133 20.0006 0)
(-0.751146 20.0006 0)
(-0.751164 20.0006 0)
(-0.751193 20.0005 0)
(-0.751239 20.0005 0)
(-0.75131 20.0004 0)
(-0.751427 20.0002 0)
(-0.75162 20.0001 0)
(-0.751958 19.9999 0)
(-0.752554 19.9999 0)
(-0.753672 20.0002 0)
(-0.755509 20.0015 0)
(-0.75846 20.0031 0)
(-0.68151 19.8061 0)
(-0.722079 19.861 0)
(-0.751036 19.8861 0)
(-0.77007 19.9041 0)
(-0.777024 19.9216 0)
(-0.782482 19.9373 0)
(-0.785614 19.95 0)
(-0.788323 19.9602 0)
(-0.790347 19.9683 0)
(-0.792041 19.9747 0)
(-0.793386 19.9799 0)
(-0.794484 19.984 0)
(-0.795366 19.9873 0)
(-0.796077 19.9899 0)
(-0.796646 19.992 0)
(-0.7971 19.9937 0)
(-0.797462 19.9951 0)
(-0.797749 19.9962 0)
(-0.797975 19.9971 0)
(-0.798154 19.9978 0)
(-0.798294 19.9984 0)
(-0.798404 19.9988 0)
(-0.798489 19.9992 0)
(-0.798556 19.9995 0)
(-0.798608 19.9997 0)
(-0.798648 19.9999 0)
(-0.798679 20.0001 0)
(-0.798704 20.0002 0)
(-0.798722 20.0003 0)
(-0.798736 20.0004 0)
(-0.798747 20.0004 0)
(-0.798755 20.0005 0)
(-0.798762 20.0005 0)
(-0.798766 20.0006 0)
(-0.79877 20.0006 0)
(-0.798773 20.0006 0)
(-0.798775 20.0006 0)
(-0.798777 20.0006 0)
(-0.798778 20.0006 0)
(-0.798779 20.0006 0)
(-0.798779 20.0007 0)
(-0.79878 20.0007 0)
(-0.79878 20.0007 0)
(-0.798781 20.0007 0)
(-0.798781 20.0007 0)
(-0.798781 20.0007 0)
(-0.798781 20.0007 0)
(-0.798781 20.0007 0)
(-0.798781 20.0007 0)
(-0.798781 20.0007 0)
(-0.798781 20.0007 0)
(-0.798781 20.0007 0)
(-0.798781 20.0007 0)
(-0.798781 20.0007 0)
(-0.798781 20.0007 0)
(-0.798781 20.0007 0)
(-0.798781 20.0007 0)
(-0.798781 20.0007 0)
(-0.798781 20.0007 0)
(-0.798781 20.0007 0)
(-0.798781 20.0007 0)
(-0.798781 20.0007 0)
(-0.798781 20.0007 0)
(-0.798781 20.0007 0)
(-0.798781 20.0007 0)
(-0.798781 20.0007 0)
(-0.798781 20.0007 0)
(-0.798781 20.0007 0)
(-0.798781 20.0007 0)
(-0.798781 20.0007 0)
(-0.798781 20.0007 0)
(-0.798781 20.0007 0)
(-0.798781 20.0007 0)
(-0.798781 20.0007 0)
(-0.798781 20.0007 0)
(-0.798782 20.0007 0)
(-0.798782 20.0007 0)
(-0.798782 20.0007 0)
(-0.798782 20.0007 0)
(-0.798782 20.0007 0)
(-0.798782 20.0007 0)
(-0.798783 20.0007 0)
(-0.798784 20.0007 0)
(-0.798785 20.0007 0)
(-0.798787 20.0007 0)
(-0.79879 20.0007 0)
(-0.798795 20.0007 0)
(-0.798802 20.0006 0)
(-0.798812 20.0006 0)
(-0.798828 20.0006 0)
(-0.798852 20.0006 0)
(-0.79889 20.0005 0)
(-0.79895 20.0004 0)
(-0.799046 20.0003 0)
(-0.799204 20.0002 0)
(-0.799476 20.0001 0)
(-0.799951 20.0001 0)
(-0.800816 20.0006 0)
(-0.802218 20.002 0)
(-0.804221 20.0039 0)
(-0.726946 19.8635 0)
(-0.774695 19.9008 0)
(-0.798013 19.9141 0)
(-0.815172 19.9258 0)
(-0.820389 19.9389 0)
(-0.825056 19.9512 0)
(-0.827511 19.9612 0)
(-0.82972 19.9693 0)
(-0.831317 19.9756 0)
(-0.832667 19.9806 0)
(-0.833728 19.9846 0)
(-0.834595 19.9878 0)
(-0.835288 19.9904 0)
(-0.835846 19.9924 0)
(-0.836291 19.9941 0)
(-0.836645 19.9954 0)
(-0.836925 19.9965 0)
(-0.837146 19.9973 0)
(-0.837319 19.998 0)
(-0.837455 19.9986 0)
(-0.837561 19.999 0)
(-0.837643 19.9994 0)
(-0.837706 19.9997 0)
(-0.837754 19.9999 0)
(-0.837791 20.0001 0)
(-0.83782 20.0002 0)
(-0.837841 20.0003 0)
(-0.837857 20.0004 0)
(-0.83787 20.0005 0)
(-0.837879 20.0006 0)
(-0.837885 20.0006 0)
(-0.83789 20.0007 0)
(-0.837894 20.0007 0)
(-0.837897 20.0007 0)
(-0.837899 20.0007 0)
(-0.8379 20.0007 0)
(-0.837901 20.0008 0)
(-0.837902 20.0008 0)
(-0.837902 20.0008 0)
(-0.837902 20.0008 0)
(-0.837903 20.0008 0)
(-0.837903 20.0008 0)
(-0.837903 20.0008 0)
(-0.837903 20.0008 0)
(-0.837903 20.0008 0)
(-0.837903 20.0008 0)
(-0.837903 20.0008 0)
(-0.837903 20.0008 0)
(-0.837903 20.0008 0)
(-0.837903 20.0008 0)
(-0.837903 20.0008 0)
(-0.837903 20.0008 0)
(-0.837903 20.0008 0)
(-0.837903 20.0008 0)
(-0.837903 20.0008 0)
(-0.837903 20.0008 0)
(-0.837903 20.0008 0)
(-0.837903 20.0008 0)
(-0.837903 20.0008 0)
(-0.837903 20.0008 0)
(-0.837903 20.0008 0)
(-0.837903 20.0008 0)
(-0.837903 20.0008 0)
(-0.837903 20.0008 0)
(-0.837903 20.0008 0)
(-0.837903 20.0008 0)
(-0.837903 20.0008 0)
(-0.837903 20.0008 0)
(-0.837903 20.0008 0)
(-0.837903 20.0008 0)
(-0.837903 20.0008 0)
(-0.837903 20.0008 0)
(-0.837903 20.0008 0)
(-0.837903 20.0008 0)
(-0.837903 20.0008 0)
(-0.837903 20.0008 0)
(-0.837903 20.0008 0)
(-0.837903 20.0008 0)
(-0.837903 20.0008 0)
(-0.837903 20.0008 0)
(-0.837904 20.0008 0)
(-0.837904 20.0008 0)
(-0.837905 20.0008 0)
(-0.837906 20.0008 0)
(-0.837907 20.0008 0)
(-0.837909 20.0008 0)
(-0.837913 20.0008 0)
(-0.837918 20.0008 0)
(-0.837926 20.0008 0)
(-0.837938 20.0007 0)
(-0.837957 20.0007 0)
(-0.837986 20.0007 0)
(-0.838033 20.0006 0)
(-0.838107 20.0005 0)
(-0.838228 20.0005 0)
(-0.838431 20.0004 0)
(-0.838782 20.0005 0)
(-0.839386 20.0009 0)
(-0.840315 20.0024 0)
(-0.841164 20.0043 0)
(-0.755237 19.9311 0)
(-0.807925 19.9395 0)
(-0.82118 19.9414 0)
(-0.835607 19.9478 0)
(-0.838835 19.9567 0)
(-0.842575 19.9656 0)
(-0.844242 19.9728 0)
(-0.845855 19.9786 0)
(-0.846948 19.9831 0)
(-0.847891 19.9867 0)
(-0.848616 19.9896 0)
(-0.849212 19.9918 0)
(-0.849683 19.9937 0)
(-0.850062 19.9951 0)
(-0.850362 19.9963 0)
(-0.850599 19.9973 0)
(-0.850784 19.998 0)
(-0.850929 19.9986 0)
(-0.851041 19.9991 0)
(-0.851127 19.9995 0)
(-0.851193 19.9998 0)
(-0.851242 20.0001 0)
(-0.85128 20.0003 0)
(-0.851308 20.0005 0)
(-0.851328 20.0006 0)
(-0.851343 20.0007 0)
(-0.851353 20.0008 0)
(-0.851361 20.0009 0)
(-0.851366 20.0009 0)
(-0.85137 20.001 0)
(-0.851372 20.001 0)
(-0.851373 20.001 0)
(-0.851374 20.001 0)
(-0.851374 20.0011 0)
(-0.851374 20.0011 0)
(-0.851374 20.0011 0)
(-0.851374 20.0011 0)
(-0.851373 20.0011 0)
(-0.851373 20.0011 0)
(-0.851373 20.0011 0)
(-0.851373 20.0011 0)
(-0.851372 20.0011 0)
(-0.851372 20.0011 0)
(-0.851372 20.0011 0)
(-0.851372 20.0011 0)
(-0.851372 20.0011 0)
(-0.851371 20.0011 0)
(-0.851371 20.0011 0)
(-0.851371 20.0011 0)
(-0.851371 20.0011 0)
(-0.851371 20.0011 0)
(-0.851371 20.0011 0)
(-0.851371 20.0011 0)
(-0.851371 20.0011 0)
(-0.851371 20.0011 0)
(-0.851371 20.0011 0)
(-0.851371 20.0011 0)
(-0.851371 20.0011 0)
(-0.851371 20.0011 0)
(-0.851371 20.0011 0)
(-0.851371 20.0011 0)
(-0.851371 20.0011 0)
(-0.851371 20.0011 0)
(-0.851371 20.0011 0)
(-0.851371 20.0011 0)
(-0.851371 20.0011 0)
(-0.851371 20.0011 0)
(-0.851371 20.0011 0)
(-0.851371 20.0011 0)
(-0.851371 20.0011 0)
(-0.851371 20.0011 0)
(-0.851371 20.0011 0)
(-0.851371 20.0011 0)
(-0.851371 20.0011 0)
(-0.851371 20.0011 0)
(-0.851371 20.0011 0)
(-0.851371 20.0011 0)
(-0.851371 20.0011 0)
(-0.851371 20.0011 0)
(-0.851371 20.0011 0)
(-0.851371 20.0011 0)
(-0.851371 20.0011 0)
(-0.851372 20.0011 0)
(-0.851372 20.0011 0)
(-0.851373 20.0011 0)
(-0.851375 20.0011 0)
(-0.851377 20.0011 0)
(-0.85138 20.0011 0)
(-0.851386 20.0011 0)
(-0.851394 20.0011 0)
(-0.851407 20.0011 0)
(-0.851426 20.001 0)
(-0.851458 20.001 0)
(-0.851509 20.0009 0)
(-0.851591 20.0009 0)
(-0.851727 20.0008 0)
(-0.851961 20.0009 0)
(-0.852314 20.0014 0)
(-0.852788 20.0026 0)
(-0.852464 20.0042 0)
(-0.720742 20 0)
(-0.770207 19.9729 0)
(-0.76882 19.9667 0)
(-0.779604 19.9694 0)
(-0.780819 19.9744 0)
(-0.78348 19.9798 0)
(-0.784293 19.9842 0)
(-0.785233 19.9877 0)
(-0.785774 19.9904 0)
(-0.78627 19.9926 0)
(-0.786631 19.9943 0)
(-0.786933 19.9956 0)
(-0.787165 19.9967 0)
(-0.787351 19.9976 0)
(-0.787495 19.9983 0)
(-0.787607 19.9989 0)
(-0.787692 19.9993 0)
(-0.787756 19.9997 0)
(-0.787803 20 0)
(-0.787838 20.0002 0)
(-0.787862 20.0004 0)
(-0.787879 20.0006 0)
(-0.78789 20.0007 0)
(-0.787897 20.0008 0)
(-0.7879 20.0009 0)
(-0.787902 20.0009 0)
(-0.787902 20.001 0)
(-0.787901 20.001 0)
(-0.787899 20.0011 0)
(-0.787898 20.0011 0)
(-0.787896 20.0011 0)
(-0.787894 20.0011 0)
(-0.787892 20.0011 0)
(-0.78789 20.0011 0)
(-0.787888 20.0012 0)
(-0.787887 20.0012 0)
(-0.787886 20.0012 0)
(-0.787884 20.0012 0)
(-0.787883 20.0012 0)
(-0.787883 20.0012 0)
(-0.787882 20.0012 0)
(-0.787881 20.0012 0)
(-0.787881 20.0012 0)
(-0.78788 20.0012 0)
(-0.78788 20.0012 0)
(-0.78788 20.0012 0)
(-0.78788 20.0012 0)
(-0.787879 20.0012 0)
(-0.787879 20.0012 0)
(-0.787879 20.0012 0)
(-0.787879 20.0012 0)
(-0.787879 20.0012 0)
(-0.787879 20.0012 0)
(-0.787879 20.0012 0)
(-0.787879 20.0012 0)
(-0.787879 20.0012 0)
(-0.787879 20.0012 0)
(-0.787879 20.0012 0)
(-0.787879 20.0012 0)
(-0.787879 20.0012 0)
(-0.787879 20.0012 0)
(-0.787879 20.0012 0)
(-0.787879 20.0012 0)
(-0.787879 20.0012 0)
(-0.787879 20.0012 0)
(-0.787879 20.0012 0)
(-0.787879 20.0012 0)
(-0.787879 20.0012 0)
(-0.787879 20.0012 0)
(-0.787879 20.0012 0)
(-0.787879 20.0012 0)
(-0.787879 20.0012 0)
(-0.787879 20.0012 0)
(-0.787879 20.0012 0)
(-0.787879 20.0012 0)
(-0.787879 20.0012 0)
(-0.787879 20.0012 0)
(-0.787879 20.0012 0)
(-0.787879 20.0012 0)
(-0.787879 20.0012 0)
(-0.787879 20.0012 0)
(-0.787879 20.0012 0)
(-0.787879 20.0012 0)
(-0.787879 20.0012 0)
(-0.78788 20.0012 0)
(-0.78788 20.0012 0)
(-0.787881 20.0012 0)
(-0.787883 20.0012 0)
(-0.787885 20.0012 0)
(-0.787889 20.0012 0)
(-0.787895 20.0012 0)
(-0.787905 20.0011 0)
(-0.787922 20.0011 0)
(-0.787949 20.0011 0)
(-0.787994 20.001 0)
(-0.788068 20.001 0)
(-0.788197 20.0011 0)
(-0.788339 20.0014 0)
(-0.788459 20.0022 0)
(-0.787402 20.0032 0)
(-0.473706 20.0302 0)
(-0.499759 19.9949 0)
(-0.486453 19.9889 0)
(-0.492089 19.9895 0)
(-0.491793 19.991 0)
(-0.49305 19.9929 0)
(-0.493094 19.9943 0)
(-0.493349 19.9955 0)
(-0.493394 19.9964 0)
(-0.493474 19.9971 0)
(-0.493512 19.9977 0)
(-0.493549 19.9982 0)
(-0.493571 19.9985 0)
(-0.493588 19.9988 0)
(-0.493598 19.999 0)
(-0.493603 19.9992 0)
(-0.493603 19.9994 0)
(-0.493601 19.9995 0)
(-0.493597 19.9996 0)
(-0.493591 19.9997 0)
(-0.493585 19.9997 0)
(-0.493577 19.9998 0)
(-0.49357 19.9998 0)
(-0.493563 19.9999 0)
(-0.493556 19.9999 0)
(-0.49355 19.9999 0)
(-0.493544 19.9999 0)
(-0.493539 19.9999 0)
(-0.493534 20 0)
(-0.49353 20 0)
(-0.493526 20 0)
(-0.493523 20 0)
(-0.49352 20 0)
(-0.493518 20 0)
(-0.493516 20 0)
(-0.493514 20 0)
(-0.493513 20 0)
(-0.493512 20 0)
(-0.493511 20 0)
(-0.49351 20 0)
(-0.493509 20 0)
(-0.493509 20 0)
(-0.493508 20 0)
(-0.493508 20 0)
(-0.493508 20 0)
(-0.493507 20 0)
(-0.493507 20 0)
(-0.493507 20 0)
(-0.493507 20 0)
(-0.493507 20 0)
(-0.493507 20 0)
(-0.493507 20 0)
(-0.493507 20 0)
(-0.493507 20 0)
(-0.493507 20 0)
(-0.493507 20 0)
(-0.493506 20 0)
(-0.493506 20 0)
(-0.493506 20 0)
(-0.493506 20 0)
(-0.493506 20 0)
(-0.493506 20 0)
(-0.493506 20 0)
(-0.493506 20 0)
(-0.493506 20 0)
(-0.493506 20 0)
(-0.493506 20 0)
(-0.493506 20 0)
(-0.493506 20 0)
(-0.493506 20 0)
(-0.493506 20 0)
(-0.493506 20 0)
(-0.493506 20 0)
(-0.493506 20 0)
(-0.493506 20 0)
(-0.493506 20 0)
(-0.493506 20 0)
(-0.493506 20 0)
(-0.493506 20 0)
(-0.493506 20 0)
(-0.493506 20 0)
(-0.493506 20 0)
(-0.493506 20 0)
(-0.493506 20 0)
(-0.493506 20 0)
(-0.493506 20 0)
(-0.493506 20 0)
(-0.493506 20 0)
(-0.493506 20 0)
(-0.493506 20 0)
(-0.493507 20 0)
(-0.493508 20 0)
(-0.493511 20 0)
(-0.493517 20 0)
(-0.493529 20 0)
(-0.493549 19.9999 0)
(-0.493591 20 0)
(-0.493596 20.0001 0)
(-0.493552 20.0004 0)
(-0.49279 20.0007 0)
)
;

boundaryField
{
    inlet
    {
        type            zeroGradient;
    }
    outlet
    {
        type            zeroGradient;
    }
    lowerWall
    {
        type            fixedValue;
        value           uniform (0 20 0);
    }
    upperWall
    {
        type            fixedValue;
        value           uniform (0 20 0);
    }
    frontAndBack
    {
        type            empty;
    }
}


// ************************************************************************* //
