/*--------------------------------*- C++ -*----------------------------------*\
  =========                 |
  \\      /  F ield         | OpenFOAM: The Open Source CFD Toolbox
   \\    /   O peration     | Website:  https://openfoam.org
    \\  /    A nd           | Version:  7
     \\/     M anipulation  |
\*---------------------------------------------------------------------------*/
FoamFile
{
    version     2.0;
    format      ascii;
    class       surfaceScalarField;
    location    "3";
    object      phi;
}
// * * * * * * * * * * * * * * * * * * * * * * * * * * * * * * * * * * * * * //

dimensions      [0 3 -1 0 0 0 0];

internalField   nonuniform List<scalar> 
7860
(
0.00283432
0.00216568
0.00262119
0.000213132
0.00260883
1.23563e-05
0.00260634
2.49776e-06
0.00260906
-2.7208e-06
0.00260779
1.2669e-06
0.0026067
1.09662e-06
0.00260513
1.56546e-06
0.00260391
1.21782e-06
0.00260283
1.08131e-06
0.00260197
8.6188e-07
0.00260125
7.21199e-07
0.00260066
5.91989e-07
0.00260016
4.94993e-07
0.00259975
4.12231e-07
0.0025994
3.47436e-07
0.00259911
2.93089e-07
0.00259886
2.49336e-07
0.00259865
2.14144e-07
0.00259847
1.8225e-07
0.00259831
1.55673e-07
0.00259818
1.34082e-07
0.00259806
1.1471e-07
0.00259797
9.83862e-08
0.00259788
8.60698e-08
0.00259781
7.34514e-08
0.00259775
6.13762e-08
0.00259769
5.18897e-08
0.00259765
4.55944e-08
0.00259761
3.88799e-08
0.00259758
3.32794e-08
0.00259755
2.80572e-08
0.00259753
2.33013e-08
0.00259751
1.886e-08
0.00259749
1.71728e-08
0.00259747
1.52267e-08
0.00259746
1.24245e-08
0.00259745
9.481e-09
0.00259744
7.99486e-09
0.00259744
6.72808e-09
0.00259743
6.54834e-09
0.00259743
5.71305e-09
0.00259742
4.67787e-09
0.00259742
2.94248e-09
0.00259741
2.57283e-09
0.00259741
2.36829e-09
0.00259741
2.9691e-09
0.00259741
2.21756e-09
0.00259741
1.23469e-09
0.00259741
5.07066e-10
0.0025974
1.17982e-09
0.0025974
1.21333e-09
0.0025974
9.24468e-10
0.0025974
-2.37204e-10
0.0025974
1.25584e-10
0.0025974
2.62685e-10
0.0025974
8.4327e-10
0.0025974
2.92462e-10
0.0025974
-1.87479e-10
0.0025974
-3.8792e-10
0.0025974
3.53556e-10
0.0025974
1.48725e-10
0.0025974
4.8473e-10
0.0025974
-8.35524e-12
0.0025974
-8.49595e-11
0.0025974
-5.90612e-11
0.0025974
4.83475e-10
0.0025974
1.70319e-10
0.0025974
3.38228e-10
0.0025974
-7.81227e-11
0.0025974
6.89571e-11
0.0025974
-9.78808e-12
0.0025974
3.97127e-10
0.0025974
1.7817e-10
0.0025974
1.77528e-10
0.0025974
-5.80978e-11
0.0025974
2.85526e-10
0.0025974
8.80809e-11
0.0025974
3.0128e-10
0.0025974
2.44323e-10
0.0025974
5.3377e-10
0.0025974
6.14247e-10
0.00259739
1.3076e-09
0.00259739
1.73918e-09
0.00259739
2.43902e-09
0.00259739
3.36543e-09
0.00259738
5.1462e-09
0.00259737
7.17084e-09
0.00259736
1.02593e-08
0.00259735
1.42836e-08
0.00259733
1.97205e-08
0.0025973
2.60947e-08
0.00259727
3.36971e-08
0.00259723
3.77852e-08
0.0025972
3.37206e-08
0.00259718
2.26837e-08
0.00259708
1.0145e-07
0.00259638
6.95913e-07
0.00259378
2.60238e-06
-1.19028e-06
0.00456761
0.00259807
0.00437532
0.000405422
0.00434651
4.11639e-05
0.00434275
6.25448e-06
0.00434577
-5.73408e-06
0.00434424
2.79024e-06
0.00434262
2.71738e-06
0.00434042
3.76307e-06
0.00433864
2.99916e-06
0.00433707
2.64914e-06
0.00433581
2.12741e-06
0.00433475
1.77947e-06
0.00433388
1.46161e-06
0.00433316
1.22268e-06
0.00433255
1.01964e-06
0.00433204
8.58897e-07
0.00433161
7.27166e-07
0.00433124
6.187e-07
0.00433092
5.29151e-07
0.00433065
4.52555e-07
0.00433042
3.88619e-07
0.00433022
3.35593e-07
0.00433005
2.8931e-07
0.0043299
2.48515e-07
0.00432977
2.14748e-07
0.00432966
1.83453e-07
0.00432956
1.57193e-07
0.00432948
1.35217e-07
0.00432941
1.16901e-07
0.00432935
9.90245e-08
0.0043293
8.46661e-08
0.00432925
7.23612e-08
0.00432921
6.20059e-08
0.00432918
5.20972e-08
0.00432915
4.53062e-08
0.00432913
3.8003e-08
0.00432911
3.18153e-08
0.00432909
2.68387e-08
0.00432908
2.34594e-08
0.00432907
1.93434e-08
0.00432906
1.67902e-08
0.00432905
1.3914e-08
0.00432904
1.21142e-08
0.00432903
9.64626e-09
0.00432903
8.83304e-09
0.00432902
6.86733e-09
0.00432902
6.17984e-09
0.00432902
5.12388e-09
0.00432901
4.36561e-09
0.00432901
2.67049e-09
0.00432901
2.64334e-09
0.00432901
2.13509e-09
0.00432901
2.03767e-09
0.004329
6.45725e-10
0.004329
1.14146e-09
0.004329
5.82056e-10
0.004329
7.71418e-10
0.004329
2.43196e-10
0.004329
3.01962e-10
0.004329
-5.95894e-11
0.004329
8.6404e-10
0.004329
3.55974e-10
0.004329
7.91709e-10
0.004329
4.35127e-10
0.004329
7.50062e-10
0.004329
4.63043e-10
0.004329
9.96064e-10
0.004329
4.23797e-10
0.004329
7.8423e-10
0.004329
3.33195e-10
0.004329
6.66849e-10
0.004329
3.37446e-10
0.004329
7.42153e-10
0.004329
2.9577e-10
0.004329
4.20059e-10
0.004329
8.77099e-12
0.004329
5.43168e-10
0.004329
2.89768e-10
0.004329
6.6771e-10
0.004329
7.39523e-10
0.00432899
1.55749e-09
0.00432899
1.92903e-09
0.00432899
3.21772e-09
0.00432899
4.3894e-09
0.00432899
6.4191e-09
0.00432898
8.90774e-09
0.00432897
1.30193e-08
0.00432896
1.81848e-08
0.00432895
2.57013e-08
0.00432893
3.56476e-08
0.0043289
4.95523e-08
0.00432886
6.62184e-08
0.0043288
8.62031e-08
0.00432874
1.00121e-07
0.00432867
1.05058e-07
0.00432858
1.11422e-07
0.00432826
4.17487e-07
0.00432693
2.02842e-06
0.00432235
7.18226e-06
7.90986e-06
0.00507199
0.00252608
0.00495541
0.000522
0.00492273
7.38439e-05
0.00492048
8.51089e-06
0.00492231
-7.56804e-06
0.00492117
3.93735e-06
0.0049195
4.38154e-06
0.00491744
5.82598e-06
0.00491569
4.74767e-06
0.00491417
4.16757e-06
0.00491293
3.36554e-06
0.0049119
2.81097e-06
0.00491105
2.31188e-06
0.00491034
1.93112e-06
0.00490975
1.61305e-06
0.00490925
1.3585e-06
0.00490883
1.15005e-06
0.00490847
9.79483e-07
0.00490816
8.39234e-07
0.00490789
7.19765e-07
0.00490766
6.19386e-07
0.00490746
5.35035e-07
0.00490729
4.62316e-07
0.00490714
3.98042e-07
0.00490701
3.44858e-07
0.0049069
2.96099e-07
0.0049068
2.54839e-07
0.00490672
2.19408e-07
0.00490665
1.89717e-07
0.00490658
1.61907e-07
0.00490653
1.39316e-07
0.00490648
1.19454e-07
0.00490644
1.02841e-07
0.00490641
8.65988e-08
0.00490638
7.50669e-08
0.00490635
6.3541e-08
0.00490633
5.39317e-08
0.00490631
4.53286e-08
0.00490629
3.95367e-08
0.00490628
3.28421e-08
0.00490627
2.83847e-08
0.00490626
2.34028e-08
0.00490625
2.07727e-08
0.00490624
1.67616e-08
0.00490623
1.52631e-08
0.00490623
1.21256e-08
0.00490622
1.04936e-08
0.00490622
8.44166e-09
0.00490622
7.84955e-09
0.00490621
5.26042e-09
0.00490621
4.6546e-09
0.00490621
3.38072e-09
0.00490621
3.53086e-09
0.00490621
1.4655e-09
0.00490621
1.89008e-09
0.0049062
8.90232e-10
0.0049062
1.10554e-09
0.0049062
3.24897e-10
0.0049062
9.36326e-10
0.0049062
9.99709e-11
0.0049062
1.11085e-09
0.0049062
4.40627e-10
0.0049062
1.23128e-09
0.0049062
6.58345e-10
0.0049062
1.26621e-09
0.0049062
5.77332e-10
0.0049062
1.31846e-09
0.0049062
5.42296e-10
0.0049062
1.26982e-09
0.0049062
6.04423e-10
0.0049062
1.04403e-09
0.0049062
4.03684e-10
0.0049062
1.05704e-09
0.0049062
4.01564e-10
0.0049062
7.70783e-10
0.0049062
5.9566e-11
0.0049062
7.64497e-10
0.0049062
4.47442e-10
0.0049062
1.1474e-09
0.0049062
1.20526e-09
0.0049062
2.49761e-09
0.00490619
3.12168e-09
0.00490619
5.11913e-09
0.00490619
6.97036e-09
0.00490619
1.03773e-08
0.00490618
1.4324e-08
0.00490617
2.06642e-08
0.00490616
2.898e-08
0.00490615
4.12355e-08
0.00490612
5.71739e-08
0.00490609
7.961e-08
0.00490605
1.0701e-07
0.004906
1.41338e-07
0.00490593
1.70085e-07
0.00490583
2.01261e-07
0.00490569
2.57146e-07
0.00490521
8.91839e-07
0.00490359
3.64841e-06
0.00489775
1.30252e-05
2.27387e-05
0.00520988
0.00231619
0.00513955
0.000592328
0.00511247
0.000100926
0.00511133
9.64742e-06
0.00511242
-8.65225e-06
0.00511159
4.76823e-06
0.00511013
5.84359e-06
0.00510839
7.56149e-06
0.00510688
6.2567e-06
0.00510558
5.47087e-06
0.00510451
4.43583e-06
0.00510362
3.70024e-06
0.00510288
3.04636e-06
0.00510227
2.54355e-06
0.00510176
2.12453e-06
0.00510133
1.79017e-06
0.00510096
1.5162e-06
0.00510065
1.2926e-06
0.00510038
1.10927e-06
0.00510014
9.53143e-07
0.00509994
8.21832e-07
0.00509977
7.10661e-07
0.00509961
6.15333e-07
0.00509948
5.31158e-07
0.00509937
4.61479e-07
0.00509926
3.97662e-07
0.00509918
3.433e-07
0.0050991
2.96222e-07
0.00509903
2.56667e-07
0.00509897
2.20269e-07
0.00509892
1.90368e-07
0.00509888
1.63495e-07
0.00509884
1.41366e-07
0.00509881
1.19511e-07
0.00509878
1.03633e-07
0.00509875
8.83693e-08
0.00509873
7.57082e-08
0.00509871
6.34152e-08
0.0050987
5.51719e-08
0.00509868
4.62636e-08
0.00509867
4.03903e-08
0.00509866
3.33649e-08
0.00509865
2.96719e-08
0.00509864
2.39435e-08
0.00509864
2.16295e-08
0.00509863
1.76416e-08
0.00509863
1.54461e-08
0.00509862
1.21205e-08
0.00509862
1.12554e-08
0.00509862
7.90329e-09
0.00509861
6.96927e-09
0.00509861
4.85906e-09
0.00509861
5.10018e-09
0.00509861
2.27253e-09
0.00509861
2.5838e-09
0.00509861
1.29372e-09
0.00509861
1.76737e-09
0.00509861
5.53731e-10
0.0050986
1.46798e-09
0.0050986
2.53773e-10
0.0050986
1.51138e-09
0.0050986
7.0198e-10
0.0050986
1.85386e-09
0.0050986
9.34712e-10
0.0050986
1.79502e-09
0.0050986
8.48456e-10
0.0050986
1.92303e-09
0.0050986
8.58346e-10
0.0050986
1.8219e-09
0.0050986
9.1329e-10
0.0050986
1.54124e-09
0.0050986
5.97202e-10
0.0050986
1.49365e-09
0.0050986
5.92453e-10
0.0050986
1.16828e-09
0.0050986
1.76152e-10
0.0050986
1.06067e-09
0.0050986
6.38933e-10
0.0050986
1.66605e-09
0.0050986
1.64115e-09
0.0050986
3.34594e-09
0.0050986
4.21827e-09
0.00509859
6.9229e-09
0.00509859
9.33799e-09
0.00509859
1.39147e-08
0.00509858
1.9188e-08
0.00509858
2.76231e-08
0.00509857
3.86769e-08
0.00509855
5.51665e-08
0.00509853
7.64803e-08
0.00509851
1.06588e-07
0.00509847
1.44073e-07
0.00509842
1.93451e-07
0.00509835
2.41023e-07
0.00509824
3.12493e-07
0.00509805
4.42124e-07
0.00509748
1.45959e-06
0.00509583
5.30165e-06
0.00508957
1.92893e-05
3.78146e-05
0.00523327
0.00208292
0.00519416
0.00063144
0.0051735
0.000121585
0.00517317
9.97449e-06
0.00517379
-9.26943e-06
0.00517326
5.29428e-06
0.00517208
7.02656e-06
0.00517071
8.92815e-06
0.0051695
7.46775e-06
0.00516845
6.51549e-06
0.00516759
5.29903e-06
0.00516687
4.41739e-06
0.00516628
3.63919e-06
0.00516579
3.0354e-06
0.00516537
2.53755e-06
0.00516502
2.13964e-06
0.00516473
1.8138e-06
0.00516447
1.5479e-06
0.00516425
1.3296e-06
0.00516406
1.14438e-06
0.00516389
9.88707e-07
0.00516375
8.56217e-07
0.00516362
7.428e-07
0.00516351
6.42716e-07
0.00516341
5.59541e-07
0.00516333
4.837e-07
0.00516325
4.1867e-07
0.00516318
3.62437e-07
0.00516313
3.14645e-07
0.00516307
2.7105e-07
0.00516303
2.34927e-07
0.00516299
2.02199e-07
0.00516296
1.75608e-07
0.00516293
1.49434e-07
0.0051629
1.29444e-07
0.00516288
1.10738e-07
0.00516286
9.5519e-08
0.00516284
8.0539e-08
0.00516283
6.99812e-08
0.00516281
5.90697e-08
0.0051628
5.18201e-08
0.00516279
4.30324e-08
0.00516278
3.81639e-08
0.00516278
3.11987e-08
0.00516277
2.78564e-08
0.00516277
2.30911e-08
0.00516276
2.03514e-08
0.00516276
1.59308e-08
0.00516275
1.44451e-08
0.00516275
1.06249e-08
0.00516275
9.30143e-09
0.00516275
6.3877e-09
0.00516274
6.5447e-09
0.00516274
3.32805e-09
0.00516274
3.29442e-09
0.00516274
1.70172e-09
0.00516274
2.34962e-09
0.00516274
9.1773e-10
0.00516274
1.89793e-09
0.00516274
5.7334e-10
0.00516274
1.98362e-09
0.00516274
1.08606e-09
0.00516274
2.4781e-09
0.00516274
1.45661e-09
0.00516274
2.41866e-09
0.00516274
1.34645e-09
0.00516274
2.60291e-09
0.00516273
1.37504e-09
0.00516273
2.36511e-09
0.00516273
1.33108e-09
0.00516273
2.09977e-09
0.00516273
9.49695e-10
0.00516273
1.86245e-09
0.00516273
8.0175e-10
0.00516273
1.45518e-09
0.00516273
3.30715e-10
0.00516273
1.25254e-09
0.00516273
7.41783e-10
0.00516273
2.01543e-09
0.00516273
2.02872e-09
0.00516273
4.00045e-09
0.00516273
5.14575e-09
0.00516273
8.41162e-09
0.00516273
1.14112e-08
0.00516272
1.69494e-08
0.00516272
2.34361e-08
0.00516271
3.36178e-08
0.00516271
4.68965e-08
0.00516269
6.68396e-08
0.00516268
9.28004e-08
0.00516266
1.2944e-07
0.00516262
1.7595e-07
0.00516258
2.40203e-07
0.00516251
3.09329e-07
0.00516239
4.30556e-07
0.00516218
6.49295e-07
0.0051616
2.04381e-06
0.00516003
6.86852e-06
0.00515415
2.51734e-05
5.09458e-05
0.00522258
0.00186035
0.00520653
0.000647488
0.0051918
0.00013631
0.00519202
9.75724e-06
0.00519236
-9.60558e-06
0.0051921
5.55199e-06
0.00519121
7.91187e-06
0.00519022
9.92459e-06
0.00518931
8.37483e-06
0.00518853
7.29639e-06
0.00518788
5.95003e-06
0.00518733
4.95874e-06
0.00518689
4.08724e-06
0.00518651
3.40816e-06
0.0051862
2.85101e-06
0.00518593
2.40567e-06
0.00518571
2.04123e-06
0.00518551
1.7439e-06
0.00518534
1.49903e-06
0.00518519
1.29215e-06
0.00518506
1.11857e-06
0.00518495
9.70219e-07
0.00518485
8.43086e-07
0.00518476
7.31178e-07
0.00518468
6.37589e-07
0.00518461
5.52756e-07
0.00518455
4.79543e-07
0.0051845
4.1621e-07
0.00518445
3.61979e-07
0.00518441
3.12871e-07
0.00518437
2.71866e-07
0.00518434
2.34636e-07
0.00518431
2.04353e-07
0.00518428
1.74957e-07
0.00518426
1.51429e-07
0.00518424
1.29856e-07
0.00518423
1.12497e-07
0.00518421
9.57075e-08
0.0051842
8.31875e-08
0.00518419
7.04452e-08
0.00518418
6.18063e-08
0.00518417
5.17262e-08
0.00518416
4.57128e-08
0.00518415
3.79462e-08
0.00518415
3.35954e-08
0.00518414
2.80542e-08
0.00518414
2.4682e-08
0.00518413
1.95675e-08
0.00518413
1.73465e-08
0.00518413
1.31924e-08
0.00518413
1.14354e-08
0.00518412
7.88142e-09
0.00518412
7.73472e-09
0.00518412
4.45547e-09
0.00518412
4.02684e-09
0.00518412
2.11987e-09
0.00518412
2.73225e-09
0.00518412
1.33325e-09
0.00518412
2.24705e-09
0.00518412
9.4415e-10
0.00518412
2.37979e-09
0.00518412
1.48339e-09
0.00518412
2.95484e-09
0.00518412
2.03078e-09
0.00518411
2.98889e-09
0.00518411
1.87721e-09
0.00518411
3.13756e-09
0.00518411
1.91144e-09
0.00518411
2.82416e-09
0.00518411
1.77325e-09
0.00518411
2.58316e-09
0.00518411
1.34964e-09
0.00518411
2.12983e-09
0.00518411
1.00342e-09
0.00518411
1.61362e-09
0.00518411
4.68943e-10
0.00518411
1.32028e-09
0.00518411
7.54788e-10
0.00518411
2.15349e-09
0.00518411
2.29845e-09
0.00518411
4.41284e-09
0.00518411
5.83899e-09
0.00518411
9.49285e-09
0.00518411
1.30484e-08
0.0051841
1.93441e-08
0.0051841
2.68722e-08
0.0051841
3.8447e-08
0.00518409
5.34623e-08
0.00518408
7.60455e-08
0.00518407
1.05807e-07
0.00518405
1.47841e-07
0.00518402
2.02188e-07
0.00518398
2.80535e-07
0.00518392
3.71749e-07
0.0051838
5.47611e-07
0.00518359
8.59949e-07
0.00518302
2.61442e-06
0.00518164
8.24774e-06
0.0051766
3.02186e-05
6.15789e-05
0.00520393
0.00165641
0.00520546
0.000645964
0.00519606
0.000145707
0.00519663
9.18583e-06
0.00519679
-9.75952e-06
0.00519676
5.57882e-06
0.00519616
8.50576e-06
0.00519552
1.05724e-05
0.0051949
8.98919e-06
0.00519437
7.82471e-06
0.00519393
6.39589e-06
0.00519356
5.33049e-06
0.00519325
4.39617e-06
0.00519299
3.66606e-06
0.00519277
3.06868e-06
0.00519258
2.5911e-06
0.00519242
2.20043e-06
0.00519229
1.88195e-06
0.00519217
1.61895e-06
0.00519206
1.39739e-06
0.00519197
1.21188e-06
0.00519188
1.05279e-06
0.00519181
9.16161e-07
0.00519175
7.9631e-07
0.00519169
6.95423e-07
0.00519164
6.04385e-07
0.00519159
5.25477e-07
0.00519155
4.56944e-07
0.00519151
3.98153e-07
0.00519148
3.45152e-07
0.00519145
3.00642e-07
0.00519143
2.60129e-07
0.0051914
2.2685e-07
0.00519138
1.95131e-07
0.00519136
1.68976e-07
0.00519135
1.45255e-07
0.00519133
1.26194e-07
0.00519132
1.08078e-07
0.00519131
9.4057e-08
0.0051913
7.9792e-08
0.00519129
6.99311e-08
0.00519129
5.90186e-08
0.00519128
5.20148e-08
0.00519127
4.36676e-08
0.00519127
3.84286e-08
0.00519126
3.22668e-08
0.00519126
2.83149e-08
0.00519126
2.27537e-08
0.00519125
1.98852e-08
0.00519125
1.53975e-08
0.00519125
1.32722e-08
0.00519125
9.2517e-09
0.00519125
8.69012e-09
0.00519125
5.45795e-09
0.00519125
4.72554e-09
0.00519124
2.51534e-09
0.00519124
2.94204e-09
0.00519124
1.67131e-09
0.00519124
2.51554e-09
0.00519124
1.24612e-09
0.00519124
2.64289e-09
0.00519124
1.79059e-09
0.00519124
3.27175e-09
0.00519124
2.49899e-09
0.00519124
3.42413e-09
0.00519124
2.29399e-09
0.00519124
3.47873e-09
0.00519124
2.34436e-09
0.00519124
3.18421e-09
0.00519124
2.1486e-09
0.00519124
2.94993e-09
0.00519124
1.70879e-09
0.00519124
2.35196e-09
0.00519124
1.21304e-09
0.00519124
1.73574e-09
0.00519124
6.05766e-10
0.00519124
1.35932e-09
0.00519124
7.47321e-10
0.00519124
2.1851e-09
0.00519124
2.46324e-09
0.00519124
4.64451e-09
0.00519124
6.29217e-09
0.00519124
1.01933e-08
0.00519123
1.41878e-08
0.00519123
2.10428e-08
0.00519123
2.9339e-08
0.00519123
4.19685e-08
0.00519122
5.8323e-08
0.00519122
8.28141e-08
0.00519121
1.15459e-07
0.00519119
1.6174e-07
0.00519117
2.22617e-07
0.00519114
3.13636e-07
0.00519108
4.26573e-07
0.00519097
6.57078e-07
0.00519077
1.06039e-06
0.00519026
3.13231e-06
0.00518912
9.38099e-06
0.00518513
3.42149e-05
6.96162e-05
0.00518536
0.00147105
0.00520052
0.000630801
0.00519584
0.000150389
0.00519662
8.40417e-06
0.00519664
-9.77652e-06
0.0051968
5.41702e-06
0.00519648
8.82574e-06
0.00519615
1.09004e-05
0.00519581
9.32951e-06
0.00519552
8.11707e-06
0.00519527
6.64874e-06
0.00519505
5.54248e-06
0.00519488
4.57409e-06
0.00519473
3.81532e-06
0.0051946
3.19567e-06
0.00519449
2.70006e-06
0.00519439
2.29482e-06
0.00519431
1.96463e-06
0.00519424
1.69165e-06
0.00519417
1.46189e-06
0.00519412
1.26984e-06
0.00519406
1.10481e-06
0.00519402
9.62733e-07
0.00519397
8.38407e-07
0.00519394
7.3334e-07
0.0051939
6.38586e-07
0.00519387
5.56309e-07
0.00519384
4.84503e-07
0.00519382
4.23025e-07
0.0051938
3.67663e-07
0.00519377
3.2096e-07
0.00519376
2.78242e-07
0.00519374
2.42806e-07
0.00519373
2.09577e-07
0.00519371
1.81845e-07
0.0051937
1.56627e-07
0.00519369
1.36373e-07
0.00519368
1.17177e-07
0.00519367
1.02207e-07
0.00519367
8.68634e-08
0.00519366
7.61329e-08
0.00519365
6.46419e-08
0.00519365
5.69193e-08
0.00519364
4.80265e-08
0.00519364
4.22105e-08
0.00519364
3.55795e-08
0.00519363
3.12337e-08
0.00519363
2.5263e-08
0.00519363
2.19823e-08
0.00519363
1.71334e-08
0.00519362
1.47683e-08
0.00519362
1.03964e-08
0.00519362
9.44684e-09
0.00519362
6.18259e-09
0.00519362
5.33984e-09
0.00519362
2.85674e-09
0.00519362
3.06514e-09
0.00519362
1.82858e-09
0.00519362
2.71097e-09
0.00519362
1.44796e-09
0.00519362
2.84324e-09
0.00519362
1.98983e-09
0.00519362
3.50866e-09
0.00519362
2.81802e-09
0.00519362
3.77435e-09
0.00519362
2.61555e-09
0.00519362
3.74975e-09
0.00519362
2.66894e-09
0.00519361
3.49881e-09
0.00519361
2.4351e-09
0.00519361
3.25561e-09
0.00519361
2.00088e-09
0.00519361
2.59151e-09
0.00519361
1.42733e-09
0.00519361
1.89121e-09
0.00519361
7.51584e-10
0.00519361
1.45889e-09
0.00519361
7.76256e-10
0.00519361
2.22154e-09
0.00519361
2.55563e-09
0.00519361
4.79336e-09
0.00519361
6.55552e-09
0.00519361
1.06025e-08
0.00519361
1.4851e-08
0.00519361
2.21353e-08
0.00519361
3.08417e-08
0.00519361
4.42028e-08
0.0051936
6.1469e-08
0.0051936
8.72267e-08
0.00519359
1.21803e-07
0.00519358
1.71164e-07
0.00519357
2.37141e-07
0.00519354
3.38907e-07
0.0051935
4.71689e-07
0.0051934
7.52699e-07
0.00519323
1.23744e-06
0.00519279
3.56622e-06
0.00519194
1.02355e-05
0.00518908
3.70751e-05
7.50847e-05
0.00516893
0.00130212
0.00519487
0.000604858
0.00519434
0.000150927
0.00519522
7.52054e-06
0.00519511
-9.67023e-06
0.00519542
5.11072e-06
0.00519535
8.89488e-06
0.00519531
1.09389e-05
0.00519522
9.41744e-06
0.00519515
8.19195e-06
0.00519507
6.72284e-06
0.00519501
5.60613e-06
0.00519495
4.63009e-06
0.0051949
3.86333e-06
0.00519486
3.23786e-06
0.00519482
2.73734e-06
0.00519479
2.32845e-06
0.00519476
1.99517e-06
0.00519473
1.71969e-06
0.0051947
1.48776e-06
0.00519468
1.29406e-06
0.00519466
1.12752e-06
0.00519464
9.83869e-07
0.00519462
8.58144e-07
0.0051946
7.51759e-07
0.00519458
6.55619e-07
0.00519456
5.72297e-07
0.00519455
4.99068e-07
0.00519454
4.36606e-07
0.00519452
3.80263e-07
0.00519451
3.32635e-07
0.0051945
2.88796e-07
0.00519449
2.52201e-07
0.00519448
2.18246e-07
0.00519447
1.8992e-07
0.00519447
1.63746e-07
0.00519446
1.42876e-07
0.00519445
1.2291e-07
0.00519445
1.07558e-07
0.00519444
9.16001e-08
0.00519444
8.04152e-08
0.00519443
6.84903e-08
0.00519443
6.03299e-08
0.00519443
5.10506e-08
0.00519442
4.49385e-08
0.00519442
3.78901e-08
0.00519442
3.33919e-08
0.00519442
2.69878e-08
0.00519442
2.3516e-08
0.00519441
1.83588e-08
0.00519441
1.5906e-08
0.00519441
1.12481e-08
0.00519441
1.00182e-08
0.00519441
6.59396e-09
0.00519441
5.79029e-09
0.00519441
3.01311e-09
0.00519441
3.1234e-09
0.00519441
1.79125e-09
0.00519441
2.83175e-09
0.00519441
1.56445e-09
0.00519441
3.04309e-09
0.00519441
2.10021e-09
0.00519441
3.71672e-09
0.00519441
3.0307e-09
0.00519441
4.11129e-09
0.00519441
2.91236e-09
0.00519441
4.06058e-09
0.00519441
2.93421e-09
0.00519441
3.81163e-09
0.00519441
2.65753e-09
0.00519441
3.55278e-09
0.00519441
2.2296e-09
0.00519441
2.84273e-09
0.00519441
1.61415e-09
0.00519441
2.07104e-09
0.00519441
8.8374e-10
0.00519441
1.61146e-09
0.00519441
8.28482e-10
0.00519441
2.2782e-09
0.00519441
2.59309e-09
0.00519441
4.89827e-09
0.00519441
6.66591e-09
0.00519441
1.07759e-08
0.00519441
1.51427e-08
0.0051944
2.25873e-08
0.0051944
3.15566e-08
0.0051944
4.52632e-08
0.0051944
6.29328e-08
0.0051944
8.93373e-08
0.0051944
1.24901e-07
0.00519439
1.76148e-07
0.00519438
2.4566e-07
0.00519437
3.55735e-07
0.00519433
5.0511e-07
0.00519426
8.28926e-07
0.00519411
1.38016e-06
0.00519379
3.89406e-06
0.00519323
1.07926e-05
0.00519153
3.87764e-05
7.80797e-05
0.00515491
0.00114721
0.00518949
0.000570283
0.00519259
0.000147827
0.0051935
6.61054e-06
0.00519327
-9.43803e-06
0.00519368
4.70157e-06
0.00519383
8.73857e-06
0.00519405
1.07178e-05
0.00519419
9.27551e-06
0.00519432
8.06839e-06
0.00519441
6.63311e-06
0.00519448
5.53347e-06
0.00519454
4.57359e-06
0.00519458
3.8178e-06
0.00519462
3.20147e-06
0.00519465
2.70801e-06
0.00519467
2.30548e-06
0.00519469
1.97704e-06
0.0051947
1.7058e-06
0.00519471
1.4773e-06
0.00519472
1.2864e-06
0.00519472
1.12236e-06
0.00519473
9.80695e-07
0.00519473
8.56403e-07
0.00519473
7.5131e-07
0.00519473
6.56027e-07
0.00519473
5.73809e-07
0.00519473
5.00993e-07
0.00519472
4.39024e-07
0.00519472
3.82965e-07
0.00519472
3.35627e-07
0.00519471
2.9181e-07
0.00519471
2.55057e-07
0.00519471
2.21129e-07
0.0051947
1.93036e-07
0.0051947
1.66481e-07
0.0051947
1.45565e-07
0.0051947
1.25326e-07
0.00519469
1.10085e-07
0.00519469
9.39501e-08
0.00519469
8.26948e-08
0.00519469
7.05475e-08
0.00519469
6.21933e-08
0.00519468
5.2673e-08
0.00519468
4.65228e-08
0.00519468
3.91442e-08
0.00519468
3.46944e-08
0.00519468
2.79508e-08
0.00519468
2.44407e-08
0.00519468
1.90665e-08
0.00519468
1.66303e-08
0.00519467
1.17665e-08
0.00519467
1.03435e-08
0.00519467
6.70599e-09
0.00519467
5.98069e-09
0.00519467
3.02717e-09
0.00519467
3.10983e-09
0.00519467
1.61161e-09
0.00519467
2.8471e-09
0.00519467
1.59643e-09
0.00519467
3.21934e-09
0.00519467
2.14329e-09
0.00519467
3.87893e-09
0.00519467
3.18377e-09
0.00519467
4.43582e-09
0.00519467
3.20632e-09
0.00519467
4.41145e-09
0.00519467
3.18044e-09
0.00519467
4.11893e-09
0.00519467
2.84507e-09
0.00519467
3.83551e-09
0.00519467
2.4036e-09
0.00519467
3.05584e-09
0.00519467
1.74593e-09
0.00519467
2.22693e-09
0.00519467
9.40826e-10
0.00519467
1.73734e-09
0.00519467
8.49773e-10
0.00519467
2.30701e-09
0.00519467
2.53426e-09
0.00519467
4.91887e-09
0.00519467
6.62337e-09
0.00519467
1.07515e-08
0.00519467
1.5069e-08
0.00519467
2.25746e-08
0.00519467
3.14596e-08
0.00519467
4.52089e-08
0.00519467
6.28311e-08
0.00519467
8.92229e-08
0.00519467
1.24861e-07
0.00519467
1.76769e-07
0.00519467
2.48106e-07
0.00519466
3.63609e-07
0.00519464
5.25256e-07
0.00519459
8.8135e-07
0.00519449
1.48034e-06
0.00519428
4.10115e-06
0.00519403
1.10434e-05
0.00519347
3.9337e-05
7.87419e-05
0.0051431
0.0010041
0.00518465
0.000528741
0.00519093
0.000141538
0.00519182
5.72219e-06
0.00519146
-9.07141e-06
0.00519193
4.22621e-06
0.00519229
8.38274e-06
0.00519274
1.02661e-05
0.00519309
8.92628e-06
0.00519339
7.76543e-06
0.00519363
6.39447e-06
0.00519383
5.33665e-06
0.00519399
4.41412e-06
0.00519412
3.68641e-06
0.00519423
3.09288e-06
0.00519432
2.61737e-06
0.00519439
2.23018e-06
0.00519445
1.91389e-06
0.00519451
1.6529e-06
0.00519455
1.43292e-06
0.00519459
1.24889e-06
0.00519462
1.09095e-06
0.00519465
9.54452e-07
0.00519467
8.34294e-07
0.00519469
7.32843e-07
0.0051947
6.40597e-07
0.00519472
5.61363e-07
0.00519473
4.9076e-07
0.00519473
4.3059e-07
0.00519474
3.76014e-07
0.00519475
3.30063e-07
0.00519475
2.87422e-07
0.00519475
2.51406e-07
0.00519476
2.18243e-07
0.00519476
1.91057e-07
0.00519476
1.64817e-07
0.00519476
1.44365e-07
0.00519476
1.24463e-07
0.00519476
1.09721e-07
0.00519476
9.38322e-08
0.00519476
8.27845e-08
0.00519476
7.07548e-08
0.00519476
6.23875e-08
0.00519476
5.2872e-08
0.00519476
4.68569e-08
0.00519476
3.92981e-08
0.00519476
3.50225e-08
0.00519476
2.81831e-08
0.00519476
2.47054e-08
0.00519476
1.9265e-08
0.00519476
1.68826e-08
0.00519476
1.19362e-08
0.00519476
1.03233e-08
0.00519476
6.51076e-09
0.00519476
5.90249e-09
0.00519476
2.89342e-09
0.00519476
2.98624e-09
0.00519476
1.36035e-09
0.00519476
2.7167e-09
0.00519476
1.53687e-09
0.00519476
3.29718e-09
0.00519476
2.15026e-09
0.00519476
3.94458e-09
0.00519476
3.30152e-09
0.00519476
4.69257e-09
0.00519476
3.48352e-09
0.00519476
4.73378e-09
0.00519476
3.43602e-09
0.00519476
4.39424e-09
0.00519476
3.03529e-09
0.00519476
4.07341e-09
0.00519476
2.56187e-09
0.00519476
3.19173e-09
0.00519476
1.83756e-09
0.00519476
2.29086e-09
0.00519476
9.4177e-10
0.00519476
1.75043e-09
0.00519476
8.16653e-10
0.00519476
2.2382e-09
0.00519476
2.36948e-09
0.00519476
4.80916e-09
0.00519476
6.48083e-09
0.00519476
1.04777e-08
0.00519476
1.46493e-08
0.00519476
2.20497e-08
0.00519476
3.06257e-08
0.00519476
4.40901e-08
0.00519476
6.12756e-08
0.00519477
8.69931e-08
0.00519477
1.21838e-07
0.00519477
1.73163e-07
0.00519478
2.445e-07
0.00519478
3.62211e-07
0.00519477
5.31016e-07
0.00519475
9.06836e-07
0.00519469
1.5324e-06
0.00519462
4.17907e-06
0.00519467
1.09879e-05
0.0051952
3.88041e-05
7.72396e-05
0.00513321
0.00087089
0.00518039
0.000481562
0.00518947
0.000132463
0.0051903
4.88237e-06
0.0051898
-8.56223e-06
0.00519031
3.71509e-06
0.00519084
7.85286e-06
0.00519149
9.61173e-06
0.00519202
8.39203e-06
0.00519249
7.30192e-06
0.00519286
6.02175e-06
0.00519317
5.02782e-06
0.00519342
4.16144e-06
0.00519363
3.47699e-06
0.00519381
2.91859e-06
0.00519395
2.47097e-06
0.00519408
2.10696e-06
0.00519418
1.80945e-06
0.00519427
1.56411e-06
0.00519435
1.3572e-06
0.00519441
1.18377e-06
0.00519447
1.03513e-06
0.00519452
9.06613e-07
0.00519456
7.93159e-07
0.00519459
6.97459e-07
0.00519462
6.1032e-07
0.00519465
5.35692e-07
0.00519467
4.68994e-07
0.00519469
4.1184e-07
0.00519471
3.59893e-07
0.00519472
3.16272e-07
0.00519473
2.75882e-07
0.00519474
2.4141e-07
0.00519475
2.09733e-07
0.00519476
1.84012e-07
0.00519476
1.58872e-07
0.00519477
1.39336e-07
0.00519477
1.2036e-07
0.00519477
1.06427e-07
0.00519478
9.12052e-08
0.00519478
8.05569e-08
0.00519478
6.90522e-08
0.00519478
6.08505e-08
0.00519478
5.16502e-08
0.00519478
4.5879e-08
0.00519478
3.83822e-08
0.00519479
3.43067e-08
0.00519479
2.76798e-08
0.00519479
2.42599e-08
0.00519479
1.89316e-08
0.00519479
1.65945e-08
0.00519479
1.17526e-08
0.00519479
9.95933e-09
0.00519479
6.10752e-09
0.00519479
5.50867e-09
0.00519479
2.60806e-09
0.00519479
2.71547e-09
0.00519479
1.07542e-09
0.00519479
2.42834e-09
0.00519479
1.38269e-09
0.00519479
3.22464e-09
0.00519479
2.14875e-09
0.00519479
3.8996e-09
0.00519479
3.39264e-09
0.00519479
4.84638e-09
0.00519479
3.72945e-09
0.00519479
4.97299e-09
0.00519479
3.70996e-09
0.00519479
4.62133e-09
0.00519479
3.24786e-09
0.00519479
4.24741e-09
0.00519479
2.72972e-09
0.00519479
3.24949e-09
0.00519479
1.88115e-09
0.00519479
2.27921e-09
0.00519479
8.88248e-10
0.00519479
1.63904e-09
0.00519479
7.24624e-10
0.00519479
2.06934e-09
0.00519479
2.12793e-09
0.00519479
4.53409e-09
0.00519479
6.18203e-09
0.00519479
9.94288e-09
0.00519479
1.39063e-08
0.00519479
2.10349e-08
0.00519479
2.91225e-08
0.00519479
4.19606e-08
0.0051948
5.8366e-08
0.0051948
8.27905e-08
0.00519481
1.16022e-07
0.00519481
1.65521e-07
0.00519482
2.3498e-07
0.00519484
3.51465e-07
0.00519484
5.21783e-07
0.00519485
9.03543e-07
0.00519485
1.53321e-06
0.0051949
4.12504e-06
0.00519526
1.0634e-05
0.00519681
3.72464e-05
7.37592e-05
0.00512497
0.000745921
0.00517671
0.00042982
0.0051882
0.000120975
0.00518898
4.10303e-06
0.00518832
-7.90613e-06
0.00518884
3.1922e-06
0.00518952
7.17339e-06
0.00519035
8.78093e-06
0.00519105
7.69466e-06
0.00519166
6.69649e-06
0.00519215
5.52982e-06
0.00519256
4.61917e-06
0.00519289
3.82553e-06
0.00519317
3.19763e-06
0.00519341
2.68531e-06
0.0051936
2.27453e-06
0.00519377
1.94055e-06
0.00519391
1.66769e-06
0.00519403
1.44279e-06
0.00519414
1.25294e-06
0.00519423
1.09346e-06
0.00519431
9.56995e-07
0.00519437
8.38935e-07
0.00519443
7.34548e-07
0.00519448
6.46505e-07
0.00519453
5.66351e-07
0.00519457
4.97765e-07
0.0051946
4.36472e-07
0.00519463
3.83504e-07
0.00519465
3.35258e-07
0.00519467
2.94794e-07
0.00519469
2.57583e-07
0.00519471
2.25432e-07
0.00519472
1.95929e-07
0.00519473
1.72159e-07
0.00519474
1.48869e-07
0.00519475
1.30684e-07
0.00519476
1.13119e-07
0.00519477
1.00277e-07
0.00519477
8.61286e-08
0.00519477
7.60537e-08
0.00519478
6.54532e-08
0.00519478
5.76361e-08
0.00519478
4.90403e-08
0.00519479
4.36129e-08
0.00519479
3.64264e-08
0.00519479
3.25688e-08
0.00519479
2.64263e-08
0.00519479
2.31113e-08
0.00519479
1.80487e-08
0.00519479
1.57443e-08
0.00519479
1.11885e-08
0.0051948
9.22871e-09
0.0051948
5.48387e-09
0.0051948
4.81618e-09
0.0051948
2.16768e-09
0.0051948
2.28652e-09
0.0051948
7.57127e-10
0.0051948
2.00853e-09
0.0051948
1.1411e-09
0.0051948
2.9955e-09
0.0051948
2.14852e-09
0.0051948
3.77571e-09
0.0051948
3.46321e-09
0.0051948
4.91239e-09
0.0051948
3.95071e-09
0.0051948
5.13009e-09
0.0051948
4.00266e-09
0.0051948
4.81079e-09
0.0051948
3.48799e-09
0.0051948
4.35678e-09
0.0051948
2.90905e-09
0.0051948
3.24429e-09
0.0051948
1.90958e-09
0.0051948
2.19432e-09
0.0051948
8.14546e-10
0.0051948
1.44195e-09
0.0051948
6.12843e-10
0.0051948
1.83058e-09
0.0051948
1.85291e-09
0.0051948
4.12541e-09
0.0051948
5.74969e-09
0.0051948
9.18906e-09
0.0051948
1.28697e-08
0.0051948
1.95551e-08
0.0051948
2.69956e-08
0.00519481
3.88937e-08
0.00519481
5.41941e-08
0.00519482
7.67811e-08
0.00519483
1.07638e-07
0.00519484
1.54099e-07
0.00519485
2.19807e-07
0.00519487
3.31555e-07
0.0051949
4.97475e-07
0.00519493
8.70902e-07
0.00519498
1.48202e-06
0.00519516
3.94135e-06
0.0051958
9.99652e-06
0.0051983
3.47482e-05
6.84995e-05
0.00511815
0.000627767
0.00517357
0.000374405
0.00518713
0.000107417
0.00518784
3.38616e-06
0.00518704
-7.10415e-06
0.00518756
2.67516e-06
0.00518836
6.36753e-06
0.00518934
7.79888e-06
0.00519018
6.85574e-06
0.00519091
5.9676e-06
0.00519151
4.93361e-06
0.00519201
4.12299e-06
0.00519241
3.41655e-06
0.00519276
2.8567e-06
0.00519304
2.39998e-06
0.00519328
2.03392e-06
0.00519349
1.73596e-06
0.00519366
1.49274e-06
0.00519381
1.29253e-06
0.00519394
1.12315e-06
0.00519406
9.80643e-07
0.00519415
8.58873e-07
0.00519424
7.53439e-07
0.00519431
6.60189e-07
0.00519438
5.81533e-07
0.00519444
5.09973e-07
0.00519448
4.48733e-07
0.00519453
3.94097e-07
0.00519457
3.46438e-07
0.0051946
3.02872e-07
0.00519463
2.66339e-07
0.00519465
2.33056e-07
0.00519467
2.04006e-07
0.00519469
1.77305e-07
0.00519471
1.55931e-07
0.00519472
1.35107e-07
0.00519473
1.18735e-07
0.00519474
1.0294e-07
0.00519475
9.14725e-08
0.00519476
7.87617e-08
0.00519476
6.94715e-08
0.00519477
6.00417e-08
0.00519477
5.2883e-08
0.00519478
4.51047e-08
0.00519478
4.01518e-08
0.00519478
3.34768e-08
0.00519479
2.98996e-08
0.00519479
2.44123e-08
0.00519479
2.13097e-08
0.00519479
1.66013e-08
0.00519479
1.43544e-08
0.0051948
1.01959e-08
0.0051948
8.15449e-09
0.0051948
4.61529e-09
0.0051948
3.87674e-09
0.0051948
1.55129e-09
0.0051948
1.70832e-09
0.0051948
3.68385e-10
0.0051948
1.49886e-09
0.0051948
8.08355e-10
0.0051948
2.6355e-09
0.0051948
2.11875e-09
0.0051948
3.6181e-09
0.0051948
3.49878e-09
0.0051948
4.92686e-09
0.0051948
4.14359e-09
0.0051948
5.23143e-09
0.0051948
4.28334e-09
0.0051948
4.97302e-09
0.0051948
3.72583e-09
0.0051948
4.4086e-09
0.0051948
3.06221e-09
0.0051948
3.19386e-09
0.0051948
1.89178e-09
0.0051948
2.06463e-09
0.0051948
7.31368e-10
0.0051948
1.20988e-09
0.0051948
4.89299e-10
0.0051948
1.57639e-09
0.0051948
1.57861e-09
0.0051948
3.64694e-09
0.0051948
5.20076e-09
0.0051948
8.26529e-09
0.00519481
1.15635e-08
0.00519481
1.76423e-08
0.00519481
2.42876e-08
0.00519481
3.49861e-08
0.00519482
4.88561e-08
0.00519483
6.91482e-08
0.00519484
9.69399e-08
0.00519485
1.39214e-07
0.00519487
1.99376e-07
0.0051949
3.02928e-07
0.00519494
4.58542e-07
0.005195
8.09569e-07
0.0051951
1.38024e-06
0.00519541
3.63476e-06
0.00519631
9.09705e-06
0.00519965
3.14064e-05
6.16684e-05
0.00511259
0.000515179
0.00517093
0.000316057
0.00518624
9.2117e-05
0.00518689
2.72756e-06
0.00518595
-6.16336e-06
0.00518645
2.17562e-06
0.00518736
5.45708e-06
0.00518847
6.68948e-06
0.00518943
5.89646e-06
0.00519026
5.13348e-06
0.00519095
4.24809e-06
0.00519152
3.55164e-06
0.00519199
2.94475e-06
0.00519239
2.46277e-06
0.00519272
2.06974e-06
0.005193
1.75508e-06
0.00519324
1.4984e-06
0.00519344
1.28899e-06
0.00519362
1.11706e-06
0.00519377
9.71073e-07
0.0051939
8.48164e-07
0.00519402
7.43257e-07
0.00519412
6.52339e-07
0.00519421
5.71964e-07
0.00519428
5.04251e-07
0.00519435
4.42599e-07
0.00519441
3.89871e-07
0.00519446
3.4289e-07
0.00519451
3.0158e-07
0.00519455
2.63571e-07
0.00519458
2.31731e-07
0.00519461
2.02947e-07
0.00519464
1.77747e-07
0.00519466
1.54402e-07
0.00519468
1.35855e-07
0.0051947
1.17937e-07
0.00519471
1.03862e-07
0.00519473
9.01084e-08
0.00519474
8.02989e-08
0.00519475
6.93224e-08
0.00519475
6.10886e-08
0.00519476
5.29699e-08
0.00519477
4.67695e-08
0.00519477
3.9944e-08
0.00519478
3.56354e-08
0.00519478
2.96029e-08
0.00519478
2.64303e-08
0.00519479
2.16595e-08
0.00519479
1.89243e-08
0.00519479
1.45987e-08
0.00519479
1.24828e-08
0.00519479
8.75351e-09
0.0051948
6.78495e-09
0.0051948
3.49502e-09
0.0051948
2.75157e-09
0.0051948
7.36502e-10
0.0051948
9.93075e-10
0.0051948
-1.41053e-10
0.0051948
9.25533e-10
0.0051948
3.65626e-10
0.0051948
2.16637e-09
0.0051948
1.99581e-09
0.0051948
3.44237e-09
0.0051948
3.46303e-09
0.0051948
4.9069e-09
0.0051948
4.28416e-09
0.0051948
5.29617e-09
0.0051948
4.50407e-09
0.0051948
5.10695e-09
0.0051948
3.91415e-09
0.0051948
4.40695e-09
0.0051948
3.13595e-09
0.0051948
3.10554e-09
0.0051948
1.79587e-09
0.0051948
1.89277e-09
0.0051948
6.21026e-10
0.0051948
9.70263e-10
0.0051948
3.52427e-10
0.0051948
1.33206e-09
0.0051948
1.30502e-09
0.0051948
3.13659e-09
0.0051948
4.53396e-09
0.00519481
7.2054e-09
0.00519481
1.00137e-08
0.00519481
1.53461e-08
0.00519481
2.10536e-08
0.00519482
3.03563e-08
0.00519482
4.24691e-08
0.00519483
6.00912e-08
0.00519484
8.42123e-08
0.00519486
1.21249e-07
0.00519489
1.74202e-07
0.00519492
2.66289e-07
0.00519498
4.05955e-07
0.00519507
7.21341e-07
0.00519521
1.23123e-06
0.00519563
3.21584e-06
0.00519677
7.96257e-06
0.00520085
2.73271e-05
5.34809e-05
0.00510813
0.000407045
0.00516878
0.00025541
0.00518551
7.53842e-05
0.00518612
2.11953e-06
0.00518505
-5.09671e-06
0.00518553
1.69968e-06
0.00518652
4.46241e-06
0.00518774
5.4756e-06
0.0051888
4.83758e-06
0.00518972
4.21217e-06
0.00519048
3.48825e-06
0.00519111
2.91755e-06
0.00519164
2.42041e-06
0.00519208
2.02452e-06
0.00519244
1.7019e-06
0.00519276
1.44405e-06
0.00519302
1.23314e-06
0.00519325
1.06097e-06
0.00519345
9.20246e-07
0.00519362
8.00087e-07
0.00519377
6.99024e-07
0.0051939
6.12795e-07
0.00519401
5.38002e-07
0.00519411
4.71905e-07
0.0051942
4.16484e-07
0.00519428
3.65785e-07
0.00519434
3.22552e-07
0.0051944
2.8401e-07
0.00519446
2.49964e-07
0.0051945
2.18277e-07
0.00519454
1.91858e-07
0.00519458
1.68001e-07
0.00519461
1.47304e-07
0.00519463
1.27795e-07
0.00519466
1.12495e-07
0.00519468
9.77803e-08
0.00519469
8.6451e-08
0.00519471
7.4967e-08
0.00519472
6.7079e-08
0.00519473
5.80604e-08
0.00519474
5.12003e-08
0.00519475
4.44546e-08
0.00519476
3.9481e-08
0.00519477
3.36955e-08
0.00519477
3.02199e-08
0.00519478
2.49099e-08
0.00519478
2.22982e-08
0.00519478
1.82379e-08
0.00519479
1.6026e-08
0.00519479
1.20901e-08
0.00519479
1.02094e-08
0.00519479
6.88646e-09
0.00519479
5.17002e-09
0.0051948
2.14085e-09
0.0051948
1.49247e-09
0.0051948
-2.77174e-10
0.0051948
1.47332e-10
0.0051948
-8.07474e-10
0.0051948
2.88826e-10
0.0051948
-2.03196e-10
0.0051948
1.59497e-09
0.0051948
1.71819e-09
0.0051948
3.2252e-09
0.0051948
3.3153e-09
0.0051948
4.83629e-09
0.0051948
4.34033e-09
0.0051948
5.32085e-09
0.0051948
4.6221e-09
0.0051948
5.19699e-09
0.0051948
4.01493e-09
0.0051948
4.34894e-09
0.0051948
3.09864e-09
0.0051948
2.97917e-09
0.0051948
1.60974e-09
0.0051948
1.67604e-09
0.0051948
4.65184e-10
0.0051948
7.31942e-10
0.0051948
1.73347e-10
0.0051948
1.08418e-09
0.0051948
1.00409e-09
0.0051948
2.59444e-09
0.00519481
3.73944e-09
0.00519481
6.02463e-09
0.00519481
8.25413e-09
0.00519481
1.27309e-08
0.00519481
1.73714e-08
0.00519482
2.51341e-08
0.00519483
3.51807e-08
0.00519484
4.98259e-08
0.00519485
6.97672e-08
0.00519487
1.00644e-07
0.0051949
1.44915e-07
0.00519494
2.22579e-07
0.00519501
3.41165e-07
0.00519512
6.09031e-07
0.00519531
1.04013e-06
0.00519583
2.69845e-06
0.00519717
6.62492e-06
0.00520187
2.26238e-05
4.4157e-05
0.00510468
0.000302361
0.00516708
0.000193013
0.00518495
5.75181e-05
0.00518551
1.55257e-06
0.00518434
-3.92248e-06
0.00518479
1.24865e-06
0.00518585
3.40246e-06
0.00518715
4.17921e-06
0.00518829
3.69946e-06
0.00518928
3.22141e-06
0.0051901
2.66903e-06
0.00519078
2.2332e-06
0.00519135
1.85382e-06
0.00519182
1.5507e-06
0.00519222
1.30388e-06
0.00519256
1.10699e-06
0.00519285
9.4553e-07
0.00519309
8.13405e-07
0.00519331
7.06129e-07
0.00519349
6.13737e-07
0.00519366
5.36348e-07
0.0051938
4.70277e-07
0.00519392
4.12922e-07
0.00519403
3.62195e-07
0.00519413
3.2016e-07
0.00519422
2.81245e-07
0.00519429
2.48269e-07
0.00519436
2.18773e-07
0.00519441
1.92742e-07
0.00519446
1.68018e-07
0.00519451
1.4766e-07
0.00519455
1.29063e-07
0.00519458
1.13361e-07
0.00519461
9.81029e-08
0.00519464
8.64364e-08
0.00519466
7.51361e-08
0.00519468
6.68943e-08
0.0051947
5.78961e-08
0.00519471
5.21563e-08
0.00519472
4.5256e-08
0.00519474
4.00883e-08
0.00519474
3.47651e-08
0.00519475
3.12058e-08
0.00519476
2.653e-08
0.00519477
2.40635e-08
0.00519477
1.95416e-08
0.00519478
1.76313e-08
0.00519478
1.42621e-08
0.00519478
1.26833e-08
0.00519479
9.15979e-09
0.00519479
7.61829e-09
0.00519479
4.66318e-09
0.00519479
3.349e-09
0.00519479
5.94624e-10
0.0051948
1.37904e-10
0.0051948
-1.45345e-09
0.0051948
-8.20344e-10
0.0051948
-1.63282e-09
0.0051948
-4.21851e-10
0.0051948
-8.8823e-10
0.0051948
9.27105e-10
0.0051948
1.26245e-09
0.0051948
2.92855e-09
0.0051948
3.0371e-09
0.0051948
4.68442e-09
0.0051948
4.29471e-09
0.0051948
5.29024e-09
0.0051948
4.62071e-09
0.0051948
5.22438e-09
0.0051948
4.0188e-09
0.0051948
4.23496e-09
0.0051948
2.95773e-09
0.0051948
2.81841e-09
0.0051948
1.35028e-09
0.0051948
1.42101e-09
0.0051948
2.60514e-10
0.0051948
4.92228e-10
0.0051948
-6.50362e-11
0.0051948
8.06446e-10
0.0051948
6.47661e-10
0.00519481
2.00332e-09
0.00519481
2.81856e-09
0.00519481
4.72963e-09
0.00519481
6.32471e-09
0.00519481
9.86876e-09
0.00519482
1.33371e-08
0.00519482
1.94496e-08
0.00519483
2.71667e-08
0.00519484
3.85803e-08
0.00519486
5.39325e-08
0.00519488
7.78794e-08
0.00519491
1.1223e-07
0.00519496
1.72944e-07
0.00519504
2.66049e-07
0.00519517
4.76339e-07
0.0051954
8.13511e-07
0.00519599
2.09909e-06
0.0051975
5.11996e-06
0.00520271
1.74155e-05
3.39201e-05
0.00510216
0.000200199
0.00516582
0.000129353
0.00518453
3.88089e-05
0.00518507
1.01645e-06
0.00518381
-2.66347e-06
0.00518424
8.19819e-07
0.00518535
2.29485e-06
0.0051867
2.82155e-06
0.0051879
2.50207e-06
0.00518894
2.17873e-06
0.00518981
1.80537e-06
0.00519053
1.51113e-06
0.00519113
1.25539e-06
0.00519163
1.05012e-06
0.00519205
8.83158e-07
0.00519241
7.50232e-07
0.00519271
6.40978e-07
0.00519298
5.51103e-07
0.0051932
4.789e-07
0.0051934
4.15722e-07
0.00519357
3.63387e-07
0.00519372
3.18623e-07
0.00519386
2.79713e-07
0.00519398
2.45161e-07
0.00519408
2.17306e-07
0.00519417
1.90838e-07
0.00519425
1.68652e-07
0.00519432
1.48655e-07
0.00519438
1.312e-07
0.00519444
1.13941e-07
0.00519448
1.00138e-07
0.00519453
8.70664e-08
0.00519456
7.66801e-08
0.00519459
6.60123e-08
0.00519462
5.83036e-08
0.00519465
5.05831e-08
0.00519467
4.56225e-08
0.00519469
3.93109e-08
0.0051947
3.58999e-08
0.00519472
3.12292e-08
0.00519473
2.80226e-08
0.00519474
2.41994e-08
0.00519475
2.21447e-08
0.00519476
1.86435e-08
0.00519476
1.73221e-08
0.00519477
1.36683e-08
0.00519477
1.25522e-08
0.00519478
9.87486e-09
0.00519478
8.97108e-09
0.00519478
5.91278e-09
0.00519479
4.79274e-09
0.00519479
2.18199e-09
0.00519479
1.35754e-09
0.00519479
-1.08475e-09
0.0051948
-1.28007e-09
0.0051948
-2.7255e-09
0.0051948
-1.88593e-09
0.0051948
-2.58018e-09
0.0051948
-1.20662e-09
0.0051948
-1.64658e-09
0.0051948
1.84971e-10
0.0051948
6.57475e-10
0.0051948
2.53191e-09
0.0051948
2.64649e-09
0.0051948
4.43448e-09
0.0051948
4.15678e-09
0.0051948
5.1959e-09
0.0051948
4.51499e-09
0.0051948
5.17955e-09
0.0051948
3.94597e-09
0.0051948
4.07439e-09
0.0051948
2.75151e-09
0.0051948
2.63743e-09
0.0051948
1.06081e-09
0.0051948
1.14334e-09
0.0051948
2.591e-11
0.0051948
2.50381e-10
0.0051948
-3.50733e-10
0.0051948
4.84566e-10
0.0051948
2.28782e-10
0.00519481
1.35037e-09
0.00519481
1.79394e-09
0.00519481
3.33096e-09
0.00519481
4.26768e-09
0.00519481
6.83037e-09
0.00519482
9.0541e-09
0.00519482
1.34247e-08
0.00519483
1.86179e-08
0.00519484
2.6588e-08
0.00519486
3.70397e-08
0.00519488
5.34684e-08
0.00519492
7.69331e-08
0.00519497
1.18702e-07
0.00519506
1.82845e-07
0.00519521
3.27688e-07
0.00519546
5.59168e-07
0.00519612
1.43642e-06
0.00519776
3.48674e-06
0.00520335
1.1825e-05
2.29966e-05
0.00510051
9.96887e-05
0.00516499
6.48743e-05
0.00518426
1.95408e-05
0.00518477
5.00768e-07
0.00518346
-1.34597e-06
0.00518387
4.07409e-07
0.00518501
1.15609e-06
0.00518641
1.42331e-06
0.00518764
1.2652e-06
0.00518872
1.10147e-06
0.00518961
9.12189e-07
0.00519036
7.63959e-07
0.00519098
6.3562e-07
0.0051915
5.31658e-07
0.00519194
4.47322e-07
0.00519231
3.80255e-07
0.00519262
3.25007e-07
0.0051929
2.78952e-07
0.00519313
2.42893e-07
0.00519334
2.09885e-07
0.00519352
1.83507e-07
0.00519367
1.60857e-07
0.00519381
1.41087e-07
0.00519394
1.23242e-07
0.00519404
1.10045e-07
0.00519414
9.65185e-08
0.00519422
8.54596e-08
0.00519429
7.52538e-08
0.00519436
6.67315e-08
0.00519442
5.72812e-08
0.00519447
5.03568e-08
0.00519451
4.30221e-08
0.00519455
3.81126e-08
0.00519458
3.22889e-08
0.00519461
2.87649e-08
0.00519464
2.47564e-08
0.00519466
2.31298e-08
0.00519468
1.9666e-08
0.0051947
1.8712e-08
0.00519471
1.63423e-08
0.00519472
1.52768e-08
0.00519473
1.30601e-08
0.00519474
1.25199e-08
0.00519475
1.02506e-08
0.00519476
1.01561e-08
0.00519477
7.47101e-09
0.00519477
7.18817e-09
0.00519478
5.22827e-09
0.00519478
4.98057e-09
0.00519478
2.45975e-09
0.00519479
1.81751e-09
0.00519479
-4.45932e-10
0.00519479
-7.61392e-10
0.00519479
-2.83245e-09
0.00519479
-2.72961e-09
0.0051948
-4.01708e-09
0.0051948
-3.00523e-09
0.0051948
-3.58636e-09
0.0051948
-2.04654e-09
0.0051948
-2.41815e-09
0.0051948
-5.89329e-10
0.0051948
-3.21968e-11
0.0051948
2.04639e-09
0.0051948
2.19037e-09
0.0051948
4.0969e-09
0.0051948
3.95574e-09
0.0051948
5.04496e-09
0.0051948
4.34153e-09
0.0051948
5.06642e-09
0.0051948
3.8313e-09
0.0051948
3.88307e-09
0.0051948
2.52543e-09
0.0051948
2.45308e-09
0.0051948
7.87342e-10
0.0051948
8.64117e-10
0.0051948
-2.06363e-10
0.0051948
1.35286e-11
0.0051948
-6.51781e-10
0.0051948
1.2646e-10
0.0051948
-2.34776e-10
0.00519481
6.40227e-10
0.00519481
7.06529e-10
0.00519481
1.8515e-09
0.00519481
2.12575e-09
0.00519481
3.68215e-09
0.00519482
4.62363e-09
0.00519482
7.17124e-09
0.00519483
9.72538e-09
0.00519484
1.40849e-08
0.00519486
1.94179e-08
0.00519489
2.7941e-08
0.00519492
3.98555e-08
0.00519498
6.1304e-08
0.00519507
9.40714e-08
0.00519523
1.68057e-07
0.0051955
2.85814e-07
0.00519621
7.30646e-07
0.00519793
1.76669e-06
0.00520378
5.97838e-06
1.16143e-05
0.00509969
-4.23297e-09
0.00516457
-7.07354e-09
0.00518412
-5.77339e-09
0.00518463
-4.7308e-09
0.00518328
1.40691e-09
0.00518368
3.6182e-09
0.00518484
1.9057e-09
0.00518626
4.81675e-09
0.00518752
8.46813e-09
0.00518861
6.85213e-09
0.00518952
4.36052e-09
0.00519028
4.32128e-09
0.00519091
5.12077e-09
0.00519143
4.23869e-09
0.00519188
3.96549e-09
0.00519226
3.66185e-09
0.00519258
3.24413e-09
0.00519286
1.86889e-09
0.0051931
2.51054e-09
0.00519331
1.5642e-10
0.00519349
1.58373e-10
0.00519365
6.53349e-11
0.00519379
-1.95241e-10
0.00519392
-1.06451e-09
0.00519403
5.64938e-10
0.00519412
2.71228e-10
0.00519421
5.16226e-10
0.00519428
2.30434e-10
0.00519435
7.86264e-10
0.00519441
-6.80049e-10
0.00519446
-5.75497e-10
0.0051945
-2.01734e-09
0.00519454
-1.41518e-09
0.00519458
-2.24486e-09
0.00519461
-1.46978e-09
0.00519463
-1.685e-09
0.00519466
-2.4149e-11
0.00519468
-5.43083e-10
0.00519469
1.02907e-09
0.00519471
9.89794e-10
0.00519472
2.14219e-09
0.00519473
1.63979e-09
0.00519474
2.57772e-09
0.00519475
1.58225e-09
0.00519476
2.7394e-09
0.00519476
1.12726e-09
0.00519477
1.6763e-09
0.00519478
4.67728e-10
0.00519478
8.21103e-10
0.00519478
-1.09451e-09
0.00519479
-1.22107e-09
0.00519479
-3.11128e-09
0.00519479
-2.95285e-09
0.00519479
-4.58935e-09
0.00519479
-4.17854e-09
0.0051948
-5.26513e-09
0.0051948
-4.1238e-09
0.0051948
-4.58523e-09
0.0051948
-2.91175e-09
0.0051948
-3.15168e-09
0.0051948
-1.34927e-09
0.0051948
-7.34387e-10
0.0051948
1.5062e-09
0.0051948
1.7219e-09
0.0051948
3.7025e-09
0.0051948
3.72292e-09
0.0051948
4.8557e-09
0.0051948
4.14163e-09
0.0051948
4.89909e-09
0.0051948
3.70606e-09
0.0051948
3.67615e-09
0.0051948
2.30956e-09
0.0051948
2.2749e-09
0.0051948
5.57622e-10
0.0051948
5.99565e-10
0.0051948
-4.12192e-10
0.0051948
-2.12063e-10
0.0051948
-9.38696e-10
0.0051948
-2.47824e-10
0.0051948
-7.12295e-10
0.00519481
-1.04216e-10
0.00519481
-3.94807e-10
0.00519481
3.28709e-10
0.00519481
-5.58323e-11
0.00519481
4.88108e-10
0.00519482
1.41246e-10
0.00519482
7.9646e-10
0.00519483
6.735e-10
0.00519485
1.31103e-09
0.00519486
1.39776e-09
0.00519489
1.83957e-09
0.00519493
1.86297e-09
0.00519499
2.28885e-09
0.00519508
2.44167e-09
0.00519524
2.80231e-09
0.00519553
2.78031e-09
0.00519625
3.04503e-09
0.00519802
2.83095e-09
0.00520399
3.1374e-09
2.45716e-09
0.00509969
-9.96973e-05
0.00516457
-6.48886e-05
0.00518412
-1.95525e-05
0.00518463
-5.10208e-07
0.00518328
1.34882e-06
0.00518368
-4.00349e-07
0.00518484
-1.15236e-06
0.00518626
-1.41382e-06
0.00518752
-1.24853e-06
0.00518861
-1.08797e-06
0.00518952
-9.03346e-07
0.00519028
-7.55204e-07
0.00519091
-6.25468e-07
0.00519144
-5.23223e-07
0.00519188
-4.39334e-07
0.00519226
-3.72928e-07
0.00519258
-3.18633e-07
0.00519286
-2.75246e-07
0.0051931
-2.37844e-07
0.00519331
-2.09516e-07
0.00519349
-1.83178e-07
0.00519365
-1.60667e-07
0.00519379
-1.41386e-07
0.00519392
-1.25269e-07
0.00519403
-1.08927e-07
0.00519412
-9.59512e-08
0.00519421
-8.43677e-08
0.00519428
-7.47654e-08
0.00519435
-6.51882e-08
0.00519441
-5.86686e-08
0.00519446
-5.15353e-08
0.0051945
-4.69957e-08
0.00519454
-4.09451e-08
0.00519458
-3.67468e-08
0.00519461
-3.16686e-08
0.00519463
-2.80878e-08
0.00519466
-2.32377e-08
0.00519468
-2.07907e-08
0.00519469
-1.66882e-08
0.00519471
-1.44172e-08
0.00519472
-1.10667e-08
0.00519473
-9.77927e-09
0.00519474
-7.41455e-09
0.00519475
-7.1175e-09
0.00519476
-4.73569e-09
0.00519476
-5.19702e-09
0.00519477
-3.84182e-09
0.00519478
-4.27775e-09
0.00519478
-3.3864e-09
0.00519478
-4.65673e-09
0.00519479
-4.23933e-09
0.00519479
-5.7176e-09
0.00519479
-5.15144e-09
0.00519479
-6.30892e-09
0.00519479
-5.59687e-09
0.0051948
-6.43341e-09
0.0051948
-5.19438e-09
0.0051948
-5.52894e-09
0.0051948
-3.77567e-09
0.0051948
-3.82643e-09
0.0051948
-2.06081e-09
0.0051948
-1.39655e-09
0.0051948
9.49168e-10
0.0051948
1.27874e-09
0.0051948
3.28621e-09
0.0051948
3.47732e-09
0.0051948
4.64716e-09
0.0051948
3.94725e-09
0.0051948
4.69542e-09
0.0051948
3.58617e-09
0.0051948
3.46273e-09
0.0051948
2.10965e-09
0.0051948
2.09955e-09
0.0051948
3.71709e-10
0.0051948
3.5206e-10
0.0051948
-5.90641e-10
0.0051948
-4.31429e-10
0.0051948
-1.20039e-09
0.0051948
-6.20291e-10
0.0051948
-1.17515e-09
0.00519481
-8.48701e-10
0.00519481
-1.46388e-09
0.00519481
-1.18952e-09
0.00519481
-2.22646e-09
0.00519481
-2.68556e-09
0.00519482
-4.30164e-09
0.00519482
-5.58645e-09
0.00519483
-8.35982e-09
0.00519485
-1.14842e-08
0.00519486
-1.66787e-08
0.00519489
-2.42841e-08
0.00519493
-3.61585e-08
0.00519499
-5.67584e-08
0.00519508
-8.92294e-08
0.00519524
-1.62526e-07
0.00519553
-2.80293e-07
0.00519625
-7.24596e-07
0.00519802
-1.76104e-06
0.00520399
-5.97214e-06
-1.16094e-05
0.00510051
-0.000200208
0.00516499
-0.000129367
0.00518426
-3.88208e-05
0.00518477
-1.02581e-06
0.00518346
2.66639e-06
0.00518387
-8.1325e-07
0.00518501
-2.29137e-06
0.00518641
-2.81251e-06
0.00518764
-2.48619e-06
0.00518872
-2.16585e-06
0.00518962
-1.79628e-06
0.00519036
-1.50214e-06
0.00519098
-1.24555e-06
0.0051915
-1.04186e-06
0.00519194
-8.7508e-07
0.00519231
-7.42974e-07
0.00519262
-6.3497e-07
0.0051929
-5.47539e-07
0.00519313
-4.73844e-07
0.00519334
-4.15249e-07
0.00519352
-3.63055e-07
0.00519368
-3.18295e-07
0.00519381
-2.798e-07
0.00519394
-2.4695e-07
0.00519404
-2.16246e-07
0.00519414
-1.90258e-07
0.00519422
-1.67455e-07
0.0051943
-1.48146e-07
0.00519436
-1.29783e-07
0.00519442
-1.15447e-07
0.00519447
-1.01414e-07
0.00519451
-9.08833e-08
0.00519455
-7.9529e-08
0.00519458
-7.03921e-08
0.00519461
-6.1104e-08
0.00519464
-5.38219e-08
0.00519466
-4.59016e-08
0.00519468
-4.05424e-08
0.0051947
-3.39685e-08
0.00519471
-2.94666e-08
0.00519472
-2.40166e-08
0.00519473
-2.09199e-08
0.00519474
-1.71769e-08
0.00519475
-1.55973e-08
0.00519476
-1.20607e-08
0.00519477
-1.13481e-08
0.00519477
-9.22678e-09
0.00519478
-8.89774e-09
0.00519478
-7.51701e-09
0.00519478
-8.14319e-09
0.00519479
-7.16018e-09
0.00519479
-8.18545e-09
0.00519479
-7.28516e-09
0.00519479
-7.95521e-09
0.00519479
-6.95736e-09
0.0051948
-7.51236e-09
0.0051948
-6.18786e-09
0.0051948
-6.39645e-09
0.0051948
-4.62091e-09
0.0051948
-4.45098e-09
0.0051948
-2.71057e-09
0.0051948
-1.99561e-09
0.0051948
4.03415e-10
0.0051948
8.74502e-10
0.0051948
2.87524e-09
0.0051948
3.22266e-09
0.0051948
4.4316e-09
0.0051948
3.77404e-09
0.0051948
4.47179e-09
0.0051948
3.47011e-09
0.0051948
3.24605e-09
0.0051948
1.91215e-09
0.0051948
1.91407e-09
0.0051948
2.07295e-10
0.0051948
1.11547e-10
0.0051948
-7.61387e-10
0.0051948
-6.59287e-10
0.0051948
-1.44386e-09
0.0051948
-9.80146e-10
0.0051948
-1.60588e-09
0.00519481
-1.55625e-09
0.00519481
-2.46426e-09
0.00519481
-2.65342e-09
0.00519481
-4.33052e-09
0.00519481
-5.76965e-09
0.00519482
-8.6173e-09
0.00519482
-1.1851e-08
0.00519483
-1.72e-08
0.00519484
-2.40406e-08
0.00519486
-3.44507e-08
0.00519489
-4.98726e-08
0.00519493
-7.33155e-08
0.00519498
-1.14251e-07
0.00519507
-1.78126e-07
0.00519523
-3.22368e-07
0.0051955
-5.53771e-07
0.00519621
-1.43049e-06
0.00519793
-3.48113e-06
0.00520378
-1.18189e-05
-2.29917e-05
0.00510216
-0.00030237
0.00516582
-0.000193027
0.00518453
-5.75303e-05
0.00518507
-1.56181e-06
0.00518381
3.92539e-06
0.00518424
-1.24278e-06
0.00518535
-3.39936e-06
0.0051867
-4.17098e-06
0.0051879
-3.68483e-06
0.00518895
-3.20953e-06
0.00518981
-2.65984e-06
0.00519053
-2.22408e-06
0.00519113
-1.84458e-06
0.00519163
-1.54287e-06
0.00519205
-1.29586e-06
0.00519241
-1.10005e-06
0.00519271
-9.40164e-07
0.00519298
-8.10201e-07
0.0051932
-7.01239e-07
0.0051934
-6.1325e-07
0.00519357
-5.36091e-07
0.00519373
-4.69834e-07
0.00519386
-4.12818e-07
0.00519398
-3.6376e-07
0.00519408
-3.1925e-07
0.00519417
-2.80804e-07
0.00519425
-2.4709e-07
0.00519432
-2.18401e-07
0.00519438
-1.91632e-07
0.00519444
-1.69813e-07
0.00519448
-1.49126e-07
0.00519453
-1.32691e-07
0.00519456
-1.16252e-07
0.00519459
-1.02395e-07
0.00519462
-8.90749e-08
0.00519465
-7.82845e-08
0.00519467
-6.74277e-08
0.00519469
-5.92803e-08
0.0051947
-5.03474e-08
0.00519472
-4.37584e-08
0.00519473
-3.63666e-08
0.00519474
-3.1507e-08
0.00519475
-2.64277e-08
0.00519476
-2.36083e-08
0.00519476
-1.90184e-08
0.00519477
-1.71797e-08
0.00519477
-1.43421e-08
0.00519478
-1.32933e-08
0.00519478
-1.14444e-08
0.00519479
-1.14709e-08
0.00519479
-9.91133e-09
0.00519479
-1.04512e-08
0.00519479
-9.27761e-09
0.00519479
-9.49498e-09
0.0051948
-8.23115e-09
0.0051948
-8.50666e-09
0.0051948
-7.09039e-09
0.0051948
-7.1858e-09
0.0051948
-5.43283e-09
0.0051948
-5.04618e-09
0.0051948
-3.29773e-09
0.0051948
-2.53028e-09
0.0051948
-1.1245e-10
0.0051948
5.05086e-10
0.0051948
2.4877e-09
0.0051948
2.95432e-09
0.0051948
4.21374e-09
0.0051948
3.6211e-09
0.0051948
4.24076e-09
0.0051948
3.34427e-09
0.0051948
3.0276e-09
0.0051948
1.69728e-09
0.0051948
1.70521e-09
0.0051948
3.61724e-11
0.0051948
-1.32555e-10
0.0051948
-9.46863e-10
0.0051948
-9.05375e-10
0.0051948
-1.68063e-09
0.0051948
-1.31849e-09
0.0051948
-1.9982e-09
0.00519481
-2.19416e-09
0.00519481
-3.37207e-09
0.00519481
-4.02014e-09
0.00519481
-6.31442e-09
0.00519481
-8.69579e-09
0.00519482
-1.27263e-08
0.00519482
-1.78608e-08
0.00519483
-2.56764e-08
0.00519484
-3.60948e-08
0.00519486
-5.15416e-08
0.00519488
-7.43711e-08
0.00519492
-1.08726e-07
0.00519497
-1.68645e-07
0.00519506
-2.61529e-07
0.00519521
-4.71339e-07
0.00519546
-8.08332e-07
0.00519612
-2.09336e-06
0.00519776
-5.11445e-06
0.00520335
-1.74096e-05
-3.39154e-05
0.00510468
-0.000407054
0.00516708
-0.000255424
0.00518495
-7.53967e-05
0.00518551
-2.12859e-06
0.00518434
5.09942e-06
0.00518479
-1.69459e-06
0.00518585
-4.45978e-06
0.00518715
-5.46856e-06
0.00518829
-4.82455e-06
0.00518928
-4.20159e-06
0.0051901
-3.47933e-06
0.00519078
-2.90862e-06
0.00519135
-2.41207e-06
0.00519182
-2.01744e-06
0.00519222
-1.69426e-06
0.00519256
-1.4378e-06
0.00519285
-1.22865e-06
0.0051931
-1.05841e-06
0.00519331
-9.15821e-07
0.0051935
-7.99789e-07
0.00519366
-6.98952e-07
0.0051938
-6.12331e-07
0.00519393
-5.37844e-07
0.00519404
-4.73403e-07
0.00519413
-4.15825e-07
0.00519422
-3.65751e-07
0.00519429
-3.21657e-07
0.00519436
-2.84069e-07
0.00519442
-2.49392e-07
0.00519447
-2.2057e-07
0.00519451
-1.93599e-07
0.00519455
-1.71468e-07
0.00519458
-1.50238e-07
0.00519461
-1.3201e-07
0.00519464
-1.14919e-07
0.00519466
-1.00899e-07
0.00519468
-8.7266e-08
0.0051947
-7.65259e-08
0.00519471
-6.53868e-08
0.00519472
-5.69143e-08
0.00519473
-4.77833e-08
0.00519474
-4.12722e-08
0.00519475
-3.48973e-08
0.00519476
-3.0917e-08
0.00519477
-2.5394e-08
0.00519477
-2.25471e-08
0.00519478
-1.90503e-08
0.00519478
-1.73645e-08
0.00519478
-1.50411e-08
0.00519479
-1.45475e-08
0.00519479
-1.2421e-08
0.00519479
-1.24629e-08
0.00519479
-1.10511e-08
0.00519479
-1.08894e-08
0.0051948
-9.38142e-09
0.0051948
-9.41741e-09
0.0051948
-7.88997e-09
0.0051948
-7.89612e-09
0.0051948
-6.18604e-09
0.0051948
-5.62078e-09
0.0051948
-3.81773e-09
0.0051948
-3.00491e-09
0.0051948
-5.80975e-10
0.0051948
1.62529e-10
0.0051948
2.13669e-09
0.0051948
2.66887e-09
0.0051948
3.99438e-09
0.0051948
3.47514e-09
0.0051948
4.01097e-09
0.0051948
3.19164e-09
0.0051948
2.81108e-09
0.0051948
1.45205e-09
0.0051948
1.46876e-09
0.0051948
-1.5806e-10
0.0051948
-3.77414e-10
0.0051948
-1.15283e-09
0.0051948
-1.15909e-09
0.0051948
-1.9116e-09
0.0051948
-1.62111e-09
0.0051948
-2.35111e-09
0.00519481
-2.73858e-09
0.00519481
-4.17555e-09
0.00519481
-5.26193e-09
0.00519481
-8.13668e-09
0.00519481
-1.14054e-08
0.00519482
-1.65653e-08
0.00519482
-2.34826e-08
0.00519483
-3.36274e-08
0.00519484
-4.73949e-08
0.00519486
-6.75721e-08
0.00519488
-9.72398e-08
0.00519491
-1.41541e-07
0.00519496
-2.1848e-07
0.00519504
-3.36912e-07
0.00519517
-6.04416e-07
0.0051954
-1.03526e-06
0.005196
-2.69298e-06
0.0051975
-6.61959e-06
0.00520271
-2.26182e-05
-4.41524e-05
0.00510813
-0.000515187
0.00516878
-0.00031607
0.00518551
-9.21294e-05
0.00518612
-2.73638e-06
0.00518505
6.16562e-06
0.00518553
-2.17128e-06
0.00518652
-5.45494e-06
0.00518774
-6.68389e-06
0.0051888
-5.88511e-06
0.00518972
-5.12427e-06
0.00519048
-4.23985e-06
0.00519111
-3.54327e-06
0.00519164
-2.93746e-06
0.00519208
-2.45672e-06
0.00519245
-2.06284e-06
0.00519276
-1.74986e-06
0.00519302
-1.49485e-06
0.00519325
-1.28731e-06
0.00519345
-1.11337e-06
0.00519362
-9.71151e-07
0.00519377
-8.48333e-07
0.0051939
-7.4285e-07
0.00519401
-6.52263e-07
0.00519411
-5.73589e-07
0.0051942
-5.03872e-07
0.00519428
-4.43221e-07
0.00519435
-3.89532e-07
0.00519441
-3.43706e-07
0.00519446
-3.0173e-07
0.0051945
-2.66513e-07
0.00519454
-2.33765e-07
0.00519458
-2.06302e-07
0.00519461
-1.80653e-07
0.00519463
-1.58529e-07
0.00519466
-1.3802e-07
0.00519468
-1.21113e-07
0.00519469
-1.04912e-07
0.00519471
-9.18516e-08
0.00519472
-7.86944e-08
0.00519473
-6.85864e-08
0.00519474
-5.79554e-08
0.00519475
-4.99635e-08
0.00519476
-4.2346e-08
0.00519477
-3.73199e-08
0.00519477
-3.09925e-08
0.00519478
-2.73078e-08
0.00519478
-2.32132e-08
0.00519478
-2.10019e-08
0.00519479
-1.81843e-08
0.00519479
-1.72688e-08
0.00519479
-1.4617e-08
0.00519479
-1.41771e-08
0.00519479
-1.25346e-08
0.0051948
-1.20913e-08
0.0051948
-1.03619e-08
0.0051948
-1.02279e-08
0.0051948
-8.56421e-09
0.0051948
-8.51076e-09
0.0051948
-6.83731e-09
0.0051948
-6.15572e-09
0.0051948
-4.25201e-09
0.0051948
-3.41628e-09
0.0051948
-9.81706e-10
0.0051948
-1.54214e-10
0.0051948
1.83151e-09
0.0051948
2.3691e-09
0.0051948
3.77426e-09
0.0051948
3.31784e-09
0.0051948
3.78722e-09
0.0051948
2.99999e-09
0.0051948
2.60187e-09
0.0051948
1.17759e-09
0.0051948
1.21334e-09
0.0051948
-3.71883e-10
0.0051948
-6.03527e-10
0.0051948
-1.36233e-09
0.0051948
-1.38903e-09
0.0051948
-2.12218e-09
0.0051948
-1.86929e-09
0.0051948
-2.6637e-09
0.0051948
-3.17818e-09
0.00519481
-4.87286e-09
0.00519481
-6.36893e-09
0.00519481
-9.77457e-09
0.00519481
-1.3856e-08
0.00519481
-2.00869e-08
0.00519482
-2.86006e-08
0.00519483
-4.09015e-08
0.00519484
-5.77117e-08
0.00519485
-8.2178e-08
0.00519487
-1.17967e-07
0.0051949
-1.70975e-07
0.00519495
-2.62423e-07
0.00519501
-4.02029e-07
0.00519512
-7.17119e-07
0.00519531
-1.22675e-06
0.00519583
-3.2107e-06
0.00519717
-7.95751e-06
0.00520187
-2.73219e-05
-5.34766e-05
0.00511259
-0.000627775
0.00517093
-0.000374416
0.00518623
-0.00010743
0.00518689
-3.39472e-06
0.00518595
7.10571e-06
0.00518645
-2.67149e-06
0.00518736
-6.36585e-06
0.00518847
-7.79474e-06
0.00518943
-6.8459e-06
0.00519027
-5.95956e-06
0.00519095
-4.92628e-06
0.00519152
-4.11541e-06
0.005192
-3.41021e-06
0.00519239
-2.85179e-06
0.00519272
-2.39405e-06
0.005193
-2.02986e-06
0.00519324
-1.7332e-06
0.00519344
-1.49199e-06
0.00519362
-1.28967e-06
0.00519377
-1.12365e-06
0.0051939
-9.80965e-07
0.00519402
-8.58499e-07
0.00519412
-7.53465e-07
0.00519421
-6.6204e-07
0.00519429
-5.81341e-07
0.00519435
-5.11338e-07
0.00519441
-4.49095e-07
0.00519446
-3.95885e-07
0.00519451
-3.47349e-07
0.00519455
-3.0645e-07
0.00519458
-2.68574e-07
0.00519461
-2.36331e-07
0.00519464
-2.06727e-07
0.00519466
-1.81279e-07
0.00519468
-1.57808e-07
0.0051947
-1.38409e-07
0.00519471
-1.19913e-07
0.00519473
-1.04879e-07
0.00519474
-8.99365e-08
0.00519475
-7.84614e-08
0.00519475
-6.66024e-08
0.00519476
-5.73548e-08
0.00519477
-4.85794e-08
0.00519477
-4.26543e-08
0.00519478
-3.56571e-08
0.00519478
-3.13285e-08
0.00519478
-2.67039e-08
0.00519479
-2.40895e-08
0.00519479
-2.07708e-08
0.00519479
-1.95303e-08
0.00519479
-1.64331e-08
0.0051948
-1.55601e-08
0.0051948
-1.36767e-08
0.0051948
-1.30505e-08
0.0051948
-1.1124e-08
0.0051948
-1.09005e-08
0.0051948
-9.07994e-09
0.0051948
-8.99294e-09
0.0051948
-7.3335e-09
0.0051948
-6.60723e-09
0.0051948
-4.57357e-09
0.0051948
-3.75121e-09
0.0051948
-1.29773e-09
0.0051948
-4.36936e-10
0.0051948
1.57573e-09
0.0051948
2.06593e-09
0.0051948
3.55494e-09
0.0051948
3.13272e-09
0.0051948
3.56855e-09
0.0051948
2.76638e-09
0.0051948
2.40223e-09
0.0051948
8.8721e-10
0.0051948
9.54765e-10
0.0051948
-5.86572e-10
0.0051948
-7.88011e-10
0.0051948
-1.54854e-09
0.0051948
-1.56104e-09
0.0051948
-2.29256e-09
0.0051948
-2.05161e-09
0.0051948
-2.93566e-09
0.0051948
-3.51788e-09
0.0051948
-5.46901e-09
0.00519481
-7.34399e-09
0.00519481
-1.12187e-08
0.00519481
-1.60156e-08
0.00519481
-2.32459e-08
0.00519482
-3.31182e-08
0.00519482
-4.7351e-08
0.00519483
-6.68374e-08
0.00519485
-9.50238e-08
0.00519486
-1.36075e-07
0.00519489
-1.96323e-07
0.00519493
-2.9931e-07
0.00519498
-4.54987e-07
0.00519507
-8.05704e-07
0.00519522
-1.37616e-06
0.00519564
-3.62999e-06
0.00519677
-9.09233e-06
0.00520085
-3.14017e-05
-6.16643e-05
0.00511815
-0.000745929
0.00517357
-0.00042983
0.00518712
-0.000120986
0.00518784
-4.11131e-06
0.00518704
7.90687e-06
0.00518755
-3.18909e-06
0.00518836
-7.17208e-06
0.00518934
-8.77794e-06
0.00519018
-7.68594e-06
0.00519091
-6.68927e-06
0.00519151
-5.52339e-06
0.00519201
-4.61244e-06
0.00519242
-3.81986e-06
0.00519276
-3.19377e-06
0.00519304
-2.6804e-06
0.00519328
-2.27147e-06
0.00519349
-1.93825e-06
0.00519366
-1.66765e-06
0.00519382
-1.44062e-06
0.00519395
-1.25373e-06
0.00519406
-1.09371e-06
0.00519416
-9.5653e-07
0.00519424
-8.38953e-07
0.00519432
-7.36578e-07
0.00519438
-6.4633e-07
0.00519444
-5.68324e-07
0.00519449
-4.98802e-07
0.00519453
-4.39258e-07
0.00519457
-3.85049e-07
0.0051946
-3.39276e-07
0.00519463
-2.97059e-07
0.00519465
-2.60775e-07
0.00519467
-2.27789e-07
0.00519469
-1.99649e-07
0.00519471
-1.73771e-07
0.00519472
-1.52311e-07
0.00519473
-1.31872e-07
0.00519474
-1.15268e-07
0.00519475
-9.88364e-08
0.00519476
-8.62639e-08
0.00519476
-7.34768e-08
0.00519477
-6.32485e-08
0.00519478
-5.34546e-08
0.00519478
-4.68005e-08
0.00519478
-3.92796e-08
0.00519479
-3.44943e-08
0.00519479
-2.94217e-08
0.00519479
-2.65167e-08
0.00519479
-2.27301e-08
0.00519479
-2.12421e-08
0.0051948
-1.78159e-08
0.0051948
-1.6586e-08
0.0051948
-1.44552e-08
0.0051948
-1.37232e-08
0.0051948
-1.16291e-08
0.0051948
-1.13846e-08
0.0051948
-9.40548e-09
0.0051948
-9.29703e-09
0.0051948
-7.62973e-09
0.0051948
-6.9238e-09
0.0051948
-4.7601e-09
0.0051948
-3.99097e-09
0.0051948
-1.52545e-09
0.0051948
-6.72381e-10
0.0051948
1.36783e-09
0.0051948
1.77261e-09
0.0051948
3.33534e-09
0.0051948
2.91064e-09
0.0051948
3.34648e-09
0.0051948
2.49784e-09
0.0051948
2.20734e-09
0.0051948
5.99225e-10
0.0051948
7.06317e-10
0.0051948
-7.89447e-10
0.0051948
-9.23984e-10
0.0051948
-1.69837e-09
0.0051948
-1.66428e-09
0.0051948
-2.4149e-09
0.0051948
-2.17746e-09
0.0051948
-3.17133e-09
0.0051948
-3.77963e-09
0.0051948
-5.97127e-09
0.0051948
-8.18927e-09
0.00519481
-1.24574e-08
0.00519481
-1.78492e-08
0.00519481
-2.59757e-08
0.00519481
-3.69459e-08
0.00519482
-5.28218e-08
0.00519483
-7.45723e-08
0.00519484
-1.05808e-07
0.00519485
-1.51132e-07
0.00519487
-2.16979e-07
0.0051949
-3.28191e-07
0.00519494
-4.94315e-07
0.005195
-8.67331e-07
0.00519511
-1.47834e-06
0.00519541
-3.93698e-06
0.00519631
-9.99219e-06
0.00519965
-3.4744e-05
-6.84957e-05
0.00512497
-0.000870898
0.00517671
-0.000481569
0.00518819
-0.000132474
0.00518897
-4.89027e-06
0.00518832
8.5622e-06
0.00518884
-3.7125e-06
0.00518952
-7.85184e-06
0.00519035
-9.60938e-06
0.00519105
-8.384e-06
0.00519166
-7.29517e-06
0.00519215
-6.01607e-06
0.00519256
-5.02191e-06
0.0051929
-4.15618e-06
0.00519318
-3.47403e-06
0.00519341
-2.91459e-06
0.00519361
-2.46856e-06
0.00519377
-2.10482e-06
0.00519391
-1.80975e-06
0.00519404
-1.56238e-06
0.00519414
-1.35808e-06
0.00519423
-1.18369e-06
0.00519431
-1.03445e-06
0.00519438
-9.06482e-07
0.00519444
-7.95229e-07
0.00519449
-6.97175e-07
0.00519453
-6.12628e-07
0.00519457
-5.37287e-07
0.0051946
-4.72633e-07
0.00519463
-4.13807e-07
0.00519465
-3.64058e-07
0.00519468
-3.18404e-07
0.00519469
-2.78978e-07
0.00519471
-2.43298e-07
0.00519472
-2.13115e-07
0.00519473
-1.85457e-07
0.00519474
-1.62405e-07
0.00519475
-1.40453e-07
0.00519476
-1.2271e-07
0.00519477
-1.05163e-07
0.00519477
-9.17597e-08
0.00519477
-7.83608e-08
0.00519478
-6.74686e-08
0.00519478
-5.68687e-08
0.00519478
-4.96672e-08
0.00519479
-4.17876e-08
0.00519479
-3.6708e-08
0.00519479
-3.12953e-08
0.00519479
-2.8188e-08
0.00519479
-2.40193e-08
0.00519479
-2.23386e-08
0.0051948
-1.87236e-08
0.0051948
-1.72313e-08
0.0051948
-1.4872e-08
0.0051948
-1.40775e-08
0.0051948
-1.18552e-08
0.0051948
-1.16305e-08
0.0051948
-9.52418e-09
0.0051948
-9.3882e-09
0.0051948
-7.70638e-09
0.0051948
-7.06642e-09
0.0051948
-4.80681e-09
0.0051948
-4.11926e-09
0.0051948
-1.67553e-09
0.0051948
-8.44239e-10
0.0051948
1.19887e-09
0.0051948
1.50326e-09
0.0051948
3.11307e-09
0.0051948
2.65448e-09
0.0051948
3.10665e-09
0.0051948
2.20839e-09
0.0051948
2.00909e-09
0.0051948
3.34882e-10
0.0051948
4.62869e-10
0.0051948
-9.7408e-10
0.0051948
-1.03266e-09
0.0051948
-1.82137e-09
0.0051948
-1.7204e-09
0.0051948
-2.50029e-09
0.0051948
-2.27819e-09
0.0051948
-3.38036e-09
0.0051948
-3.9938e-09
0.0051948
-6.38021e-09
0.0051948
-8.88709e-09
0.0051948
-1.34563e-08
0.0051948
-1.93041e-08
0.00519481
-2.81753e-08
0.00519481
-3.99878e-08
0.00519481
-5.71541e-08
0.00519482
-8.0712e-08
0.00519483
-1.14261e-07
0.00519484
-1.62749e-07
0.00519485
-2.32439e-07
0.00519487
-3.48361e-07
0.0051949
-5.19017e-07
0.00519493
-9.00218e-07
0.00519498
-1.52986e-06
0.00519517
-4.12108e-06
0.0051958
-1.063e-05
0.0051983
-3.72426e-05
-7.37557e-05
0.00513321
-0.00100411
0.00518039
-0.000528747
0.00518946
-0.000141548
0.0051903
-5.7295e-06
0.00518979
9.07082e-06
0.0051903
-4.22413e-06
0.00519083
-8.38199e-06
0.00519149
-1.02639e-05
0.00519202
-8.91867e-06
0.00519249
-7.75904e-06
0.00519286
-6.38941e-06
0.00519317
-5.33155e-06
0.00519342
-4.40922e-06
0.00519363
-3.68422e-06
0.00519381
-3.08965e-06
0.00519396
-2.61531e-06
0.00519408
-2.2281e-06
0.00519418
-1.91416e-06
0.00519427
-1.65141e-06
0.00519435
-1.43372e-06
0.00519442
-1.24832e-06
0.00519447
-1.09004e-06
0.00519452
-9.54121e-07
0.00519456
-8.36278e-07
0.0051946
-7.32466e-07
0.00519463
-6.42973e-07
0.00519465
-5.63399e-07
0.00519467
-4.95015e-07
0.00519469
-4.32797e-07
0.00519471
-3.80079e-07
0.00519472
-3.3198e-07
0.00519473
-2.90417e-07
0.00519474
-2.52841e-07
0.00519475
-2.21261e-07
0.00519476
-1.92477e-07
0.00519476
-1.68346e-07
0.00519477
-1.45384e-07
0.00519477
-1.26941e-07
0.00519477
-1.08724e-07
0.00519478
-9.47672e-08
0.00519478
-8.10683e-08
0.00519478
-6.98516e-08
0.00519478
-5.87334e-08
0.00519478
-5.11674e-08
0.00519478
-4.31131e-08
0.00519479
-3.78811e-08
0.00519479
-3.22691e-08
0.00519479
-2.9025e-08
0.00519479
-2.46041e-08
0.00519479
-2.27749e-08
0.00519479
-1.91153e-08
0.00519479
-1.74631e-08
0.00519479
-1.4931e-08
0.00519479
-1.40904e-08
0.00519479
-1.17914e-08
0.00519479
-1.15973e-08
0.00519479
-9.43404e-09
0.00519479
-9.25371e-09
0.00519479
-7.56726e-09
0.00519479
-7.01445e-09
0.00519479
-4.72302e-09
0.00519479
-4.1247e-09
0.00519479
-1.75408e-09
0.00519479
-9.48791e-10
0.00519479
1.06253e-09
0.00519479
1.27582e-09
0.00519479
2.8816e-09
0.00519479
2.37628e-09
0.00519479
2.84037e-09
0.00519479
1.91811e-09
0.00519479
1.80798e-09
0.00519479
1.04896e-10
0.00519479
2.08739e-10
0.00519479
-1.1286e-09
0.00519479
-1.12968e-09
0.00519479
-1.93274e-09
0.00519479
-1.76518e-09
0.00519479
-2.56673e-09
0.00519479
-2.3866e-09
0.00519479
-3.56901e-09
0.00519479
-4.18099e-09
0.00519479
-6.68508e-09
0.00519479
-9.39502e-09
0.00519479
-1.41589e-08
0.00519479
-2.03264e-08
0.00519479
-2.97353e-08
0.0051948
-4.21428e-08
0.0051948
-6.0197e-08
0.0051948
-8.50489e-08
0.00519481
-1.20144e-07
0.00519482
-1.70594e-07
0.00519483
-2.42299e-07
0.00519484
-3.59377e-07
0.00519485
-5.28612e-07
0.00519485
-9.03739e-07
0.00519485
-1.52933e-06
0.0051949
-4.17554e-06
0.00519526
-1.09844e-05
0.00519682
-3.88008e-05
-7.72363e-05
0.0051431
-0.00114721
0.00518464
-0.000570287
0.00519093
-0.000147836
0.00519182
-6.61702e-06
0.00519145
9.43722e-06
0.00519193
-4.7e-06
0.00519228
-8.7381e-06
0.00519274
-1.07154e-05
0.00519309
-9.26822e-06
0.00519339
-8.06246e-06
0.00519363
-6.62855e-06
0.00519383
-5.52916e-06
0.00519399
-4.56917e-06
0.00519412
-3.81626e-06
0.00519423
-3.19887e-06
0.00519432
-2.70616e-06
0.00519439
-2.30352e-06
0.00519446
-1.97701e-06
0.00519451
-1.70439e-06
0.00519456
-1.47791e-06
0.00519459
-1.28526e-06
0.00519462
-1.12129e-06
0.00519465
-9.80172e-07
0.00519467
-8.58212e-07
0.00519469
-7.50952e-07
0.00519471
-6.58296e-07
0.00519472
-5.76164e-07
0.00519473
-5.05575e-07
0.00519474
-4.41352e-07
0.00519474
-3.86802e-07
0.00519475
-3.3732e-07
0.00519475
-2.94674e-07
0.00519476
-2.56101e-07
0.00519476
-2.23783e-07
0.00519476
-1.94526e-07
0.00519476
-1.69882e-07
0.00519476
-1.46477e-07
0.00519476
-1.27774e-07
0.00519476
-1.09371e-07
0.00519476
-9.51733e-08
0.00519476
-8.14586e-08
0.00519476
-7.02481e-08
0.00519476
-5.89568e-08
0.00519476
-5.12104e-08
0.00519476
-4.31728e-08
0.00519476
-3.79287e-08
0.00519476
-3.22875e-08
0.00519476
-2.8972e-08
0.00519476
-2.44445e-08
0.00519476
-2.25212e-08
0.00519476
-1.89467e-08
0.00519476
-1.72362e-08
0.00519476
-1.4611e-08
0.00519476
-1.37411e-08
0.00519476
-1.14263e-08
0.00519476
-1.12591e-08
0.00519476
-9.13339e-09
0.00519476
-8.90763e-09
0.00519476
-7.22615e-09
0.00519476
-6.76417e-09
0.00519476
-4.5021e-09
0.00519476
-4.00312e-09
0.00519476
-1.77188e-09
0.00519476
-9.963e-10
0.00519476
9.39129e-10
0.00519476
1.08123e-09
0.00519476
2.64531e-09
0.00519476
2.09774e-09
0.00519476
2.55791e-09
0.00519476
1.65337e-09
0.00519476
1.61473e-09
0.00519476
-5.5158e-11
0.00519476
-8.33783e-12
0.00519476
-1.25706e-09
0.00519476
-1.21783e-09
0.00519476
-2.03178e-09
0.00519476
-1.80909e-09
0.00519476
-2.61331e-09
0.00519476
-2.50516e-09
0.00519476
-3.72439e-09
0.00519476
-4.3288e-09
0.00519476
-6.86412e-09
0.00519476
-9.68048e-09
0.00519476
-1.45277e-08
0.00519476
-2.0881e-08
0.00519476
-3.05712e-08
0.00519476
-4.33118e-08
0.00519476
-6.18263e-08
0.00519477
-8.73906e-08
0.00519477
-1.23249e-07
0.00519477
-1.74405e-07
0.00519478
-2.4626e-07
0.00519478
-3.61062e-07
0.00519477
-5.23155e-07
0.00519475
-8.78492e-07
0.0051947
-1.47754e-06
0.00519462
-4.09806e-06
0.00519468
-1.10404e-05
0.00519521
-3.9334e-05
-7.87389e-05
0.00515491
-0.00130212
0.00518949
-0.000604861
0.00519259
-0.000150935
0.00519349
-7.526e-06
0.00519326
9.66962e-06
0.00519367
-5.1096e-06
0.00519383
-8.8947e-06
0.00519405
-1.09362e-05
0.00519419
-9.41047e-06
0.00519432
-8.18664e-06
0.00519441
-6.71856e-06
0.00519448
-5.60249e-06
0.00519454
-4.62622e-06
0.00519458
-3.86216e-06
0.00519462
-3.23565e-06
0.00519465
-2.73564e-06
0.00519467
-2.3266e-06
0.00519469
-1.99462e-06
0.0051947
-1.71814e-06
0.00519472
-1.48803e-06
0.00519472
-1.29232e-06
0.00519473
-1.12628e-06
0.00519473
-9.83076e-07
0.00519473
-8.59657e-07
0.00519473
-7.5145e-07
0.00519473
-6.57663e-07
0.00519473
-5.74748e-07
0.00519473
-5.0362e-07
0.00519473
-4.3893e-07
0.00519472
-3.83829e-07
0.00519472
-3.34081e-07
0.00519472
-2.91428e-07
0.00519471
-2.52843e-07
0.00519471
-2.20496e-07
0.00519471
-1.91411e-07
0.0051947
-1.66879e-07
0.0051947
-1.4364e-07
0.0051947
-1.25139e-07
0.00519469
-1.07032e-07
0.00519469
-9.29488e-08
0.00519469
-7.94709e-08
0.00519469
-6.85563e-08
0.00519469
-5.74619e-08
0.00519468
-4.9741e-08
0.00519468
-4.19001e-08
0.00519468
-3.67999e-08
0.00519468
-3.13097e-08
0.00519468
-2.80189e-08
0.00519468
-2.34997e-08
0.00519468
-2.1579e-08
0.00519468
-1.81988e-08
0.00519468
-1.65211e-08
0.00519468
-1.38819e-08
0.00519467
-1.3022e-08
0.00519467
-1.07595e-08
0.00519467
-1.06109e-08
0.00519467
-8.60074e-09
0.00519467
-8.35648e-09
0.00519467
-6.71272e-09
0.00519467
-6.3245e-09
0.00519467
-4.22334e-09
0.00519467
-3.78014e-09
0.00519467
-1.71923e-09
0.00519467
-9.89679e-10
0.00519467
8.45117e-10
0.00519467
9.24774e-10
0.00519467
2.41247e-09
0.00519467
1.83998e-09
0.00519467
2.285e-09
0.00519467
1.42678e-09
0.00519467
1.4521e-09
0.00519467
-1.31546e-10
0.00519467
-1.62787e-10
0.00519467
-1.30197e-09
0.00519467
-1.24525e-09
0.00519467
-2.07406e-09
0.00519467
-1.81701e-09
0.00519467
-2.60675e-09
0.00519467
-2.59324e-09
0.00519467
-3.81122e-09
0.00519467
-4.3945e-09
0.00519467
-6.90927e-09
0.00519467
-9.76238e-09
0.00519467
-1.45741e-08
0.00519467
-2.0974e-08
0.00519467
-3.06592e-08
0.00519467
-4.34219e-08
0.00519467
-6.19552e-08
0.00519467
-8.75855e-08
0.00519467
-1.23394e-07
0.00519467
-1.73988e-07
0.00519467
-2.44134e-07
0.00519466
-3.53477e-07
0.00519464
-5.03246e-07
0.00519459
-8.26334e-07
0.00519449
-1.37763e-06
0.00519428
-3.89141e-06
0.00519403
-1.079e-05
0.00519347
-3.87739e-05
-7.80771e-05
0.00516893
-0.00147105
0.00519487
-0.000630802
0.00519433
-0.000150395
0.00519521
-8.40863e-06
0.00519511
9.77646e-06
0.00519541
-5.41625e-06
0.00519535
-8.8258e-06
0.00519531
-1.08975e-05
0.00519522
-9.32285e-06
0.00519515
-8.1124e-06
0.00519507
-6.64442e-06
0.00519501
-5.53922e-06
0.00519495
-4.57058e-06
0.0051949
-3.81403e-06
0.00519486
-3.19348e-06
0.00519483
-2.69839e-06
0.00519479
-2.29293e-06
0.00519476
-1.96344e-06
0.00519473
-1.68964e-06
0.00519471
-1.46157e-06
0.00519468
-1.26746e-06
0.00519466
-1.10326e-06
0.00519464
-9.61437e-07
0.00519462
-8.39428e-07
0.0051946
-7.32908e-07
0.00519458
-6.40305e-07
0.00519457
-5.58523e-07
0.00519455
-4.88626e-07
0.00519454
-4.25127e-07
0.00519452
-3.70894e-07
0.00519451
-3.22054e-07
0.0051945
-2.8049e-07
0.00519449
-2.42952e-07
0.00519448
-2.11356e-07
0.00519447
-1.83097e-07
0.00519447
-1.59348e-07
0.00519446
-1.36903e-07
0.00519445
-1.19103e-07
0.00519445
-1.01747e-07
0.00519444
-8.81649e-08
0.00519444
-7.51769e-08
0.00519443
-6.48053e-08
0.00519443
-5.42608e-08
0.00519443
-4.6818e-08
0.00519443
-3.93404e-08
0.00519442
-3.45575e-08
0.00519442
-2.93552e-08
0.00519442
-2.6238e-08
0.00519442
-2.1926e-08
0.00519442
-2.00053e-08
0.00519442
-1.68812e-08
0.00519441
-1.53089e-08
0.00519441
-1.27258e-08
0.00519441
-1.1949e-08
0.00519441
-9.7984e-09
0.00519441
-9.67262e-09
0.00519441
-7.8278e-09
0.00519441
-7.63108e-09
0.00519441
-6.00334e-09
0.00519441
-5.73062e-09
0.00519441
-3.82614e-09
0.00519441
-3.46842e-09
0.00519441
-1.58174e-09
0.00519441
-9.39946e-10
0.00519441
7.8076e-10
0.00519441
8.05113e-10
0.00519441
2.20238e-09
0.00519441
1.61757e-09
0.00519441
2.04843e-09
0.00519441
1.25536e-09
0.00519441
1.33119e-09
0.00519441
-1.52414e-10
0.00519441
-2.1774e-10
0.00519441
-1.24745e-09
0.00519441
-1.17093e-09
0.00519441
-2.02134e-09
0.00519441
-1.74091e-09
0.00519441
-2.50761e-09
0.00519441
-2.58448e-09
0.00519441
-3.78947e-09
0.00519441
-4.3495e-09
0.00519441
-6.8334e-09
0.00519441
-9.6142e-09
0.00519441
-1.42715e-08
0.00519441
-2.05719e-08
0.0051944
-2.99773e-08
0.0051944
-4.24786e-08
0.0051944
-6.05483e-08
0.0051944
-8.55343e-08
0.0051944
-1.2044e-07
0.00519439
-1.6923e-07
0.00519438
-2.35864e-07
0.00519437
-3.36908e-07
0.00519433
-4.70017e-07
0.00519426
-7.50391e-07
0.00519412
-1.23524e-06
0.00519379
-3.56402e-06
0.00519323
-1.02334e-05
0.00519153
-3.7073e-05
-7.50824e-05
0.00518536
-0.00165641
0.00520052
-0.000645965
0.00519584
-0.000145711
0.00519662
-9.18934e-06
0.00519664
9.76019e-06
0.0051968
-5.57833e-06
0.00519648
-8.50597e-06
0.00519615
-1.05694e-05
0.00519581
-8.98281e-06
0.00519552
-7.82055e-06
0.00519527
-6.39145e-06
0.00519505
-5.32734e-06
0.00519488
-4.39271e-06
0.00519473
-3.66423e-06
0.0051946
-3.06612e-06
0.00519449
-2.58931e-06
0.0051944
-2.19837e-06
0.00519432
-1.88021e-06
0.00519424
-1.61621e-06
0.00519418
-1.39636e-06
0.00519412
-1.20901e-06
0.00519407
-1.0508e-06
0.00519402
-9.14194e-07
0.00519398
-7.96708e-07
0.00519394
-6.94598e-07
0.00519391
-6.05754e-07
0.00519387
-5.27203e-07
0.00519385
-4.60354e-07
0.00519382
-3.99764e-07
0.0051938
-3.47934e-07
0.00519378
-3.01257e-07
0.00519376
-2.61884e-07
0.00519374
-2.26488e-07
0.00519373
-1.96478e-07
0.00519371
-1.69722e-07
0.0051937
-1.47453e-07
0.00519369
-1.26423e-07
0.00519368
-1.09856e-07
0.00519367
-9.369e-08
0.00519367
-8.10015e-08
0.00519366
-6.88065e-08
0.00519365
-5.92173e-08
0.00519365
-4.95205e-08
0.00519364
-4.26446e-08
0.00519364
-3.57296e-08
0.00519364
-3.13048e-08
0.00519363
-2.65284e-08
0.00519363
-2.37779e-08
0.00519363
-1.97023e-08
0.00519363
-1.79149e-08
0.00519363
-1.50767e-08
0.00519362
-1.36791e-08
0.00519362
-1.12142e-08
0.00519362
-1.05893e-08
0.00519362
-8.59436e-09
0.00519362
-8.50983e-09
0.00519362
-6.86209e-09
0.00519362
-6.75775e-09
0.00519362
-5.2019e-09
0.00519362
-4.99415e-09
0.00519362
-3.30039e-09
0.00519362
-3.05098e-09
0.00519362
-1.33522e-09
0.00519362
-8.5355e-10
0.00519362
7.33357e-10
0.00519362
7.11619e-10
0.00519362
2.02086e-09
0.00519362
1.41622e-09
0.00519362
1.82259e-09
0.00519362
1.07363e-09
0.00519362
1.23058e-09
0.00519362
-1.26736e-10
0.00519362
-1.90994e-10
0.00519362
-1.12576e-09
0.00519362
-1.01981e-09
0.00519362
-1.88347e-09
0.00519362
-1.57032e-09
0.00519361
-2.3036e-09
0.00519361
-2.43068e-09
0.00519361
-3.64575e-09
0.00519361
-4.19667e-09
0.00519361
-6.5805e-09
0.00519361
-9.20011e-09
0.00519361
-1.36008e-08
0.00519361
-1.95613e-08
0.00519361
-2.85348e-08
0.00519361
-4.04058e-08
0.0051936
-5.757e-08
0.0051936
-8.12089e-08
0.00519359
-1.14292e-07
0.00519359
-1.60075e-07
0.00519357
-2.21523e-07
0.00519355
-3.11845e-07
0.0051935
-4.25083e-07
0.00519341
-6.55057e-07
0.00519323
-1.05858e-06
0.0051928
-3.13056e-06
0.00519194
-9.37925e-06
0.00518908
-3.42133e-05
-6.96143e-05
0.00520393
-0.00186035
0.00520546
-0.000647488
0.00519606
-0.000136313
0.00519663
-9.75976e-06
0.00519678
9.60695e-06
0.00519676
-5.55184e-06
0.00519616
-7.91221e-06
0.00519551
-9.92192e-06
0.0051949
-8.36883e-06
0.00519437
-7.29274e-06
0.00519393
-5.94593e-06
0.00519356
-4.95566e-06
0.00519325
-4.08374e-06
0.00519299
-3.40588e-06
0.00519277
-2.84795e-06
0.00519259
-2.40384e-06
0.00519243
-2.0393e-06
0.00519229
-1.74208e-06
0.00519217
-1.49562e-06
0.00519206
-1.29064e-06
0.00519197
-1.11571e-06
0.00519189
-9.67957e-07
0.00519182
-8.40681e-07
0.00519175
-7.31122e-07
0.00519169
-6.3622e-07
0.00519164
-5.53879e-07
0.00519159
-4.80842e-07
0.00519155
-4.18888e-07
0.00519152
-3.62929e-07
0.00519148
-3.1514e-07
0.00519145
-2.71967e-07
0.00519143
-2.35852e-07
0.0051914
-2.03681e-07
0.00519138
-1.76118e-07
0.00519136
-1.51572e-07
0.00519135
-1.31484e-07
0.00519133
-1.12477e-07
0.00519132
-9.76462e-08
0.00519131
-8.3105e-08
0.0051913
-7.16723e-08
0.00519129
-6.0648e-08
0.00519129
-5.20765e-08
0.00519128
-4.34781e-08
0.00519127
-3.74458e-08
0.00519127
-3.11747e-08
0.00519127
-2.73605e-08
0.00519126
-2.313e-08
0.00519126
-2.07252e-08
0.00519126
-1.7027e-08
0.00519125
-1.54357e-08
0.00519125
-1.29237e-08
0.00519125
-1.17647e-08
0.00519125
-9.48261e-09
0.00519125
-9.0471e-09
0.00519125
-7.24957e-09
0.00519124
-7.20176e-09
0.00519124
-5.73781e-09
0.00519124
-5.75249e-09
0.00519124
-4.31433e-09
0.00519124
-4.16579e-09
0.00519124
-2.65412e-09
0.00519124
-2.5449e-09
0.00519124
-1.014e-09
0.00519124
-7.32307e-10
0.00519124
6.80733e-10
0.00519124
6.30318e-10
0.00519124
1.85e-09
0.00519124
1.20273e-09
0.00519124
1.55539e-09
0.00519124
8.34747e-10
0.00519124
1.08365e-09
0.00519124
-1.17485e-10
0.00519124
-1.55498e-10
0.00519124
-1.01343e-09
0.00519124
-8.74461e-10
0.00519124
-1.70549e-09
0.00519124
-1.33296e-09
0.00519124
-2.01397e-09
0.00519124
-2.14509e-09
0.00519124
-3.34575e-09
0.00519124
-3.86103e-09
0.00519124
-6.06199e-09
0.00519124
-8.45284e-09
0.00519123
-1.25149e-08
0.00519123
-1.79746e-08
0.00519123
-2.62633e-08
0.00519123
-3.70816e-08
0.00519122
-5.29517e-08
0.00519122
-7.45945e-08
0.00519121
-1.04893e-07
0.00519119
-1.46484e-07
0.00519117
-2.01253e-07
0.00519114
-2.78919e-07
0.00519109
-3.70457e-07
0.00519098
-5.45862e-07
0.00519078
-8.58531e-07
0.00519026
-2.61306e-06
0.00518913
-8.24639e-06
0.00518513
-3.02174e-05
-6.15774e-05
0.00522258
-0.00208292
0.00520653
-0.000631438
0.0051918
-0.000121587
0.00519202
-9.97597e-06
0.00519235
9.27132e-06
0.00519209
-5.29437e-06
0.00519121
-7.027e-06
0.00519021
-8.92625e-06
0.00518931
-7.46231e-06
0.00518853
-6.51257e-06
0.00518787
-5.29607e-06
0.00518733
-4.41452e-06
0.00518689
-3.63593e-06
0.00518651
-3.03324e-06
0.0051862
-2.53416e-06
0.00518594
-2.13802e-06
0.00518571
-1.81261e-06
0.00518551
-1.54665e-06
0.00518534
-1.32608e-06
0.0051852
-1.14299e-06
0.00518507
-9.86577e-07
0.00518495
-8.54112e-07
0.00518485
-7.40498e-07
0.00518476
-6.42608e-07
0.00518469
-5.57888e-07
0.00518462
-4.84833e-07
0.00518455
-4.19767e-07
0.0051845
-3.64678e-07
0.00518445
-3.15172e-07
0.00518441
-2.72912e-07
0.00518437
-2.34657e-07
0.00518434
-2.02815e-07
0.00518431
-1.7491e-07
0.00518428
-1.50692e-07
0.00518426
-1.29093e-07
0.00518424
-1.11846e-07
0.00518423
-9.54473e-08
0.00518421
-8.27449e-08
0.0051842
-7.02721e-08
0.00518419
-6.04208e-08
0.00518418
-5.097e-08
0.00518417
-4.3632e-08
0.00518416
-3.63625e-08
0.00518415
-3.12952e-08
0.00518415
-2.59067e-08
0.00518414
-2.27113e-08
0.00518414
-1.91753e-08
0.00518414
-1.72137e-08
0.00518413
-1.40334e-08
0.00518413
-1.26807e-08
0.00518413
-1.05609e-08
0.00518413
-9.67756e-09
0.00518412
-7.65918e-09
0.00518412
-7.38364e-09
0.00518412
-5.84423e-09
0.00518412
-5.81807e-09
0.00518412
-4.56276e-09
0.00518412
-4.65234e-09
0.00518412
-3.38649e-09
0.00518411
-3.28621e-09
0.00518411
-1.9593e-09
0.00518411
-1.99052e-09
0.00518411
-6.91238e-10
0.00518411
-5.71407e-10
0.00518411
6.02867e-10
0.00518411
5.38321e-10
0.00518411
1.63876e-09
0.00518411
9.61501e-10
0.00518411
1.21645e-09
0.00518411
5.50751e-10
0.00518411
8.6972e-10
0.00518411
-1.42844e-10
0.00518411
-1.61835e-10
0.00518411
-9.27456e-10
0.00518411
-7.66492e-10
0.00518411
-1.49339e-09
0.00518411
-1.06128e-09
0.00518411
-1.66935e-09
0.00518411
-1.7667e-09
0.00518411
-2.87484e-09
0.00518411
-3.3532e-09
0.00518411
-5.25905e-09
0.00518411
-7.34938e-09
0.00518411
-1.1e-08
0.0051841
-1.57457e-08
0.0051841
-2.30748e-08
0.0051841
-3.26015e-08
0.00518409
-4.65815e-08
0.00518408
-6.56279e-08
0.00518407
-9.21852e-08
0.00518405
-1.28397e-07
0.00518402
-1.75191e-07
0.00518398
-2.38808e-07
0.00518392
-3.08268e-07
0.00518381
-4.29064e-07
0.0051836
-6.48249e-07
0.00518303
-2.04281e-06
0.00518165
-6.86757e-06
0.0051766
-2.51726e-05
-5.09447e-05
0.00523327
-0.00231619
0.00519416
-0.000592325
0.00517349
-0.000100927
0.00517317
-9.64808e-06
0.00517378
8.65446e-06
0.00517326
-4.76819e-06
0.00517207
-5.84398e-06
0.00517071
-7.56052e-06
0.00516949
-6.25198e-06
0.00516845
-5.46895e-06
0.00516759
-4.43443e-06
0.00516687
-3.69774e-06
0.00516628
-3.04389e-06
0.00516579
-2.54202e-06
0.00516538
-2.12133e-06
0.00516503
-1.78891e-06
0.00516473
-1.51593e-06
0.00516447
-1.2921e-06
0.00516425
-1.10619e-06
0.00516406
-9.52258e-07
0.0051639
-8.20798e-07
0.00516375
-7.08848e-07
0.00516362
-6.13438e-07
0.00516351
-5.31208e-07
0.00516341
-4.59843e-07
0.00516333
-3.98801e-07
0.00516325
-3.44365e-07
0.00516319
-2.97949e-07
0.00516313
-2.5679e-07
0.00516308
-2.21812e-07
0.00516303
-1.89953e-07
0.00516299
-1.63408e-07
0.00516296
-1.40762e-07
0.00516293
-1.20835e-07
0.0051629
-1.02912e-07
0.00516288
-8.90224e-08
0.00516286
-7.57762e-08
0.00516284
-6.54988e-08
0.00516283
-5.55174e-08
0.00516281
-4.75328e-08
0.0051628
-3.99869e-08
0.00516279
-3.40855e-08
0.00516279
-2.8334e-08
0.00516278
-2.44033e-08
0.00516277
-2.00626e-08
0.00516277
-1.75244e-08
0.00516276
-1.48029e-08
0.00516276
-1.32855e-08
0.00516276
-1.07803e-08
0.00516275
-9.69685e-09
0.00516275
-8.04111e-09
0.00516275
-7.42998e-09
0.00516275
-5.78285e-09
0.00516274
-5.59168e-09
0.00516274
-4.4001e-09
0.00516274
-4.38193e-09
0.00516274
-3.39416e-09
0.00516274
-3.46951e-09
0.00516274
-2.45413e-09
0.00516274
-2.41344e-09
0.00516274
-1.33381e-09
0.00516274
-1.43894e-09
0.00516274
-4.24299e-10
0.00516274
-3.54914e-10
0.00516274
4.99805e-10
0.00516274
4.02563e-10
0.00516274
1.344e-09
0.00516274
7.50465e-10
0.00516274
8.70428e-10
0.00516274
3.15045e-10
0.00516274
6.37588e-10
0.00516274
-1.60755e-10
0.00516274
-1.717e-10
0.00516273
-7.6036e-10
0.00516273
-6.2297e-10
0.00516273
-1.22137e-09
0.00516273
-7.96307e-10
0.00516273
-1.30634e-09
0.00516273
-1.37446e-09
0.00516273
-2.27206e-09
0.00516273
-2.73949e-09
0.00516273
-4.27033e-09
0.00516273
-5.96569e-09
0.00516273
-9.09567e-09
0.00516272
-1.2947e-08
0.00516272
-1.90001e-08
0.00516271
-2.69441e-08
0.00516271
-3.8454e-08
0.00516269
-5.42379e-08
0.00516268
-7.61461e-08
0.00516266
-1.05815e-07
0.00516262
-1.43501e-07
0.00516258
-1.9237e-07
0.00516251
-2.40232e-07
0.00516239
-3.11327e-07
0.00516219
-4.41403e-07
0.0051616
-1.45885e-06
0.00516003
-5.30103e-06
0.00515415
-1.92888e-05
-3.78139e-05
0.00520988
-0.00252608
0.00513955
-0.000521996
0.00511247
-7.38458e-05
0.00511133
-8.51138e-06
0.00511242
7.57011e-06
0.00511159
-3.93673e-06
0.00511012
-4.38156e-06
0.00510839
-5.82561e-06
0.00510688
-4.74377e-06
0.00510557
-4.16646e-06
0.0051045
-3.36513e-06
0.00510362
-2.80917e-06
0.00510288
-2.31053e-06
0.00510227
-1.93001e-06
0.00510176
-1.61032e-06
0.00510133
-1.3575e-06
0.00510096
-1.14982e-06
0.00510065
-9.79156e-07
0.00510038
-8.36852e-07
0.00510015
-7.19214e-07
0.00509995
-6.19057e-07
0.00509977
-5.33279e-07
0.00509962
-4.60535e-07
0.00509948
-3.97877e-07
0.00509937
-3.43354e-07
0.00509927
-2.9703e-07
0.00509918
-2.55747e-07
0.0050991
-2.20228e-07
0.00509903
-1.89172e-07
0.00509897
-1.62973e-07
0.00509892
-1.39005e-07
0.00509888
-1.18839e-07
0.00509884
-1.02287e-07
0.00509881
-8.75575e-08
0.00509878
-7.4002e-08
0.00509875
-6.38099e-08
0.00509873
-5.41679e-08
0.00509871
-4.65333e-08
0.0050987
-3.93494e-08
0.00509868
-3.35428e-08
0.00509867
-2.8087e-08
0.00509866
-2.37395e-08
0.00509865
-1.96907e-08
0.00509864
-1.69813e-08
0.00509864
-1.38423e-08
0.00509863
-1.20149e-08
0.00509863
-1.02163e-08
0.00509862
-9.09819e-09
0.00509862
-7.32769e-09
0.00509862
-6.5776e-09
0.00509862
-5.42554e-09
0.00509861
-5.01318e-09
0.00509861
-3.84281e-09
0.00509861
-3.70815e-09
0.00509861
-2.91305e-09
0.00509861
-2.89291e-09
0.00509861
-2.26724e-09
0.0050986
-2.30467e-09
0.0050986
-1.58135e-09
0.0050986
-1.62072e-09
0.0050986
-8.90577e-10
0.0050986
-9.45735e-10
0.0050986
-2.26885e-10
0.0050986
-1.18409e-10
0.0050986
4.17792e-10
0.0050986
2.45283e-10
0.0050986
9.77898e-10
0.0050986
6.67078e-10
0.0050986
6.61584e-10
0.0050986
2.32795e-10
0.0050986
5.00001e-10
0.0050986
-6.58419e-11
0.0050986
-7.92934e-11
0.0050986
-4.09695e-10
0.0050986
-3.44126e-10
0.0050986
-8.70884e-10
0.0050986
-5.79538e-10
0.0050986
-9.57275e-10
0.0050986
-1.02856e-09
0.0050986
-1.63076e-09
0.0050986
-2.08464e-09
0.0050986
-3.24633e-09
0.00509859
-4.45619e-09
0.00509859
-6.85825e-09
0.00509859
-9.69647e-09
0.00509858
-1.41045e-08
0.00509858
-2.01465e-08
0.00509857
-2.8721e-08
0.00509855
-4.0536e-08
0.00509853
-5.69641e-08
0.00509851
-7.90456e-08
0.00509847
-1.06634e-07
0.00509842
-1.40687e-07
0.00509835
-1.69659e-07
0.00509824
-2.00556e-07
0.00509805
-2.56754e-07
0.00509748
-8.91344e-07
0.00509583
-3.64799e-06
0.00508957
-1.3025e-05
-2.27382e-05
0.00507199
-0.00259807
0.00495541
-0.000405418
0.00492273
-4.11659e-05
0.00492047
-6.25399e-06
0.00492231
5.73541e-06
0.00492116
-2.7895e-06
0.0049195
-2.71703e-06
0.00491744
-3.76283e-06
0.00491569
-2.99638e-06
0.00491417
-2.64812e-06
0.00491293
-2.12722e-06
0.0049119
-1.77921e-06
0.00491105
-1.46114e-06
0.00491035
-1.2216e-06
0.00490975
-1.01806e-06
0.00490926
-8.57994e-07
0.00490883
-7.26359e-07
0.00490847
-6.18097e-07
0.00490816
-5.27095e-07
0.0049079
-4.51838e-07
0.00490767
-3.88434e-07
0.00490747
-3.33861e-07
0.00490729
-2.876e-07
0.00490714
-2.47766e-07
0.00490702
-2.1298e-07
0.0049069
-1.83788e-07
0.00490681
-1.57825e-07
0.00490672
-1.35263e-07
0.00490665
-1.15648e-07
0.00490658
-9.93136e-08
0.00490653
-8.4429e-08
0.00490648
-7.16718e-08
0.00490644
-6.17082e-08
0.00490641
-5.27685e-08
0.00490638
-4.39764e-08
0.00490635
-3.7656e-08
0.00490633
-3.19341e-08
0.00490631
-2.72139e-08
0.00490629
-2.29153e-08
0.00490628
-1.94681e-08
0.00490627
-1.61049e-08
0.00490626
-1.34053e-08
0.00490625
-1.11698e-08
0.00490624
-9.75511e-09
0.00490623
-7.7517e-09
0.00490623
-6.60543e-09
0.00490623
-5.74662e-09
0.00490622
-5.07259e-09
0.00490622
-3.98379e-09
0.00490622
-3.56586e-09
0.00490621
-2.82363e-09
0.00490621
-2.60208e-09
0.00490621
-1.97672e-09
0.00490621
-1.95381e-09
0.00490621
-1.48512e-09
0.00490621
-1.43651e-09
0.0049062
-1.18729e-09
0.0049062
-1.31234e-09
0.0049062
-8.87658e-10
0.0049062
-9.50365e-10
0.0049062
-4.93146e-10
0.0049062
-4.74929e-10
0.0049062
-8.4476e-11
0.0049062
2.6599e-11
0.0049062
3.64961e-10
0.0049062
1.1735e-10
0.0049062
6.41165e-10
0.0049062
6.82121e-10
0.0049062
5.56419e-10
0.0049062
1.66779e-10
0.0049062
4.1161e-10
0.0049062
8.94963e-11
0.0049062
5.42692e-11
0.0049062
-5.51768e-11
0.0049062
-7.31123e-11
0.0049062
-6.32647e-10
0.0049062
-4.94893e-10
0.0049062
-6.468e-10
0.0049062
-7.08226e-10
0.0049062
-1.043e-09
0.0049062
-1.41565e-09
0.00490619
-2.25906e-09
0.00490619
-2.87949e-09
0.00490619
-4.28136e-09
0.00490619
-6.05774e-09
0.00490618
-8.66084e-09
0.00490617
-1.24655e-08
0.00490616
-1.78419e-08
0.00490615
-2.51196e-08
0.00490613
-3.53921e-08
0.0049061
-4.91846e-08
0.00490605
-6.60659e-08
0.004906
-8.58494e-08
0.00490593
-9.99126e-08
0.00490583
-1.04805e-07
0.00490569
-1.1138e-07
0.00490521
-4.17249e-07
0.0049036
-2.02812e-06
0.00489775
-7.18216e-06
-7.90947e-06
0.00456761
-0.00216568
0.00437532
-0.000213132
0.00434651
-1.23558e-05
0.00434275
-2.49532e-06
0.00434577
2.72105e-06
0.00434424
-1.26698e-06
0.00434262
-1.09679e-06
0.00434042
-1.56593e-06
0.00433864
-1.21648e-06
0.00433708
-1.08002e-06
0.00433581
-8.62233e-07
0.00433475
-7.2254e-07
0.00433388
-5.91928e-07
0.00433316
-4.94786e-07
0.00433255
-4.12465e-07
0.00433204
-3.47556e-07
0.00433161
-2.93862e-07
0.00433124
-2.49936e-07
0.00433092
-2.12789e-07
0.00433065
-1.82002e-07
0.00433042
-1.56495e-07
0.00433022
-1.34373e-07
0.00433005
-1.15049e-07
0.0043299
-9.8656e-08
0.00432977
-8.44941e-08
0.00432966
-7.30758e-08
0.00432956
-6.24874e-08
0.00432948
-5.29041e-08
0.00432941
-4.4664e-08
0.00432935
-3.85118e-08
0.0043293
-3.28651e-08
0.00432925
-2.76586e-08
0.00432921
-2.35933e-08
0.00432918
-2.01353e-08
0.00432915
-1.62601e-08
0.00432913
-1.40367e-08
0.00432911
-1.21484e-08
0.00432909
-1.03002e-08
0.00432908
-8.36242e-09
0.00432907
-7.16123e-09
0.00432906
-5.76973e-09
0.00432905
-4.73126e-09
0.00432904
-4.00313e-09
0.00432903
-3.83107e-09
0.00432903
-2.69828e-09
0.00432902
-2.17026e-09
0.00432902
-2.14552e-09
0.00432902
-2.0979e-09
0.00432901
-1.44909e-09
0.00432901
-1.31224e-09
0.00432901
-8.44116e-10
0.00432901
-9.7099e-10
0.00432901
-8.45188e-10
0.00432901
-9.42705e-10
0.004329
-4.62491e-10
0.004329
-2.78208e-10
0.004329
-2.8605e-10
0.004329
-7.56742e-10
0.004329
-4.43706e-10
0.004329
-2.33197e-10
0.004329
2.50244e-10
0.004329
-1.18394e-11
0.004329
-3.11115e-10
0.004329
-3.78756e-10
0.004329
3.01919e-10
0.004329
2.4087e-10
0.004329
3.67783e-10
0.004329
2.01305e-10
0.004329
-7.87021e-11
0.004329
-2.81021e-10
0.004329
3.35759e-10
0.004329
2.5974e-10
0.004329
-5.47126e-11
0.004329
-3.07404e-10
0.004329
-1.00541e-10
0.004329
-3.23257e-10
0.004329
-7.5618e-11
0.004329
-3.17344e-11
0.004329
-2.39762e-10
0.004329
-5.43393e-10
0.00432899
-5.05128e-10
0.00432899
-9.16411e-10
0.00432899
-1.09332e-09
0.00432899
-1.55262e-09
0.00432899
-2.43607e-09
0.00432898
-3.55575e-09
0.00432897
-4.94009e-09
0.00432896
-7.18091e-09
0.00432895
-1.00359e-08
0.00432893
-1.41241e-08
0.0043289
-1.96812e-08
0.00432886
-2.63182e-08
0.0043288
-3.35148e-08
0.00432874
-3.75244e-08
0.00432867
-3.36536e-08
0.00432858
-2.28252e-08
0.00432827
-1.0153e-07
0.00432693
-6.95973e-07
0.00432235
-2.60258e-06
1.19035e-06
0.00283432
0.00262119
0.00260884
0.00260634
0.00260906
0.0026078
0.0026067
0.00260513
0.00260392
0.00260284
0.00260198
0.00260125
0.00260066
0.00260017
0.00259975
0.00259941
0.00259911
0.00259886
0.00259865
0.00259847
0.00259831
0.00259818
0.00259806
0.00259797
0.00259788
0.00259781
0.00259775
0.00259769
0.00259765
0.00259761
0.00259758
0.00259755
0.00259753
0.00259751
0.00259749
0.00259747
0.00259746
0.00259745
0.00259744
0.00259744
0.00259743
0.00259743
0.00259742
0.00259742
0.00259741
0.00259741
0.00259741
0.00259741
0.00259741
0.00259741
0.00259741
0.0025974
0.0025974
0.0025974
0.0025974
0.0025974
0.0025974
0.0025974
0.0025974
0.0025974
0.0025974
0.0025974
0.0025974
0.0025974
0.0025974
0.0025974
0.0025974
0.0025974
0.0025974
0.0025974
0.0025974
0.0025974
0.0025974
0.0025974
0.0025974
0.0025974
0.0025974
0.0025974
0.0025974
0.0025974
0.0025974
0.0025974
0.00259739
0.00259739
0.00259739
0.00259739
0.00259738
0.00259737
0.00259736
0.00259735
0.00259733
0.0025973
0.00259727
0.00259723
0.0025972
0.00259718
0.00259708
0.00259638
0.00259378
)
;

boundaryField
{
    inlet
    {
        type            calculated;
        value           nonuniform List<scalar> 
40
(
-0.005
-0.005
-0.005
-0.005
-0.005
-0.005
-0.005
-0.005
-0.005
-0.005
-0.005
-0.005
-0.005
-0.005
-0.005
-0.005
-0.005
-0.005
-0.005
-0.005
-0.005
-0.005
-0.005
-0.005
-0.005
-0.005
-0.005
-0.005
-0.005
-0.005
-0.005
-0.005
-0.005
-0.005
-0.005
-0.005
-0.005
-0.005
-0.005
-0.005
)
;
    }
    outlet
    {
        type            calculated;
        value           nonuniform List<scalar> 
40
(
0.00259497
0.00431325
0.00488292
0.00507449
0.00514102
0.00516596
0.00517709
0.00518361
0.00518853
0.00519281
0.00519671
0.00520029
0.00520356
0.00520648
0.00520903
0.0052112
0.00521294
0.00521427
0.00521516
0.0052156
0.0052156
0.00521516
0.00521427
0.00521295
0.0052112
0.00520904
0.00520649
0.00520356
0.0052003
0.00519671
0.00519281
0.00518854
0.00518361
0.00517709
0.00516597
0.00514102
0.00507449
0.00488292
0.00431325
0.00259497
)
;
    }
    lowerWall
    {
        type            calculated;
        value           uniform 0;
    }
    upperWall
    {
        type            calculated;
        value           uniform 0;
    }
    frontAndBack
    {
        type            empty;
        value           nonuniform 0();
    }
}


// ************************************************************************* //
