/*--------------------------------*- C++ -*----------------------------------*\
  =========                 |
  \\      /  F ield         | OpenFOAM: The Open Source CFD Toolbox
   \\    /   O peration     | Website:  https://openfoam.org
    \\  /    A nd           | Version:  7
     \\/     M anipulation  |
\*---------------------------------------------------------------------------*/
FoamFile
{
    version     2.0;
    format      ascii;
    class       surfaceScalarField;
    location    "3";
    object      phiB;
}
// * * * * * * * * * * * * * * * * * * * * * * * * * * * * * * * * * * * * * //

dimensions      [1 2 -2 0 0 -1 0];

internalField   nonuniform List<scalar> 
7860
(
0.00178912
0.399578
0.00211632
0.399673
0.00231775
0.399799
0.00246261
0.399855
0.0025512
0.399911
0.00259837
0.399953
0.00261868
0.39998
0.00262223
0.399996
0.00261605
0.400006
0.00260452
0.400012
0.0025905
0.400014
0.00257577
0.400015
0.00256141
0.400014
0.00254802
0.400013
0.00253591
0.400012
0.0025252
0.400011
0.00251587
0.400009
0.00250785
0.400008
0.00250103
0.400007
0.00249526
0.400006
0.00249042
0.400005
0.00248637
0.400004
0.00248301
0.400003
0.00248023
0.400003
0.00247793
0.400002
0.00247604
0.400002
0.00247448
0.400002
0.0024732
0.400001
0.00247216
0.400001
0.0024713
0.400001
0.0024706
0.400001
0.00247003
0.400001
0.00246957
0.4
0.00246919
0.4
0.00246888
0.4
0.00246863
0.4
0.00246842
0.4
0.00246826
0.4
0.00246812
0.4
0.00246801
0.4
0.00246792
0.4
0.00246785
0.4
0.00246779
0.4
0.00246774
0.4
0.0024677
0.4
0.00246767
0.4
0.00246764
0.4
0.00246762
0.4
0.00246761
0.4
0.00246759
0.4
0.00246758
0.4
0.00246757
0.4
0.00246756
0.4
0.00246756
0.4
0.00246755
0.4
0.00246755
0.4
0.00246755
0.4
0.00246754
0.4
0.00246754
0.4
0.00246754
0.4
0.00246754
0.4
0.00246754
0.4
0.00246754
0.4
0.00246753
0.4
0.00246753
0.4
0.00246753
0.4
0.00246753
0.4
0.00246753
0.4
0.00246753
0.4
0.00246753
0.4
0.00246753
0.4
0.00246752
0.4
0.00246752
0.4
0.00246752
0.4
0.00246751
0.4
0.00246751
0.4
0.0024675
0.4
0.00246748
0.4
0.00246747
0.4
0.00246745
0.4
0.00246742
0.4
0.00246739
0.4
0.00246734
0.4
0.00246729
0.4
0.00246722
0.4
0.00246713
0.4
0.00246703
0.4
0.0024669
0.4
0.00246676
0.4
0.00246661
0.4
0.00246646
0.4
0.00246636
0.4
0.00246635
0.4
0.00246653
0.4
0.00246705
0.399999
0.00246804
0.399999
0.00246932
0.399999
0.0024699
0.399999
0.00246582
0.400004
0.400015
0.00288554
0.398797
0.00338327
0.399175
0.00369517
0.399487
0.00390439
0.399646
0.0040315
0.399784
0.00410086
0.399883
0.00413234
0.399948
0.00414017
0.399989
0.00413401
0.400012
0.00412004
0.400025
0.00410229
0.400032
0.00408327
0.400034
0.0040645
0.400033
0.00404689
0.400031
0.00403089
0.400028
0.00401667
0.400025
0.00400426
0.400022
0.00399357
0.400019
0.00398444
0.400016
0.00397672
0.400013
0.00397023
0.400011
0.00396481
0.400009
0.00396029
0.400008
0.00395654
0.400007
0.00395345
0.400005
0.0039509
0.400004
0.0039488
0.400004
0.00394708
0.400003
0.00394566
0.400002
0.00394451
0.400002
0.00394356
0.400002
0.00394279
0.400001
0.00394216
0.400001
0.00394165
0.400001
0.00394123
0.400001
0.00394089
0.400001
0.00394061
0.4
0.00394038
0.4
0.0039402
0.4
0.00394005
0.4
0.00393992
0.4
0.00393983
0.4
0.00393974
0.4
0.00393968
0.4
0.00393963
0.4
0.00393958
0.4
0.00393955
0.4
0.00393952
0.4
0.00393949
0.4
0.00393948
0.4
0.00393946
0.4
0.00393945
0.4
0.00393944
0.4
0.00393943
0.4
0.00393942
0.4
0.00393942
0.4
0.00393941
0.4
0.00393941
0.4
0.00393941
0.4
0.0039394
0.4
0.0039394
0.4
0.0039394
0.4
0.0039394
0.4
0.0039394
0.4
0.0039394
0.4
0.00393939
0.4
0.00393939
0.4
0.00393939
0.4
0.00393939
0.4
0.00393939
0.4
0.00393939
0.4
0.00393938
0.4
0.00393938
0.4
0.00393937
0.4
0.00393937
0.4
0.00393936
0.4
0.00393934
0.4
0.00393933
0.4
0.00393931
0.4
0.00393928
0.4
0.00393924
0.4
0.0039392
0.4
0.00393914
0.4
0.00393907
0.4
0.00393897
0.4
0.00393886
0.4
0.00393872
0.4
0.00393856
0.4
0.00393838
0.4
0.00393819
0.4
0.00393803
0.4
0.00393794
0.4
0.00393801
0.4
0.00393838
0.399999
0.00393924
0.399999
0.00394083
0.399997
0.00394294
0.399997
0.00394431
0.399998
0.00393946
0.400009
0.400031
0.00310098
0.397909
0.00363067
0.398645
0.00397031
0.399147
0.00418942
0.399427
0.00432153
0.399652
0.00439529
0.39981
0.00443049
0.399913
0.00444162
0.399977
0.00443823
0.400016
0.0044266
0.400037
0.0044108
0.400048
0.00439339
0.400051
0.00437598
0.400051
0.00435948
0.400048
0.00434439
0.400043
0.00433092
0.400038
0.00431913
0.400034
0.00430893
0.400029
0.00430021
0.400025
0.00429282
0.400021
0.0042866
0.400018
0.00428139
0.400015
0.00427704
0.400012
0.00427344
0.40001
0.00427046
0.400008
0.004268
0.400007
0.00426597
0.400006
0.0042643
0.400005
0.00426294
0.400004
0.00426182
0.400003
0.0042609
0.400003
0.00426016
0.400002
0.00425954
0.400002
0.00425905
0.400001
0.00425864
0.400001
0.00425831
0.400001
0.00425804
0.400001
0.00425782
0.400001
0.00425764
0.4
0.00425749
0.4
0.00425737
0.4
0.00425728
0.4
0.0042572
0.4
0.00425713
0.4
0.00425708
0.4
0.00425704
0.4
0.004257
0.4
0.00425698
0.4
0.00425695
0.4
0.00425693
0.4
0.00425692
0.4
0.00425691
0.4
0.0042569
0.4
0.00425689
0.4
0.00425688
0.4
0.00425688
0.4
0.00425687
0.4
0.00425687
0.4
0.00425687
0.4
0.00425686
0.4
0.00425686
0.4
0.00425686
0.4
0.00425686
0.4
0.00425686
0.4
0.00425686
0.4
0.00425685
0.4
0.00425685
0.4
0.00425685
0.4
0.00425685
0.4
0.00425685
0.4
0.00425685
0.4
0.00425684
0.4
0.00425684
0.4
0.00425683
0.4
0.00425683
0.4
0.00425682
0.4
0.00425681
0.4
0.00425679
0.4
0.00425677
0.4
0.00425674
0.4
0.00425671
0.4
0.00425666
0.4
0.00425661
0.4
0.00425654
0.4
0.00425645
0.4
0.00425634
0.4
0.00425621
0.4
0.00425606
0.4
0.0042559
0.4
0.00425575
0.4
0.00425563
0.4
0.00425561
0.4
0.00425577
0.4
0.00425628
0.399999
0.00425735
0.399998
0.00425924
0.399996
0.00426191
0.399994
0.00426447
0.399995
0.00426275
0.400011
0.40004
0.0029648
0.397012
0.0035115
0.398099
0.00386748
0.398791
0.00409256
0.399202
0.00422824
0.399516
0.00430534
0.399733
0.00434372
0.399875
0.00435783
0.399963
0.00435705
0.400017
0.00434769
0.400046
0.00433383
0.400061
0.00431808
0.400067
0.00430205
0.400067
0.00428672
0.400063
0.0042726
0.400057
0.00425995
0.400051
0.00424882
0.400045
0.00423917
0.400039
0.0042309
0.400033
0.00422388
0.400028
0.00421796
0.400023
0.00421299
0.40002
0.00420885
0.400016
0.00420541
0.400014
0.00420256
0.400011
0.0042002
0.400009
0.00419826
0.400008
0.00419667
0.400006
0.00419536
0.400005
0.00419429
0.400004
0.00419341
0.400003
0.00419269
0.400003
0.00419211
0.400002
0.00419163
0.400002
0.00419123
0.400002
0.00419092
0.400001
0.00419066
0.400001
0.00419044
0.400001
0.00419027
0.400001
0.00419013
0.400001
0.00419002
0.4
0.00418992
0.4
0.00418985
0.4
0.00418978
0.4
0.00418973
0.4
0.00418969
0.4
0.00418966
0.4
0.00418963
0.4
0.00418961
0.4
0.00418959
0.4
0.00418958
0.4
0.00418957
0.4
0.00418956
0.4
0.00418955
0.4
0.00418954
0.4
0.00418954
0.4
0.00418953
0.4
0.00418953
0.4
0.00418953
0.4
0.00418952
0.4
0.00418952
0.4
0.00418952
0.4
0.00418952
0.4
0.00418952
0.4
0.00418952
0.4
0.00418951
0.4
0.00418951
0.4
0.00418951
0.4
0.00418951
0.4
0.00418951
0.4
0.00418951
0.4
0.0041895
0.4
0.0041895
0.4
0.00418949
0.4
0.00418949
0.4
0.00418948
0.4
0.00418947
0.4
0.00418945
0.4
0.00418943
0.4
0.00418941
0.4
0.00418937
0.4
0.00418933
0.4
0.00418928
0.4
0.00418921
0.4
0.00418913
0.4
0.00418902
0.4
0.00418891
0.4
0.00418877
0.400001
0.00418864
0.400001
0.00418851
0.400001
0.00418844
0.400001
0.00418848
0.4
0.00418873
0.4
0.00418938
0.399998
0.00419065
0.399996
0.00419285
0.399993
0.00419617
0.399991
0.00420027
0.399991
0.00420302
0.400008
0.400041
0.00273067
0.396161
0.00328177
0.397548
0.00364442
0.398428
0.00387189
0.398974
0.00400947
0.399379
0.00408878
0.399653
0.00412964
0.399834
0.00414623
0.399947
0.00414777
0.400015
0.00414051
0.400054
0.00412848
0.400073
0.00411432
0.400081
0.00409965
0.400081
0.00408548
0.400077
0.00407234
0.40007
0.00406051
0.400063
0.00405006
0.400055
0.00404098
0.400048
0.00403318
0.400041
0.00402655
0.400035
0.00402094
0.400029
0.00401624
0.400024
0.00401231
0.40002
0.00400904
0.400017
0.00400634
0.400014
0.0040041
0.400011
0.00400225
0.400009
0.00400074
0.400008
0.00399949
0.400006
0.00399847
0.400005
0.00399763
0.400004
0.00399695
0.400003
0.00399639
0.400003
0.00399593
0.400002
0.00399555
0.400002
0.00399525
0.400002
0.003995
0.400001
0.0039948
0.400001
0.00399463
0.400001
0.0039945
0.400001
0.00399439
0.400001
0.0039943
0.4
0.00399423
0.4
0.00399417
0.4
0.00399412
0.4
0.00399408
0.4
0.00399405
0.4
0.00399402
0.4
0.003994
0.4
0.00399398
0.4
0.00399397
0.4
0.00399396
0.4
0.00399395
0.4
0.00399394
0.4
0.00399393
0.4
0.00399393
0.4
0.00399392
0.4
0.00399392
0.4
0.00399392
0.4
0.00399392
0.4
0.00399391
0.4
0.00399391
0.4
0.00399391
0.4
0.00399391
0.4
0.00399391
0.4
0.00399391
0.4
0.00399391
0.4
0.00399391
0.4
0.0039939
0.4
0.0039939
0.4
0.0039939
0.4
0.0039939
0.4
0.00399389
0.4
0.00399389
0.4
0.00399388
0.4
0.00399387
0.4
0.00399386
0.4
0.00399385
0.4
0.00399383
0.4
0.0039938
0.4
0.00399377
0.4
0.00399373
0.4
0.00399368
0.4
0.00399362
0.4
0.00399354
0.4
0.00399345
0.400001
0.00399334
0.400001
0.00399322
0.400001
0.0039931
0.400001
0.00399301
0.400001
0.00399297
0.400001
0.00399307
0.4
0.00399341
0.399999
0.00399417
0.399998
0.00399563
0.399995
0.00399815
0.399991
0.00400212
0.399987
0.00400786
0.399986
0.00401514
0.400001
0.400033
0.00248145
0.39538
0.003025
0.397004
0.00338686
0.398067
0.00361343
0.398748
0.00375118
0.399241
0.00383154
0.399573
0.00387411
0.399791
0.00389267
0.399928
0.00389618
0.400011
0.00389077
0.400059
0.00388043
0.400084
0.00386777
0.400094
0.00385443
0.400095
0.00384138
0.40009
0.00382921
0.400083
0.0038182
0.400074
0.00380844
0.400065
0.00379994
0.400056
0.00379262
0.400048
0.00378638
0.400041
0.00378111
0.400034
0.00377667
0.400029
0.00377297
0.400024
0.00376988
0.40002
0.00376732
0.400016
0.00376521
0.400014
0.00376346
0.400011
0.00376203
0.400009
0.00376084
0.400008
0.00375988
0.400006
0.00375908
0.400005
0.00375843
0.400004
0.0037579
0.400003
0.00375747
0.400003
0.00375711
0.400002
0.00375682
0.400002
0.00375659
0.400001
0.00375639
0.400001
0.00375624
0.400001
0.00375611
0.400001
0.003756
0.400001
0.00375592
0.400001
0.00375585
0.4
0.00375579
0.4
0.00375575
0.4
0.00375571
0.4
0.00375568
0.4
0.00375565
0.4
0.00375563
0.4
0.00375562
0.4
0.0037556
0.4
0.00375559
0.4
0.00375558
0.4
0.00375558
0.4
0.00375557
0.4
0.00375557
0.4
0.00375556
0.4
0.00375556
0.4
0.00375556
0.4
0.00375555
0.4
0.00375555
0.4
0.00375555
0.4
0.00375555
0.4
0.00375555
0.4
0.00375555
0.4
0.00375555
0.4
0.00375554
0.4
0.00375554
0.4
0.00375554
0.4
0.00375554
0.4
0.00375554
0.4
0.00375553
0.4
0.00375553
0.4
0.00375553
0.4
0.00375552
0.4
0.00375551
0.4
0.0037555
0.4
0.00375549
0.4
0.00375547
0.4
0.00375545
0.4
0.00375542
0.4
0.00375538
0.4
0.00375533
0.4
0.00375527
0.4
0.0037552
0.4
0.00375511
0.400001
0.00375501
0.400001
0.00375491
0.400001
0.00375481
0.400001
0.00375474
0.400001
0.00375475
0.400001
0.0037549
0.4
0.00375531
0.399999
0.00375618
0.399997
0.0037578
0.399993
0.0037606
0.399988
0.00376521
0.399982
0.00377249
0.399978
0.00378378
0.399989
0.400017
0.00224236
0.394677
0.00276808
0.396478
0.0031231
0.397712
0.0033458
0.398525
0.00348199
0.399105
0.00356225
0.399493
0.00360575
0.399748
0.00362573
0.399908
0.00363085
0.400006
0.00362706
0.400063
0.00361826
0.400093
0.00360701
0.400105
0.00359492
0.400107
0.00358298
0.400102
0.00357176
0.400094
0.00356155
0.400084
0.00355249
0.400074
0.00354457
0.400064
0.00353773
0.400055
0.0035319
0.400047
0.00352696
0.400039
0.00352281
0.400033
0.00351933
0.400027
0.00351643
0.400023
0.00351403
0.400019
0.00351204
0.400016
0.0035104
0.400013
0.00350904
0.400011
0.00350793
0.400009
0.00350702
0.400007
0.00350627
0.400006
0.00350566
0.400005
0.00350516
0.400004
0.00350475
0.400003
0.00350441
0.400003
0.00350414
0.400002
0.00350392
0.400002
0.00350374
0.400001
0.00350359
0.400001
0.00350347
0.400001
0.00350337
0.400001
0.00350329
0.400001
0.00350322
0.400001
0.00350317
0.4
0.00350312
0.4
0.00350309
0.4
0.00350306
0.4
0.00350303
0.4
0.00350302
0.4
0.003503
0.4
0.00350299
0.4
0.00350298
0.4
0.00350297
0.4
0.00350296
0.4
0.00350295
0.4
0.00350295
0.4
0.00350295
0.4
0.00350294
0.4
0.00350294
0.4
0.00350294
0.4
0.00350294
0.4
0.00350294
0.4
0.00350293
0.4
0.00350293
0.4
0.00350293
0.4
0.00350293
0.4
0.00350293
0.4
0.00350293
0.4
0.00350293
0.4
0.00350293
0.4
0.00350292
0.4
0.00350292
0.4
0.00350292
0.4
0.00350291
0.4
0.00350291
0.4
0.0035029
0.4
0.00350289
0.4
0.00350288
0.4
0.00350286
0.4
0.00350284
0.4
0.00350281
0.4
0.00350277
0.4
0.00350273
0.4
0.00350267
0.4
0.0035026
0.400001
0.00350253
0.400001
0.00350244
0.400001
0.00350235
0.400001
0.00350227
0.400001
0.00350222
0.400001
0.00350226
0.4
0.00350245
0.4
0.00350292
0.399998
0.00350388
0.399996
0.00350563
0.399991
0.00350868
0.399985
0.00351385
0.399977
0.00352247
0.39997
0.00353708
0.399975
0.399996
0.00201936
0.39405
0.00251908
0.395979
0.00286228
0.397368
0.00307843
0.398309
0.00321138
0.398972
0.00329042
0.399414
0.00333407
0.399704
0.00335494
0.399887
0.00336132
0.4
0.00335891
0.400065
0.0033515
0.4001
0.00334155
0.400115
0.00333065
0.400118
0.00331977
0.400113
0.00330949
0.400104
0.00330009
0.400093
0.00329171
0.400082
0.00328438
0.400071
0.00327803
0.400061
0.00327261
0.400052
0.00326802
0.400044
0.00326414
0.400037
0.0032609
0.400031
0.0032582
0.400026
0.00325595
0.400021
0.00325409
0.400017
0.00325256
0.400014
0.00325129
0.400012
0.00325025
0.40001
0.0032494
0.400008
0.0032487
0.400007
0.00324813
0.400005
0.00324766
0.400004
0.00324727
0.400004
0.00324696
0.400003
0.0032467
0.400002
0.00324649
0.400002
0.00324632
0.400002
0.00324618
0.400001
0.00324607
0.400001
0.00324598
0.400001
0.0032459
0.400001
0.00324584
0.400001
0.00324579
0.4
0.00324575
0.4
0.00324571
0.4
0.00324569
0.4
0.00324566
0.4
0.00324565
0.4
0.00324563
0.4
0.00324562
0.4
0.00324561
0.4
0.0032456
0.4
0.00324559
0.4
0.00324559
0.4
0.00324558
0.4
0.00324558
0.4
0.00324558
0.4
0.00324558
0.4
0.00324557
0.4
0.00324557
0.4
0.00324557
0.4
0.00324557
0.4
0.00324557
0.4
0.00324557
0.4
0.00324557
0.4
0.00324556
0.4
0.00324556
0.4
0.00324556
0.4
0.00324556
0.4
0.00324556
0.4
0.00324556
0.4
0.00324555
0.4
0.00324555
0.4
0.00324554
0.4
0.00324554
0.4
0.00324553
0.4
0.00324551
0.4
0.0032455
0.4
0.00324548
0.4
0.00324545
0.4
0.00324542
0.4
0.00324537
0.4
0.00324532
0.400001
0.00324526
0.400001
0.00324519
0.400001
0.00324511
0.400001
0.00324503
0.400001
0.00324497
0.400001
0.00324495
0.400001
0.00324501
0.4
0.00324523
0.4
0.00324575
0.399998
0.00324678
0.399995
0.00324863
0.39999
0.00325188
0.399982
0.0032575
0.399971
0.00326719
0.39996
0.00328437
0.399958
0.39997
0.00181228
0.393497
0.0022799
0.395511
0.00260707
0.397041
0.00281426
0.398102
0.00294239
0.398844
0.00301914
0.399337
0.00306221
0.399661
0.00308346
0.399866
0.00309075
0.399993
0.00308949
0.400067
0.00308331
0.400106
0.00307457
0.400124
0.0030648
0.400127
0.00305496
0.400123
0.00304558
0.400114
0.00303698
0.400102
0.00302929
0.40009
0.00302254
0.400078
0.00301669
0.400067
0.00301169
0.400057
0.00300744
0.400048
0.00300386
0.40004
0.00300086
0.400034
0.00299835
0.400028
0.00299627
0.400023
0.00299455
0.400019
0.00299312
0.400016
0.00299195
0.400013
0.00299098
0.400011
0.00299019
0.400009
0.00298954
0.400007
0.002989
0.400006
0.00298857
0.400005
0.00298821
0.400004
0.00298792
0.400003
0.00298768
0.400003
0.00298748
0.400002
0.00298732
0.400002
0.00298719
0.400001
0.00298709
0.400001
0.002987
0.400001
0.00298693
0.400001
0.00298687
0.400001
0.00298683
0.400001
0.00298679
0.4
0.00298676
0.4
0.00298673
0.4
0.00298671
0.4
0.00298669
0.4
0.00298668
0.4
0.00298667
0.4
0.00298666
0.4
0.00298665
0.4
0.00298664
0.4
0.00298664
0.4
0.00298663
0.4
0.00298663
0.4
0.00298663
0.4
0.00298663
0.4
0.00298662
0.4
0.00298662
0.4
0.00298662
0.4
0.00298662
0.4
0.00298662
0.4
0.00298662
0.4
0.00298662
0.4
0.00298662
0.4
0.00298662
0.4
0.00298661
0.4
0.00298661
0.4
0.00298661
0.4
0.00298661
0.4
0.00298661
0.4
0.0029866
0.4
0.0029866
0.4
0.00298659
0.4
0.00298658
0.4
0.00298657
0.4
0.00298655
0.4
0.00298653
0.4
0.00298651
0.4
0.00298648
0.4
0.00298644
0.4
0.00298639
0.400001
0.00298634
0.400001
0.00298627
0.400001
0.0029862
0.400001
0.00298614
0.400001
0.00298609
0.400001
0.00298608
0.400001
0.00298616
0.4
0.00298642
0.399999
0.00298697
0.399997
0.00298803
0.399994
0.00298996
0.399988
0.00299333
0.399978
0.00299927
0.399965
0.00300974
0.39995
0.00302873
0.399939
0.399941
0.00161916
0.39301
0.00205041
0.39508
0.00235802
0.396734
0.00255407
0.397906
0.00267593
0.398722
0.0027494
0.399263
0.00279118
0.399619
0.00281232
0.399845
0.00282018
0.399985
0.00281986
0.400067
0.00281475
0.400111
0.00280713
0.400131
0.00279844
0.400136
0.00278958
0.400132
0.0027811
0.400122
0.00277329
0.40011
0.00276628
0.400097
0.00276012
0.400084
0.00275477
0.400072
0.00275019
0.400062
0.00274629
0.400052
0.00274301
0.400044
0.00274025
0.400036
0.00273795
0.40003
0.00273603
0.400025
0.00273445
0.400021
0.00273314
0.400017
0.00273206
0.400014
0.00273117
0.400012
0.00273044
0.400009
0.00272984
0.400008
0.00272934
0.400006
0.00272894
0.400005
0.00272861
0.400004
0.00272834
0.400003
0.00272812
0.400003
0.00272794
0.400002
0.00272779
0.400002
0.00272767
0.400002
0.00272758
0.400001
0.0027275
0.400001
0.00272743
0.400001
0.00272738
0.400001
0.00272733
0.400001
0.0027273
0.4
0.00272727
0.4
0.00272725
0.4
0.00272723
0.4
0.00272721
0.4
0.0027272
0.4
0.00272719
0.4
0.00272718
0.4
0.00272717
0.4
0.00272717
0.4
0.00272716
0.4
0.00272716
0.4
0.00272715
0.4
0.00272715
0.4
0.00272715
0.4
0.00272715
0.4
0.00272715
0.4
0.00272714
0.4
0.00272714
0.4
0.00272714
0.4
0.00272714
0.4
0.00272714
0.4
0.00272714
0.4
0.00272714
0.4
0.00272714
0.4
0.00272714
0.4
0.00272713
0.4
0.00272713
0.4
0.00272713
0.4
0.00272713
0.4
0.00272712
0.4
0.00272712
0.4
0.00272711
0.4
0.0027271
0.4
0.00272708
0.4
0.00272706
0.4
0.00272704
0.4
0.00272701
0.4
0.00272698
0.4
0.00272693
0.400001
0.00272688
0.400001
0.00272683
0.400001
0.00272676
0.400001
0.00272671
0.400001
0.00272667
0.400001
0.00272668
0.400001
0.00272678
0.4
0.00272705
0.399999
0.00272762
0.399997
0.0027287
0.399993
0.00273065
0.399986
0.00273408
0.399975
0.0027402
0.399959
0.00275113
0.399939
0.0027712
0.399918
0.39991
0.00143774
0.392585
0.00182984
0.394688
0.00211492
0.396448
0.00229789
0.397723
0.00241214
0.398608
0.00248141
0.399194
0.00252126
0.399579
0.00254183
0.399824
0.00254995
0.399977
0.00255034
0.400067
0.00254618
0.400115
0.00253959
0.400138
0.00253191
0.400144
0.00252402
0.400139
0.00251641
0.40013
0.00250938
0.400117
0.00250305
0.400103
0.00249747
0.40009
0.00249263
0.400077
0.00248847
0.400066
0.00248493
0.400056
0.00248195
0.400047
0.00247944
0.400039
0.00247734
0.400032
0.0024756
0.400027
0.00247416
0.400022
0.00247296
0.400018
0.00247198
0.400015
0.00247117
0.400012
0.0024705
0.40001
0.00246995
0.400008
0.0024695
0.400007
0.00246913
0.400006
0.00246883
0.400005
0.00246859
0.400004
0.00246839
0.400003
0.00246822
0.400002
0.00246809
0.400002
0.00246798
0.400002
0.00246789
0.400001
0.00246781
0.400001
0.00246776
0.400001
0.00246771
0.400001
0.00246767
0.400001
0.00246763
0.4
0.00246761
0.4
0.00246759
0.4
0.00246757
0.4
0.00246755
0.4
0.00246754
0.4
0.00246753
0.4
0.00246752
0.4
0.00246752
0.4
0.00246751
0.4
0.00246751
0.4
0.0024675
0.4
0.0024675
0.4
0.0024675
0.4
0.0024675
0.4
0.00246749
0.4
0.00246749
0.4
0.00246749
0.4
0.00246749
0.4
0.00246749
0.4
0.00246749
0.4
0.00246749
0.4
0.00246749
0.4
0.00246749
0.4
0.00246749
0.4
0.00246748
0.4
0.00246748
0.4
0.00246748
0.4
0.00246748
0.4
0.00246748
0.4
0.00246747
0.4
0.00246746
0.4
0.00246746
0.4
0.00246745
0.4
0.00246743
0.4
0.00246742
0.4
0.0024674
0.4
0.00246737
0.4
0.00246734
0.400001
0.0024673
0.400001
0.00246725
0.400001
0.0024672
0.400001
0.00246715
0.400001
0.0024671
0.400001
0.00246708
0.400001
0.00246709
0.400001
0.0024672
0.4
0.00246748
0.399999
0.00246806
0.399996
0.00246913
0.399991
0.00247107
0.399984
0.00247448
0.399972
0.00248062
0.399953
0.00249168
0.399928
0.00251213
0.399898
0.399878
0.00126593
0.392217
0.00161723
0.394336
0.00187734
0.396188
0.00204549
0.397554
0.00215093
0.398502
0.00221516
0.39913
0.00225247
0.399542
0.00227206
0.399805
0.00228015
0.399969
0.00228106
0.400066
0.00227771
0.400119
0.00227205
0.400144
0.00226534
0.40015
0.00225838
0.400146
0.00225163
0.400136
0.00224536
0.400123
0.00223971
0.400109
0.00223473
0.400095
0.00223039
0.400082
0.00222666
0.40007
0.00222348
0.400059
0.0022208
0.400049
0.00221854
0.400041
0.00221666
0.400034
0.00221509
0.400028
0.00221379
0.400024
0.00221271
0.400019
0.00221183
0.400016
0.00221109
0.400013
0.00221049
0.400011
0.00221
0.400009
0.0022096
0.400007
0.00220926
0.400006
0.00220899
0.400005
0.00220877
0.400004
0.00220859
0.400003
0.00220844
0.400003
0.00220832
0.400002
0.00220822
0.400002
0.00220814
0.400001
0.00220807
0.400001
0.00220802
0.400001
0.00220797
0.400001
0.00220794
0.400001
0.00220791
0.400001
0.00220789
0.4
0.00220787
0.4
0.00220785
0.4
0.00220784
0.4
0.00220783
0.4
0.00220782
0.4
0.00220781
0.4
0.0022078
0.4
0.0022078
0.4
0.00220779
0.4
0.00220779
0.4
0.00220779
0.4
0.00220779
0.4
0.00220778
0.4
0.00220778
0.4
0.00220778
0.4
0.00220778
0.4
0.00220778
0.4
0.00220778
0.4
0.00220778
0.4
0.00220778
0.4
0.00220778
0.4
0.00220778
0.4
0.00220778
0.4
0.00220777
0.4
0.00220777
0.4
0.00220777
0.4
0.00220777
0.4
0.00220777
0.4
0.00220776
0.4
0.00220776
0.4
0.00220775
0.4
0.00220774
0.4
0.00220773
0.4
0.00220771
0.4
0.0022077
0.4
0.00220767
0.4
0.00220764
0.400001
0.00220761
0.400001
0.00220757
0.400001
0.00220752
0.400001
0.00220748
0.400001
0.00220744
0.400001
0.00220742
0.400001
0.00220745
0.400001
0.00220756
0.4
0.00220784
0.399998
0.0022084
0.399996
0.00220945
0.39999
0.00221132
0.399982
0.00221463
0.399968
0.00222063
0.399947
0.00223152
0.399917
0.0022517
0.399878
0.399846
0.00110193
0.3919
0.00141157
0.394027
0.00164473
0.395955
0.00179654
0.397403
0.00189209
0.398407
0.00195054
0.399071
0.00198476
0.399508
0.00200298
0.399787
0.00201077
0.399961
0.00201202
0.400064
0.00200937
0.400121
0.00200457
0.400148
0.00199878
0.400156
0.00199271
0.400153
0.0019868
0.400142
0.00198129
0.400129
0.00197632
0.400114
0.00197192
0.400099
0.00196808
0.400085
0.00196479
0.400073
0.00196198
0.400062
0.0019596
0.400052
0.0019576
0.400043
0.00195593
0.400036
0.00195454
0.40003
0.00195339
0.400025
0.00195243
0.40002
0.00195165
0.400017
0.001951
0.400014
0.00195046
0.400011
0.00195002
0.400009
0.00194966
0.400008
0.00194937
0.400006
0.00194913
0.400005
0.00194893
0.400004
0.00194877
0.400003
0.00194864
0.400003
0.00194853
0.400002
0.00194844
0.400002
0.00194837
0.400001
0.00194831
0.400001
0.00194826
0.400001
0.00194822
0.400001
0.00194819
0.400001
0.00194816
0.400001
0.00194814
0.4
0.00194813
0.4
0.00194811
0.4
0.0019481
0.4
0.00194809
0.4
0.00194808
0.4
0.00194808
0.4
0.00194807
0.4
0.00194807
0.4
0.00194806
0.4
0.00194806
0.4
0.00194806
0.4
0.00194806
0.4
0.00194805
0.4
0.00194805
0.4
0.00194805
0.4
0.00194805
0.4
0.00194805
0.4
0.00194805
0.4
0.00194805
0.4
0.00194805
0.4
0.00194805
0.4
0.00194805
0.4
0.00194804
0.4
0.00194804
0.4
0.00194804
0.4
0.00194804
0.4
0.00194804
0.4
0.00194804
0.4
0.00194803
0.4
0.00194803
0.4
0.00194802
0.4
0.00194801
0.4
0.001948
0.4
0.00194799
0.4
0.00194797
0.4
0.00194795
0.4
0.00194793
0.400001
0.0019479
0.400001
0.00194786
0.400001
0.00194782
0.400001
0.00194778
0.400001
0.00194775
0.400001
0.00194774
0.400001
0.00194777
0.400001
0.00194789
0.4
0.00194815
0.399998
0.00194869
0.399995
0.00194968
0.399989
0.00195146
0.39998
0.00195459
0.399965
0.0019603
0.399941
0.00197071
0.399906
0.00199
0.399859
0.399816
0.000944195
0.391632
0.00121189
0.393759
0.00141652
0.395751
0.00155067
0.397269
0.00163539
0.398322
0.0016874
0.399019
0.00171805
0.399477
0.00173454
0.39977
0.0017418
0.399954
0.00174323
0.400063
0.00174116
0.400124
0.00173715
0.400152
0.00173222
0.400161
0.00172702
0.400158
0.00172193
0.400147
0.00171718
0.400133
0.00171288
0.400118
0.00170907
0.400103
0.00170574
0.400089
0.00170288
0.400076
0.00170044
0.400064
0.00169837
0.400054
0.00169664
0.400045
0.00169518
0.400037
0.00169397
0.400031
0.00169297
0.400026
0.00169213
0.400021
0.00169145
0.400017
0.00169088
0.400014
0.00169042
0.400012
0.00169004
0.40001
0.00168972
0.400008
0.00168946
0.400006
0.00168925
0.400005
0.00168908
0.400004
0.00168894
0.400004
0.00168883
0.400003
0.00168873
0.400002
0.00168865
0.400002
0.00168859
0.400002
0.00168854
0.400001
0.0016885
0.400001
0.00168846
0.400001
0.00168844
0.400001
0.00168841
0.400001
0.00168839
0.4
0.00168838
0.4
0.00168837
0.4
0.00168836
0.4
0.00168835
0.4
0.00168834
0.4
0.00168833
0.4
0.00168833
0.4
0.00168833
0.4
0.00168832
0.4
0.00168832
0.4
0.00168832
0.4
0.00168832
0.4
0.00168832
0.4
0.00168831
0.4
0.00168831
0.4
0.00168831
0.4
0.00168831
0.4
0.00168831
0.4
0.00168831
0.4
0.00168831
0.4
0.00168831
0.4
0.00168831
0.4
0.00168831
0.4
0.00168831
0.4
0.00168831
0.4
0.0016883
0.4
0.0016883
0.4
0.0016883
0.4
0.0016883
0.4
0.00168829
0.4
0.00168829
0.4
0.00168828
0.4
0.00168827
0.4
0.00168826
0.4
0.00168825
0.4
0.00168823
0.4
0.00168821
0.400001
0.00168818
0.400001
0.00168815
0.400001
0.00168812
0.400001
0.00168808
0.400001
0.00168806
0.400001
0.00168805
0.400001
0.00168808
0.400001
0.0016882
0.4
0.00168845
0.399998
0.00168894
0.399994
0.00168985
0.399989
0.00169149
0.399978
0.00169437
0.399962
0.00169965
0.399936
0.00170929
0.399897
0.00172716
0.399841
0.399788
0.000791471
0.39141
0.00101727
0.393533
0.00119214
0.395576
0.0013075
0.397153
0.00138057
0.398249
0.00142555
0.398975
0.0014522
0.399451
0.00146668
0.399756
0.00147319
0.399947
0.00147465
0.400061
0.00147307
0.400125
0.00146979
0.400156
0.00146569
0.400165
0.00146133
0.400162
0.00145705
0.400152
0.00145305
0.400137
0.00144941
0.400122
0.00144618
0.400106
0.00144337
0.400092
0.00144094
0.400078
0.00143887
0.400066
0.00143712
0.400056
0.00143565
0.400046
0.00143441
0.400039
0.00143338
0.400032
0.00143253
0.400027
0.00143182
0.400022
0.00143124
0.400018
0.00143076
0.400015
0.00143036
0.400012
0.00143004
0.40001
0.00142977
0.400008
0.00142955
0.400007
0.00142938
0.400005
0.00142923
0.400004
0.00142911
0.400004
0.00142901
0.400003
0.00142893
0.400002
0.00142886
0.400002
0.00142881
0.400002
0.00142877
0.400001
0.00142873
0.400001
0.0014287
0.400001
0.00142868
0.400001
0.00142866
0.400001
0.00142864
0.4
0.00142863
0.4
0.00142862
0.4
0.00142861
0.4
0.0014286
0.4
0.0014286
0.4
0.00142859
0.4
0.00142859
0.4
0.00142858
0.4
0.00142858
0.4
0.00142858
0.4
0.00142858
0.4
0.00142858
0.4
0.00142858
0.4
0.00142857
0.4
0.00142857
0.4
0.00142857
0.4
0.00142857
0.4
0.00142857
0.4
0.00142857
0.4
0.00142857
0.4
0.00142857
0.4
0.00142857
0.4
0.00142857
0.4
0.00142857
0.4
0.00142857
0.4
0.00142857
0.4
0.00142856
0.4
0.00142856
0.4
0.00142856
0.4
0.00142856
0.4
0.00142855
0.4
0.00142855
0.4
0.00142854
0.4
0.00142853
0.4
0.00142852
0.4
0.0014285
0.4
0.00142848
0.400001
0.00142846
0.400001
0.00142843
0.400001
0.00142841
0.400001
0.00142838
0.400001
0.00142836
0.400001
0.00142836
0.400001
0.00142839
0.400001
0.00142849
0.4
0.00142872
0.399998
0.00142916
0.399994
0.00142997
0.399988
0.00143142
0.399977
0.00143399
0.39996
0.0014387
0.399931
0.00144732
0.399888
0.00146328
0.399825
0.399763
0.000642685
0.391231
0.000826818
0.393349
0.000970994
0.395432
0.00106662
0.397058
0.00112735
0.398188
0.00116482
0.398937
0.00118712
0.399428
0.00119932
0.399743
0.00120489
0.399941
0.00120626
0.40006
0.00120508
0.400126
0.00120248
0.400158
0.00119917
0.400169
0.00119564
0.400166
0.00119215
0.400155
0.00118888
0.400141
0.00118591
0.400125
0.00118328
0.400109
0.00118097
0.400094
0.00117898
0.40008
0.00117729
0.400068
0.00117585
0.400057
0.00117464
0.400048
0.00117363
0.40004
0.00117279
0.400033
0.00117208
0.400027
0.0011715
0.400022
0.00117103
0.400018
0.00117063
0.400015
0.00117031
0.400012
0.00117004
0.40001
0.00116982
0.400008
0.00116964
0.400007
0.00116949
0.400006
0.00116937
0.400005
0.00116927
0.400004
0.00116919
0.400003
0.00116913
0.400002
0.00116907
0.400002
0.00116903
0.400002
0.00116899
0.400001
0.00116896
0.400001
0.00116894
0.400001
0.00116892
0.400001
0.0011689
0.400001
0.00116889
0.4
0.00116888
0.4
0.00116887
0.4
0.00116886
0.4
0.00116886
0.4
0.00116885
0.4
0.00116885
0.4
0.00116885
0.4
0.00116884
0.4
0.00116884
0.4
0.00116884
0.4
0.00116884
0.4
0.00116884
0.4
0.00116883
0.4
0.00116883
0.4
0.00116883
0.4
0.00116883
0.4
0.00116883
0.4
0.00116883
0.4
0.00116883
0.4
0.00116883
0.4
0.00116883
0.4
0.00116883
0.4
0.00116883
0.4
0.00116883
0.4
0.00116883
0.4
0.00116883
0.4
0.00116883
0.4
0.00116882
0.4
0.00116882
0.4
0.00116882
0.4
0.00116882
0.4
0.00116881
0.4
0.0011688
0.4
0.0011688
0.4
0.00116879
0.4
0.00116877
0.4
0.00116876
0.400001
0.00116874
0.400001
0.00116872
0.400001
0.0011687
0.400001
0.00116867
0.400001
0.00116866
0.400001
0.00116866
0.400001
0.00116869
0.400001
0.00116878
0.4
0.00116897
0.399998
0.00116935
0.399994
0.00117004
0.399987
0.00117128
0.399976
0.00117347
0.399957
0.0011775
0.399927
0.00118487
0.399881
0.0011985
0.399811
0.399742
0.00049693
0.391093
0.000639705
0.393206
0.000752485
0.395319
0.000827633
0.396982
0.000875444
0.39814
0.000905002
0.398907
0.000922654
0.399411
0.000932367
0.399734
0.000936862
0.399937
0.000938034
0.400059
0.000937189
0.400127
0.00093521
0.40016
0.000932671
0.400171
0.00092994
0.400168
0.000927242
0.400158
0.000924706
0.400143
0.000922398
0.400127
0.000920347
0.400111
0.000918554
0.400096
0.000917007
0.400082
0.000915685
0.400069
0.000914566
0.400058
0.000913624
0.400049
0.000912834
0.40004
0.000912176
0.400034
0.00091163
0.400028
0.000911177
0.400023
0.000910803
0.400019
0.000910495
0.400016
0.000910242
0.400013
0.000910033
0.40001
0.000909862
0.400009
0.000909722
0.400007
0.000909607
0.400006
0.000909513
0.400005
0.000909436
0.400004
0.000909373
0.400003
0.000909322
0.400003
0.00090928
0.400002
0.000909246
0.400002
0.000909217
0.400001
0.000909194
0.400001
0.000909175
0.400001
0.00090916
0.400001
0.000909147
0.400001
0.000909137
0.4
0.000909129
0.4
0.000909122
0.4
0.000909116
0.4
0.000909111
0.4
0.000909107
0.4
0.000909104
0.4
0.000909102
0.4
0.0009091
0.4
0.000909098
0.4
0.000909097
0.4
0.000909095
0.4
0.000909095
0.4
0.000909094
0.4
0.000909093
0.4
0.000909092
0.4
0.000909092
0.4
0.000909092
0.4
0.000909091
0.4
0.000909091
0.4
0.000909091
0.4
0.00090909
0.4
0.00090909
0.4
0.00090909
0.4
0.000909089
0.4
0.000909089
0.4
0.000909088
0.4
0.000909087
0.4
0.000909085
0.4
0.000909084
0.4
0.000909081
0.4
0.000909078
0.4
0.000909075
0.4
0.00090907
0.4
0.000909063
0.4
0.000909055
0.4
0.000909046
0.400001
0.000909034
0.400001
0.00090902
0.400001
0.000909003
0.400001
0.000908986
0.400001
0.00090897
0.400001
0.000908958
0.400001
0.000908959
0.400001
0.000908985
0.400001
0.000909058
0.4
0.000909215
0.399997
0.000909519
0.399993
0.000910075
0.399986
0.00091107
0.399975
0.000912832
0.399956
0.000916068
0.399924
0.000922009
0.399875
0.000932968
0.3998
0.399725
0.000353419
0.390996
0.000455143
0.393105
0.000536028
0.395238
0.000590112
0.396928
0.000624576
0.398106
0.000645911
0.398886
0.000658684
0.399398
0.000665741
0.399727
0.000669037
0.399934
0.000669933
0.400058
0.000669368
0.400128
0.000667981
0.400162
0.000666184
0.400173
0.000664243
0.40017
0.000662322
0.40016
0.000660514
0.400145
0.000658867
0.400129
0.000657402
0.400112
0.000656121
0.400097
0.000655015
0.400083
0.00065407
0.40007
0.00065327
0.400059
0.000652595
0.400049
0.000652031
0.400041
0.00065156
0.400034
0.000651169
0.400028
0.000650845
0.400023
0.000650577
0.400019
0.000650356
0.400016
0.000650175
0.400013
0.000650026
0.400011
0.000649903
0.400009
0.000649803
0.400007
0.000649721
0.400006
0.000649653
0.400005
0.000649598
0.400004
0.000649553
0.400003
0.000649516
0.400003
0.000649486
0.400002
0.000649461
0.400002
0.000649441
0.400001
0.000649425
0.400001
0.000649411
0.400001
0.0006494
0.400001
0.000649391
0.400001
0.000649384
0.400001
0.000649378
0.4
0.000649373
0.4
0.000649368
0.4
0.000649365
0.4
0.000649362
0.4
0.00064936
0.4
0.000649358
0.4
0.000649357
0.4
0.000649356
0.4
0.000649355
0.4
0.000649354
0.4
0.000649353
0.4
0.000649352
0.4
0.000649352
0.4
0.000649352
0.4
0.000649351
0.4
0.000649351
0.4
0.000649351
0.4
0.000649351
0.4
0.00064935
0.4
0.00064935
0.4
0.00064935
0.4
0.00064935
0.4
0.000649349
0.4
0.000649349
0.4
0.000649348
0.4
0.000649348
0.4
0.000649347
0.4
0.000649345
0.4
0.000649344
0.4
0.000649342
0.4
0.000649339
0.4
0.000649335
0.4
0.000649331
0.4
0.000649325
0.4
0.000649318
0.400001
0.00064931
0.400001
0.000649299
0.400001
0.000649288
0.400001
0.000649276
0.400001
0.000649264
0.400001
0.000649256
0.400001
0.000649258
0.400001
0.000649277
0.400001
0.000649331
0.399999
0.000649447
0.399997
0.00064967
0.399993
0.000650076
0.399986
0.000650804
0.399974
0.000652094
0.399954
0.000654464
0.399922
0.000658818
0.39987
0.000666839
0.399792
0.399713
0.000211451
0.390937
0.000272376
0.393044
0.000321033
0.395189
0.000353646
0.396896
0.000374448
0.398085
0.000387339
0.398873
0.000395068
0.39939
0.00039935
0.399722
0.000401362
0.399932
0.000401923
0.400057
0.0004016
0.400128
0.000400778
0.400162
0.000399706
0.400174
0.000398546
0.400171
0.000397395
0.400161
0.000396312
0.400146
0.000395324
0.40013
0.000394446
0.400113
0.000393677
0.400098
0.000393013
0.400083
0.000392445
0.400071
0.000391965
0.400059
0.00039156
0.40005
0.000391221
0.400041
0.000390938
0.400034
0.000390703
0.400028
0.000390508
0.400023
0.000390347
0.400019
0.000390215
0.400016
0.000390106
0.400013
0.000390016
0.400011
0.000389942
0.400009
0.000389882
0.400007
0.000389833
0.400006
0.000389792
0.400005
0.000389759
0.400004
0.000389732
0.400003
0.00038971
0.400003
0.000389692
0.400002
0.000389677
0.400002
0.000389665
0.400001
0.000389655
0.400001
0.000389647
0.400001
0.00038964
0.400001
0.000389635
0.400001
0.00038963
0.400001
0.000389626
0.4
0.000389623
0.4
0.000389621
0.4
0.000389619
0.4
0.000389617
0.4
0.000389616
0.4
0.000389615
0.4
0.000389614
0.4
0.000389613
0.4
0.000389613
0.4
0.000389612
0.4
0.000389612
0.4
0.000389611
0.4
0.000389611
0.4
0.000389611
0.4
0.000389611
0.4
0.00038961
0.4
0.00038961
0.4
0.00038961
0.4
0.00038961
0.4
0.00038961
0.4
0.00038961
0.4
0.00038961
0.4
0.00038961
0.4
0.000389609
0.4
0.000389609
0.4
0.000389608
0.4
0.000389608
0.4
0.000389607
0.4
0.000389606
0.4
0.000389605
0.4
0.000389603
0.4
0.000389601
0.4
0.000389598
0.4
0.000389595
0.4
0.000389591
0.400001
0.000389585
0.400001
0.000389579
0.400001
0.000389572
0.400001
0.000389565
0.400001
0.000389558
0.400001
0.000389554
0.400001
0.000389555
0.400001
0.000389567
0.400001
0.0003896
0.399999
0.000389671
0.399997
0.000389807
0.399993
0.000390055
0.399986
0.000390498
0.399974
0.000391285
0.399954
0.000392731
0.39992
0.000395388
0.399868
0.000400278
0.399787
0.399705
7.03868e-05
0.390918
9.06755e-05
0.393023
0.000106915
0.395173
0.000117812
0.396885
0.000124767
0.398078
0.000129079
0.398869
0.000131666
0.399387
0.000133101
0.399721
0.000133778
0.399931
0.000133968
0.400057
0.000133863
0.400128
0.000133591
0.400163
0.000133235
0.400174
0.000132848
0.400172
0.000132465
0.400161
0.000132104
0.400147
0.000131775
0.40013
0.000131482
0.400114
0.000131226
0.400098
0.000131005
0.400084
0.000130815
0.400071
0.000130655
0.40006
0.00013052
0.40005
0.000130407
0.400041
0.000130313
0.400034
0.000130234
0.400028
0.000130169
0.400024
0.000130116
0.400019
0.000130071
0.400016
0.000130035
0.400013
0.000130005
0.400011
0.000129981
0.400009
0.00012996
0.400007
0.000129944
0.400006
0.00012993
0.400005
0.000129919
0.400004
0.00012991
0.400003
0.000129903
0.400003
0.000129897
0.400002
0.000129892
0.400002
0.000129888
0.400001
0.000129885
0.400001
0.000129882
0.400001
0.00012988
0.400001
0.000129878
0.400001
0.000129876
0.400001
0.000129875
0.4
0.000129874
0.4
0.000129873
0.4
0.000129873
0.4
0.000129872
0.4
0.000129872
0.4
0.000129871
0.4
0.000129871
0.4
0.000129871
0.4
0.000129871
0.4
0.00012987
0.4
0.00012987
0.4
0.00012987
0.4
0.00012987
0.4
0.00012987
0.4
0.00012987
0.4
0.00012987
0.4
0.00012987
0.4
0.00012987
0.4
0.00012987
0.4
0.00012987
0.4
0.00012987
0.4
0.00012987
0.4
0.00012987
0.4
0.000129869
0.4
0.000129869
0.4
0.000129869
0.4
0.000129869
0.4
0.000129869
0.4
0.000129868
0.4
0.000129868
0.4
0.000129867
0.4
0.000129867
0.4
0.000129866
0.4
0.000129865
0.4
0.000129863
0.400001
0.000129861
0.400001
0.000129859
0.400001
0.000129857
0.400001
0.000129855
0.400001
0.000129852
0.400001
0.000129851
0.400001
0.000129851
0.400001
0.000129855
0.400001
0.000129866
0.399999
0.00012989
0.399997
0.000129936
0.399993
0.000130019
0.399986
0.000130168
0.399973
0.000130433
0.399953
0.000130919
0.39992
0.000131812
0.399867
0.000133455
0.399786
0.399703
-7.03799e-05
0.390937
-9.06708e-05
0.393044
-0.000106912
0.395189
-0.00011781
0.396896
-0.000124765
0.398085
-0.000129077
0.398873
-0.000131666
0.39939
-0.000133101
0.399722
-0.000133777
0.399932
-0.000133967
0.400057
-0.000133863
0.400128
-0.000133591
0.400162
-0.000133235
0.400174
-0.000132849
0.400171
-0.000132466
0.400161
-0.000132105
0.400146
-0.000131776
0.40013
-0.000131483
0.400113
-0.000131227
0.400098
-0.000131005
0.400083
-0.000130817
0.400071
-0.000130656
0.400059
-0.000130521
0.40005
-0.000130408
0.400041
-0.000130313
0.400034
-0.000130235
0.400028
-0.00013017
0.400023
-0.000130117
0.400019
-0.000130073
0.400016
-0.000130036
0.400013
-0.000130006
0.400011
-0.000129982
0.400009
-0.000129962
0.400007
-0.000129945
0.400006
-0.000129932
0.400005
-0.00012992
0.400004
-0.000129911
0.400003
-0.000129904
0.400003
-0.000129898
0.400002
-0.000129893
0.400002
-0.000129889
0.400001
-0.000129885
0.400001
-0.000129883
0.400001
-0.000129881
0.400001
-0.000129879
0.400001
-0.000129877
0.400001
-0.000129876
0.4
-0.000129875
0.4
-0.000129874
0.4
-0.000129874
0.4
-0.000129873
0.4
-0.000129873
0.4
-0.000129872
0.4
-0.000129872
0.4
-0.000129872
0.4
-0.000129871
0.4
-0.000129871
0.4
-0.000129871
0.4
-0.000129871
0.4
-0.000129871
0.4
-0.000129871
0.4
-0.000129871
0.4
-0.000129871
0.4
-0.000129871
0.4
-0.000129871
0.4
-0.000129871
0.4
-0.000129871
0.4
-0.00012987
0.4
-0.00012987
0.4
-0.00012987
0.4
-0.00012987
0.4
-0.00012987
0.4
-0.00012987
0.4
-0.00012987
0.4
-0.00012987
0.4
-0.000129869
0.4
-0.000129869
0.4
-0.000129868
0.4
-0.000129868
0.4
-0.000129867
0.4
-0.000129866
0.4
-0.000129864
0.400001
-0.000129863
0.400001
-0.000129861
0.400001
-0.000129858
0.400001
-0.000129856
0.400001
-0.000129854
0.400001
-0.000129852
0.400001
-0.000129853
0.400001
-0.000129857
0.400001
-0.000129868
0.399999
-0.000129892
0.399997
-0.000129938
0.399993
-0.000130021
0.399986
-0.00013017
0.399974
-0.000130434
0.399954
-0.00013092
0.39992
-0.000131812
0.399868
-0.000133455
0.399787
0.399705
-0.000211444
0.390996
-0.000272371
0.393105
-0.00032103
0.395238
-0.000353644
0.396928
-0.000374446
0.398106
-0.000387337
0.398886
-0.000395068
0.399398
-0.00039935
0.399727
-0.000401361
0.399934
-0.000401922
0.400058
-0.0004016
0.400128
-0.000400777
0.400162
-0.000399706
0.400173
-0.000398547
0.40017
-0.000397396
0.40016
-0.000396312
0.400145
-0.000395325
0.400129
-0.000394446
0.400112
-0.000393677
0.400097
-0.000393014
0.400083
-0.000392447
0.40007
-0.000391966
0.400059
-0.000391561
0.400049
-0.000391222
0.400041
-0.000390939
0.400034
-0.000390704
0.400028
-0.000390509
0.400023
-0.000390349
0.400019
-0.000390216
0.400016
-0.000390107
0.400013
-0.000390017
0.400011
-0.000389944
0.400009
-0.000389883
0.400007
-0.000389834
0.400006
-0.000389793
0.400005
-0.00038976
0.400004
-0.000389733
0.400003
-0.000389711
0.400003
-0.000389693
0.400002
-0.000389678
0.400002
-0.000389666
0.400001
-0.000389656
0.400001
-0.000389647
0.400001
-0.000389641
0.400001
-0.000389635
0.400001
-0.000389631
0.400001
-0.000389627
0.4
-0.000389624
0.4
-0.000389622
0.4
-0.00038962
0.4
-0.000389618
0.4
-0.000389617
0.4
-0.000389616
0.4
-0.000389615
0.4
-0.000389614
0.4
-0.000389614
0.4
-0.000389613
0.4
-0.000389613
0.4
-0.000389612
0.4
-0.000389612
0.4
-0.000389612
0.4
-0.000389612
0.4
-0.000389612
0.4
-0.000389611
0.4
-0.000389611
0.4
-0.000389611
0.4
-0.000389611
0.4
-0.000389611
0.4
-0.00038961
0.4
-0.00038961
0.4
-0.00038961
0.4
-0.00038961
0.4
-0.000389609
0.4
-0.000389609
0.4
-0.000389608
0.4
-0.000389607
0.4
-0.000389606
0.4
-0.000389604
0.4
-0.000389602
0.4
-0.000389599
0.4
-0.000389596
0.4
-0.000389592
0.400001
-0.000389587
0.400001
-0.000389581
0.400001
-0.000389574
0.400001
-0.000389567
0.400001
-0.00038956
0.400001
-0.000389555
0.400001
-0.000389557
0.400001
-0.000389569
0.400001
-0.000389602
0.399999
-0.000389673
0.399997
-0.000389809
0.399993
-0.000390057
0.399986
-0.0003905
0.399974
-0.000391286
0.399954
-0.000392732
0.399922
-0.000395388
0.39987
-0.000400278
0.399792
0.399713
-0.000353412
0.391093
-0.000455138
0.393206
-0.000536025
0.395319
-0.00059011
0.396982
-0.000624574
0.39814
-0.000645909
0.398907
-0.000658684
0.399411
-0.000665741
0.399734
-0.000669036
0.399937
-0.000669932
0.400059
-0.000669369
0.400127
-0.00066798
0.40016
-0.000666184
0.400171
-0.000664244
0.400168
-0.000662323
0.400158
-0.000660514
0.400143
-0.000658868
0.400127
-0.000657403
0.400111
-0.000656122
0.400096
-0.000655016
0.400082
-0.000654071
0.400069
-0.00065327
0.400058
-0.000652596
0.400049
-0.000652031
0.40004
-0.000651561
0.400034
-0.000651169
0.400028
-0.000650846
0.400023
-0.000650578
0.400019
-0.000650358
0.400016
-0.000650176
0.400013
-0.000650027
0.40001
-0.000649904
0.400009
-0.000649804
0.400007
-0.000649722
0.400006
-0.000649654
0.400005
-0.000649599
0.400004
-0.000649554
0.400003
-0.000649517
0.400003
-0.000649487
0.400002
-0.000649462
0.400002
-0.000649442
0.400001
-0.000649425
0.400001
-0.000649412
0.400001
-0.000649401
0.400001
-0.000649392
0.400001
-0.000649384
0.4
-0.000649379
0.4
-0.000649374
0.4
-0.00064937
0.4
-0.000649366
0.4
-0.000649364
0.4
-0.000649361
0.4
-0.000649359
0.4
-0.000649358
0.4
-0.000649357
0.4
-0.000649356
0.4
-0.000649355
0.4
-0.000649354
0.4
-0.000649354
0.4
-0.000649353
0.4
-0.000649353
0.4
-0.000649352
0.4
-0.000649352
0.4
-0.000649352
0.4
-0.000649352
0.4
-0.000649351
0.4
-0.000649351
0.4
-0.000649351
0.4
-0.00064935
0.4
-0.00064935
0.4
-0.00064935
0.4
-0.000649349
0.4
-0.000649348
0.4
-0.000649347
0.4
-0.000649346
0.4
-0.000649345
0.4
-0.000649343
0.4
-0.00064934
0.4
-0.000649336
0.4
-0.000649332
0.4
-0.000649326
0.4
-0.000649319
0.400001
-0.000649311
0.400001
-0.000649301
0.400001
-0.000649289
0.400001
-0.000649277
0.400001
-0.000649266
0.400001
-0.000649258
0.400001
-0.000649259
0.400001
-0.000649279
0.400001
-0.000649333
0.4
-0.000649449
0.399997
-0.000649672
0.399993
-0.000650078
0.399986
-0.000650805
0.399975
-0.000652095
0.399956
-0.000654465
0.399924
-0.000658818
0.399875
-0.000666839
0.3998
0.399725
-0.000496924
0.391231
-0.000639701
0.393349
-0.000752483
0.395432
-0.000827631
0.397058
-0.000875442
0.398188
-0.000905
0.398937
-0.000922654
0.399428
-0.000932367
0.399743
-0.000936861
0.399941
-0.000938033
0.40006
-0.00093719
0.400126
-0.00093521
0.400158
-0.000932671
0.400169
-0.000929941
0.400166
-0.000927243
0.400155
-0.000924706
0.400141
-0.000922399
0.400125
-0.000920348
0.400109
-0.000918555
0.400094
-0.000917008
0.40008
-0.000915687
0.400068
-0.000914567
0.400057
-0.000913624
0.400048
-0.000912835
0.40004
-0.000912177
0.400033
-0.000911631
0.400027
-0.000911178
0.400022
-0.000910805
0.400018
-0.000910496
0.400015
-0.000910243
0.400012
-0.000910035
0.40001
-0.000909864
0.400008
-0.000909723
0.400007
-0.000909609
0.400006
-0.000909515
0.400005
-0.000909437
0.400004
-0.000909374
0.400003
-0.000909323
0.400002
-0.000909281
0.400002
-0.000909246
0.400002
-0.000909218
0.400001
-0.000909195
0.400001
-0.000909176
0.400001
-0.000909161
0.400001
-0.000909148
0.400001
-0.000909138
0.4
-0.00090913
0.4
-0.000909123
0.4
-0.000909117
0.4
-0.000909112
0.4
-0.000909109
0.4
-0.000909105
0.4
-0.000909103
0.4
-0.000909101
0.4
-0.000909099
0.4
-0.000909098
0.4
-0.000909097
0.4
-0.000909096
0.4
-0.000909095
0.4
-0.000909094
0.4
-0.000909094
0.4
-0.000909093
0.4
-0.000909093
0.4
-0.000909092
0.4
-0.000909092
0.4
-0.000909092
0.4
-0.000909091
0.4
-0.000909091
0.4
-0.00090909
0.4
-0.00090909
0.4
-0.000909089
0.4
-0.000909089
0.4
-0.000909088
0.4
-0.000909086
0.4
-0.000909085
0.4
-0.000909082
0.4
-0.000909079
0.4
-0.000909075
0.4
-0.000909071
0.4
-0.000909064
0.4
-0.000909056
0.4
-0.000909047
0.4
-0.000909035
0.400001
-0.000909021
0.400001
-0.000909005
0.400001
-0.000908987
0.400001
-0.000908971
0.400001
-0.00090896
0.400001
-0.000908961
0.400001
-0.000908987
0.400001
-0.00090906
0.4
-0.000909217
0.399998
-0.000909521
0.399994
-0.000910077
0.399987
-0.000911071
0.399976
-0.000912834
0.399957
-0.000916069
0.399927
-0.00092201
0.399881
-0.000932968
0.399811
0.399742
-0.00064268
0.39141
-0.000826815
0.393533
-0.000970991
0.395576
-0.00106662
0.397153
-0.00112734
0.398249
-0.00116481
0.398975
-0.00118712
0.399451
-0.00119932
0.399756
-0.00120489
0.399947
-0.00120626
0.400061
-0.00120508
0.400125
-0.00120248
0.400156
-0.00119917
0.400165
-0.00119564
0.400162
-0.00119215
0.400152
-0.00118888
0.400137
-0.00118591
0.400122
-0.00118328
0.400106
-0.00118097
0.400092
-0.00117899
0.400078
-0.00117729
0.400066
-0.00117585
0.400056
-0.00117464
0.400046
-0.00117363
0.400039
-0.00117279
0.400032
-0.00117209
0.400027
-0.00117151
0.400022
-0.00117103
0.400018
-0.00117063
0.400015
-0.00117031
0.400012
-0.00117004
0.40001
-0.00116982
0.400008
-0.00116964
0.400007
-0.00116949
0.400005
-0.00116937
0.400004
-0.00116927
0.400004
-0.00116919
0.400003
-0.00116913
0.400002
-0.00116907
0.400002
-0.00116903
0.400002
-0.00116899
0.400001
-0.00116896
0.400001
-0.00116894
0.400001
-0.00116892
0.400001
-0.0011689
0.400001
-0.00116889
0.4
-0.00116888
0.4
-0.00116887
0.4
-0.00116886
0.4
-0.00116886
0.4
-0.00116885
0.4
-0.00116885
0.4
-0.00116885
0.4
-0.00116884
0.4
-0.00116884
0.4
-0.00116884
0.4
-0.00116884
0.4
-0.00116884
0.4
-0.00116884
0.4
-0.00116883
0.4
-0.00116883
0.4
-0.00116883
0.4
-0.00116883
0.4
-0.00116883
0.4
-0.00116883
0.4
-0.00116883
0.4
-0.00116883
0.4
-0.00116883
0.4
-0.00116883
0.4
-0.00116883
0.4
-0.00116883
0.4
-0.00116883
0.4
-0.00116883
0.4
-0.00116882
0.4
-0.00116882
0.4
-0.00116882
0.4
-0.00116882
0.4
-0.00116881
0.4
-0.0011688
0.4
-0.0011688
0.4
-0.00116879
0.4
-0.00116877
0.4
-0.00116876
0.400001
-0.00116874
0.400001
-0.00116872
0.400001
-0.0011687
0.400001
-0.00116868
0.400001
-0.00116866
0.400001
-0.00116866
0.400001
-0.00116869
0.400001
-0.00116878
0.4
-0.00116897
0.399998
-0.00116935
0.399994
-0.00117004
0.399988
-0.00117128
0.399977
-0.00117347
0.39996
-0.0011775
0.399931
-0.00118487
0.399888
-0.0011985
0.399825
0.399763
-0.000791466
0.391632
-0.00101727
0.393759
-0.00119214
0.395751
-0.0013075
0.397269
-0.00138057
0.398322
-0.00142555
0.399019
-0.0014522
0.399477
-0.00146668
0.39977
-0.00147319
0.399954
-0.00147465
0.400063
-0.00147307
0.400124
-0.00146979
0.400152
-0.00146569
0.400161
-0.00146133
0.400158
-0.00145705
0.400147
-0.00145305
0.400133
-0.00144941
0.400118
-0.00144619
0.400103
-0.00144337
0.400089
-0.00144094
0.400076
-0.00143887
0.400064
-0.00143712
0.400054
-0.00143565
0.400045
-0.00143441
0.400037
-0.00143339
0.400031
-0.00143253
0.400026
-0.00143183
0.400021
-0.00143124
0.400017
-0.00143076
0.400014
-0.00143037
0.400012
-0.00143004
0.40001
-0.00142977
0.400008
-0.00142956
0.400006
-0.00142938
0.400005
-0.00142923
0.400004
-0.00142911
0.400004
-0.00142901
0.400003
-0.00142893
0.400002
-0.00142887
0.400002
-0.00142881
0.400002
-0.00142877
0.400001
-0.00142873
0.400001
-0.0014287
0.400001
-0.00142868
0.400001
-0.00142866
0.400001
-0.00142864
0.4
-0.00142863
0.4
-0.00142862
0.4
-0.00142861
0.4
-0.0014286
0.4
-0.0014286
0.4
-0.00142859
0.4
-0.00142859
0.4
-0.00142859
0.4
-0.00142858
0.4
-0.00142858
0.4
-0.00142858
0.4
-0.00142858
0.4
-0.00142858
0.4
-0.00142858
0.4
-0.00142857
0.4
-0.00142857
0.4
-0.00142857
0.4
-0.00142857
0.4
-0.00142857
0.4
-0.00142857
0.4
-0.00142857
0.4
-0.00142857
0.4
-0.00142857
0.4
-0.00142857
0.4
-0.00142857
0.4
-0.00142857
0.4
-0.00142857
0.4
-0.00142856
0.4
-0.00142856
0.4
-0.00142856
0.4
-0.00142855
0.4
-0.00142855
0.4
-0.00142854
0.4
-0.00142853
0.4
-0.00142852
0.4
-0.0014285
0.4
-0.00142848
0.400001
-0.00142846
0.400001
-0.00142844
0.400001
-0.00142841
0.400001
-0.00142838
0.400001
-0.00142836
0.400001
-0.00142836
0.400001
-0.00142839
0.400001
-0.00142849
0.4
-0.00142872
0.399998
-0.00142916
0.399994
-0.00142997
0.399989
-0.00143142
0.399978
-0.001434
0.399962
-0.0014387
0.399936
-0.00144733
0.399897
-0.00146328
0.399841
0.399788
-0.000944191
0.3919
-0.00121189
0.394027
-0.00141652
0.395955
-0.00155067
0.397403
-0.00163539
0.398407
-0.0016874
0.399071
-0.00171804
0.399508
-0.00173454
0.399787
-0.0017418
0.399961
-0.00174323
0.400064
-0.00174116
0.400121
-0.00173715
0.400148
-0.00173222
0.400156
-0.00172702
0.400153
-0.00172193
0.400142
-0.00171718
0.400129
-0.00171288
0.400114
-0.00170907
0.400099
-0.00170574
0.400085
-0.00170288
0.400073
-0.00170044
0.400062
-0.00169837
0.400052
-0.00169664
0.400043
-0.00169518
0.400036
-0.00169397
0.40003
-0.00169297
0.400025
-0.00169214
0.40002
-0.00169145
0.400017
-0.00169088
0.400014
-0.00169042
0.400011
-0.00169004
0.400009
-0.00168972
0.400008
-0.00168947
0.400006
-0.00168926
0.400005
-0.00168908
0.400004
-0.00168894
0.400003
-0.00168883
0.400003
-0.00168873
0.400002
-0.00168866
0.400002
-0.00168859
0.400001
-0.00168854
0.400001
-0.0016885
0.400001
-0.00168846
0.400001
-0.00168844
0.400001
-0.00168841
0.400001
-0.0016884
0.4
-0.00168838
0.4
-0.00168837
0.4
-0.00168836
0.4
-0.00168835
0.4
-0.00168834
0.4
-0.00168834
0.4
-0.00168833
0.4
-0.00168833
0.4
-0.00168832
0.4
-0.00168832
0.4
-0.00168832
0.4
-0.00168832
0.4
-0.00168832
0.4
-0.00168832
0.4
-0.00168831
0.4
-0.00168831
0.4
-0.00168831
0.4
-0.00168831
0.4
-0.00168831
0.4
-0.00168831
0.4
-0.00168831
0.4
-0.00168831
0.4
-0.00168831
0.4
-0.00168831
0.4
-0.00168831
0.4
-0.00168831
0.4
-0.0016883
0.4
-0.0016883
0.4
-0.0016883
0.4
-0.00168829
0.4
-0.00168829
0.4
-0.00168828
0.4
-0.00168827
0.4
-0.00168826
0.4
-0.00168825
0.4
-0.00168823
0.4
-0.00168821
0.400001
-0.00168818
0.400001
-0.00168815
0.400001
-0.00168812
0.400001
-0.00168808
0.400001
-0.00168806
0.400001
-0.00168805
0.400001
-0.00168809
0.400001
-0.0016882
0.4
-0.00168845
0.399998
-0.00168894
0.399995
-0.00168985
0.399989
-0.00169149
0.39998
-0.00169437
0.399965
-0.00169965
0.399941
-0.00170929
0.399906
-0.00172716
0.399859
0.399816
-0.00110192
0.392217
-0.00141157
0.394336
-0.00164472
0.396188
-0.00179654
0.397554
-0.00189209
0.398502
-0.00195054
0.39913
-0.00198476
0.399542
-0.00200298
0.399805
-0.00201077
0.399969
-0.00201202
0.400066
-0.00200937
0.400119
-0.00200457
0.400144
-0.00199878
0.40015
-0.00199271
0.400146
-0.0019868
0.400136
-0.00198129
0.400123
-0.00197632
0.400109
-0.00197192
0.400095
-0.00196808
0.400082
-0.00196479
0.40007
-0.00196198
0.400059
-0.0019596
0.400049
-0.0019576
0.400041
-0.00195593
0.400034
-0.00195454
0.400028
-0.00195339
0.400024
-0.00195243
0.400019
-0.00195165
0.400016
-0.001951
0.400013
-0.00195046
0.400011
-0.00195003
0.400009
-0.00194967
0.400007
-0.00194937
0.400006
-0.00194913
0.400005
-0.00194893
0.400004
-0.00194877
0.400003
-0.00194864
0.400003
-0.00194853
0.400002
-0.00194844
0.400002
-0.00194837
0.400001
-0.00194831
0.400001
-0.00194826
0.400001
-0.00194822
0.400001
-0.00194819
0.400001
-0.00194817
0.400001
-0.00194814
0.4
-0.00194813
0.4
-0.00194811
0.4
-0.0019481
0.4
-0.00194809
0.4
-0.00194808
0.4
-0.00194808
0.4
-0.00194807
0.4
-0.00194807
0.4
-0.00194806
0.4
-0.00194806
0.4
-0.00194806
0.4
-0.00194806
0.4
-0.00194805
0.4
-0.00194805
0.4
-0.00194805
0.4
-0.00194805
0.4
-0.00194805
0.4
-0.00194805
0.4
-0.00194805
0.4
-0.00194805
0.4
-0.00194805
0.4
-0.00194805
0.4
-0.00194805
0.4
-0.00194804
0.4
-0.00194804
0.4
-0.00194804
0.4
-0.00194804
0.4
-0.00194804
0.4
-0.00194803
0.4
-0.00194803
0.4
-0.00194802
0.4
-0.00194801
0.4
-0.001948
0.4
-0.00194799
0.4
-0.00194797
0.4
-0.00194795
0.4
-0.00194793
0.400001
-0.0019479
0.400001
-0.00194786
0.400001
-0.00194782
0.400001
-0.00194778
0.400001
-0.00194775
0.400001
-0.00194774
0.400001
-0.00194777
0.400001
-0.00194789
0.4
-0.00194816
0.399998
-0.00194869
0.399996
-0.00194968
0.39999
-0.00195146
0.399982
-0.00195459
0.399968
-0.0019603
0.399947
-0.00197071
0.399917
-0.00199
0.399878
0.399846
-0.00126593
0.392585
-0.00161723
0.394688
-0.00187733
0.396448
-0.00204549
0.397723
-0.00215093
0.398608
-0.00221516
0.399194
-0.00225247
0.399579
-0.00227206
0.399824
-0.00228015
0.399977
-0.00228106
0.400067
-0.00227771
0.400115
-0.00227205
0.400138
-0.00226534
0.400144
-0.00225838
0.400139
-0.00225163
0.40013
-0.00224536
0.400117
-0.00223971
0.400103
-0.00223473
0.40009
-0.00223039
0.400077
-0.00222666
0.400066
-0.00222348
0.400056
-0.0022208
0.400047
-0.00221854
0.400039
-0.00221666
0.400032
-0.00221509
0.400027
-0.00221379
0.400022
-0.00221271
0.400018
-0.00221183
0.400015
-0.0022111
0.400012
-0.00221049
0.40001
-0.00221
0.400008
-0.0022096
0.400007
-0.00220927
0.400006
-0.00220899
0.400005
-0.00220877
0.400004
-0.00220859
0.400003
-0.00220844
0.400002
-0.00220832
0.400002
-0.00220822
0.400002
-0.00220814
0.400001
-0.00220807
0.400001
-0.00220802
0.400001
-0.00220798
0.400001
-0.00220794
0.400001
-0.00220791
0.4
-0.00220789
0.4
-0.00220787
0.4
-0.00220785
0.4
-0.00220784
0.4
-0.00220783
0.4
-0.00220782
0.4
-0.00220781
0.4
-0.0022078
0.4
-0.0022078
0.4
-0.0022078
0.4
-0.00220779
0.4
-0.00220779
0.4
-0.00220779
0.4
-0.00220779
0.4
-0.00220778
0.4
-0.00220778
0.4
-0.00220778
0.4
-0.00220778
0.4
-0.00220778
0.4
-0.00220778
0.4
-0.00220778
0.4
-0.00220778
0.4
-0.00220778
0.4
-0.00220778
0.4
-0.00220777
0.4
-0.00220777
0.4
-0.00220777
0.4
-0.00220777
0.4
-0.00220777
0.4
-0.00220776
0.4
-0.00220776
0.4
-0.00220775
0.4
-0.00220774
0.4
-0.00220773
0.4
-0.00220771
0.4
-0.0022077
0.4
-0.00220767
0.4
-0.00220764
0.400001
-0.00220761
0.400001
-0.00220757
0.400001
-0.00220752
0.400001
-0.00220748
0.400001
-0.00220744
0.400001
-0.00220742
0.400001
-0.00220745
0.400001
-0.00220756
0.4
-0.00220784
0.399999
-0.0022084
0.399996
-0.00220945
0.399991
-0.00221132
0.399984
-0.00221464
0.399972
-0.00222064
0.399953
-0.00223152
0.399928
-0.0022517
0.399898
0.399878
-0.00143774
0.39301
-0.00182984
0.39508
-0.00211492
0.396734
-0.00229789
0.397906
-0.00241214
0.398722
-0.00248141
0.399263
-0.00252126
0.399619
-0.00254183
0.399845
-0.00254995
0.399985
-0.00255034
0.400067
-0.00254618
0.400111
-0.00253958
0.400131
-0.00253191
0.400136
-0.00252402
0.400132
-0.00251641
0.400122
-0.00250938
0.40011
-0.00250305
0.400097
-0.00249747
0.400084
-0.00249263
0.400072
-0.00248847
0.400062
-0.00248494
0.400052
-0.00248195
0.400044
-0.00247944
0.400036
-0.00247735
0.40003
-0.0024756
0.400025
-0.00247416
0.400021
-0.00247296
0.400017
-0.00247198
0.400014
-0.00247117
0.400012
-0.0024705
0.400009
-0.00246995
0.400008
-0.0024695
0.400006
-0.00246914
0.400005
-0.00246883
0.400004
-0.00246859
0.400003
-0.00246839
0.400003
-0.00246822
0.400002
-0.00246809
0.400002
-0.00246798
0.400002
-0.00246789
0.400001
-0.00246782
0.400001
-0.00246776
0.400001
-0.00246771
0.400001
-0.00246767
0.400001
-0.00246763
0.4
-0.00246761
0.4
-0.00246759
0.4
-0.00246757
0.4
-0.00246755
0.4
-0.00246754
0.4
-0.00246753
0.4
-0.00246752
0.4
-0.00246752
0.4
-0.00246751
0.4
-0.00246751
0.4
-0.0024675
0.4
-0.0024675
0.4
-0.0024675
0.4
-0.0024675
0.4
-0.0024675
0.4
-0.00246749
0.4
-0.00246749
0.4
-0.00246749
0.4
-0.00246749
0.4
-0.00246749
0.4
-0.00246749
0.4
-0.00246749
0.4
-0.00246749
0.4
-0.00246749
0.4
-0.00246749
0.4
-0.00246748
0.4
-0.00246748
0.4
-0.00246748
0.4
-0.00246748
0.4
-0.00246747
0.4
-0.00246747
0.4
-0.00246746
0.4
-0.00246745
0.4
-0.00246744
0.4
-0.00246742
0.4
-0.0024674
0.4
-0.00246737
0.4
-0.00246734
0.4
-0.0024673
0.400001
-0.00246726
0.400001
-0.0024672
0.400001
-0.00246715
0.400001
-0.0024671
0.400001
-0.00246708
0.400001
-0.0024671
0.400001
-0.00246721
0.4
-0.00246748
0.399999
-0.00246806
0.399997
-0.00246913
0.399993
-0.00247107
0.399986
-0.00247448
0.399975
-0.00248062
0.399959
-0.00249168
0.399939
-0.00251213
0.399918
0.39991
-0.00161916
0.393497
-0.00205041
0.395511
-0.00235802
0.397041
-0.00255407
0.398102
-0.00267592
0.398844
-0.00274939
0.399337
-0.00279118
0.399661
-0.00281232
0.399866
-0.00282018
0.399993
-0.00281986
0.400067
-0.00281475
0.400106
-0.00280713
0.400124
-0.00279844
0.400127
-0.00278958
0.400123
-0.0027811
0.400114
-0.00277329
0.400102
-0.00276629
0.40009
-0.00276012
0.400078
-0.00275477
0.400067
-0.00275019
0.400057
-0.0027463
0.400048
-0.00274301
0.40004
-0.00274025
0.400034
-0.00273795
0.400028
-0.00273604
0.400023
-0.00273445
0.400019
-0.00273314
0.400016
-0.00273206
0.400013
-0.00273117
0.400011
-0.00273044
0.400009
-0.00272984
0.400007
-0.00272934
0.400006
-0.00272894
0.400005
-0.00272861
0.400004
-0.00272834
0.400003
-0.00272812
0.400003
-0.00272794
0.400002
-0.0027278
0.400002
-0.00272768
0.400001
-0.00272758
0.400001
-0.0027275
0.400001
-0.00272743
0.400001
-0.00272738
0.400001
-0.00272734
0.400001
-0.0027273
0.4
-0.00272727
0.4
-0.00272725
0.4
-0.00272723
0.4
-0.00272721
0.4
-0.0027272
0.4
-0.00272719
0.4
-0.00272718
0.4
-0.00272717
0.4
-0.00272717
0.4
-0.00272716
0.4
-0.00272716
0.4
-0.00272715
0.4
-0.00272715
0.4
-0.00272715
0.4
-0.00272715
0.4
-0.00272715
0.4
-0.00272715
0.4
-0.00272714
0.4
-0.00272714
0.4
-0.00272714
0.4
-0.00272714
0.4
-0.00272714
0.4
-0.00272714
0.4
-0.00272714
0.4
-0.00272714
0.4
-0.00272714
0.4
-0.00272713
0.4
-0.00272713
0.4
-0.00272713
0.4
-0.00272712
0.4
-0.00272712
0.4
-0.00272711
0.4
-0.0027271
0.4
-0.00272708
0.4
-0.00272707
0.4
-0.00272704
0.4
-0.00272701
0.4
-0.00272698
0.4
-0.00272693
0.400001
-0.00272688
0.400001
-0.00272683
0.400001
-0.00272677
0.400001
-0.00272671
0.400001
-0.00272667
0.400001
-0.00272668
0.400001
-0.00272678
0.4
-0.00272705
0.399999
-0.00272762
0.399997
-0.0027287
0.399994
-0.00273065
0.399988
-0.00273408
0.399978
-0.0027402
0.399965
-0.00275113
0.39995
-0.0027712
0.399939
0.399941
-0.00181228
0.39405
-0.0022799
0.395979
-0.00260707
0.397368
-0.00281426
0.398309
-0.00294239
0.398972
-0.00301914
0.399414
-0.00306221
0.399704
-0.00308346
0.399887
-0.00309074
0.4
-0.00308949
0.400065
-0.00308331
0.4001
-0.00307457
0.400115
-0.0030648
0.400118
-0.00305496
0.400113
-0.00304558
0.400104
-0.00303698
0.400093
-0.00302929
0.400082
-0.00302254
0.400071
-0.00301669
0.400061
-0.00301169
0.400052
-0.00300744
0.400044
-0.00300386
0.400037
-0.00300086
0.400031
-0.00299835
0.400026
-0.00299627
0.400021
-0.00299455
0.400017
-0.00299312
0.400014
-0.00299195
0.400012
-0.00299098
0.40001
-0.00299019
0.400008
-0.00298954
0.400007
-0.002989
0.400005
-0.00298857
0.400004
-0.00298821
0.400004
-0.00298792
0.400003
-0.00298768
0.400002
-0.00298748
0.400002
-0.00298732
0.400002
-0.00298719
0.400001
-0.00298709
0.400001
-0.002987
0.400001
-0.00298693
0.400001
-0.00298687
0.400001
-0.00298683
0.4
-0.00298679
0.4
-0.00298676
0.4
-0.00298673
0.4
-0.00298671
0.4
-0.00298669
0.4
-0.00298668
0.4
-0.00298667
0.4
-0.00298666
0.4
-0.00298665
0.4
-0.00298664
0.4
-0.00298664
0.4
-0.00298664
0.4
-0.00298663
0.4
-0.00298663
0.4
-0.00298663
0.4
-0.00298663
0.4
-0.00298662
0.4
-0.00298662
0.4
-0.00298662
0.4
-0.00298662
0.4
-0.00298662
0.4
-0.00298662
0.4
-0.00298662
0.4
-0.00298662
0.4
-0.00298662
0.4
-0.00298661
0.4
-0.00298661
0.4
-0.00298661
0.4
-0.00298661
0.4
-0.0029866
0.4
-0.0029866
0.4
-0.00298659
0.4
-0.00298658
0.4
-0.00298657
0.4
-0.00298655
0.4
-0.00298654
0.4
-0.00298651
0.4
-0.00298648
0.4
-0.00298644
0.4
-0.00298639
0.400001
-0.00298634
0.400001
-0.00298627
0.400001
-0.0029862
0.400001
-0.00298614
0.400001
-0.00298609
0.400001
-0.00298608
0.400001
-0.00298616
0.4
-0.00298642
0.4
-0.00298697
0.399998
-0.00298803
0.399995
-0.00298996
0.39999
-0.00299333
0.399982
-0.00299927
0.399971
-0.00300974
0.39996
-0.00302873
0.399958
0.39997
-0.00201936
0.394677
-0.00251908
0.396478
-0.00286228
0.397712
-0.00307843
0.398525
-0.00321137
0.399105
-0.00329042
0.399493
-0.00333407
0.399748
-0.00335494
0.399908
-0.00336131
0.400006
-0.00335891
0.400063
-0.0033515
0.400093
-0.00334155
0.400105
-0.00333065
0.400107
-0.00331977
0.400102
-0.00330949
0.400094
-0.00330009
0.400084
-0.00329171
0.400074
-0.00328438
0.400064
-0.00327803
0.400055
-0.00327261
0.400047
-0.00326802
0.400039
-0.00326415
0.400033
-0.0032609
0.400027
-0.0032582
0.400023
-0.00325595
0.400019
-0.00325409
0.400016
-0.00325256
0.400013
-0.0032513
0.400011
-0.00325025
0.400009
-0.0032494
0.400007
-0.0032487
0.400006
-0.00324813
0.400005
-0.00324766
0.400004
-0.00324727
0.400003
-0.00324696
0.400003
-0.0032467
0.400002
-0.00324649
0.400002
-0.00324632
0.400001
-0.00324618
0.400001
-0.00324607
0.400001
-0.00324598
0.400001
-0.0032459
0.400001
-0.00324584
0.400001
-0.00324579
0.4
-0.00324575
0.4
-0.00324571
0.4
-0.00324569
0.4
-0.00324566
0.4
-0.00324565
0.4
-0.00324563
0.4
-0.00324562
0.4
-0.00324561
0.4
-0.0032456
0.4
-0.00324559
0.4
-0.00324559
0.4
-0.00324559
0.4
-0.00324558
0.4
-0.00324558
0.4
-0.00324558
0.4
-0.00324557
0.4
-0.00324557
0.4
-0.00324557
0.4
-0.00324557
0.4
-0.00324557
0.4
-0.00324557
0.4
-0.00324557
0.4
-0.00324557
0.4
-0.00324556
0.4
-0.00324556
0.4
-0.00324556
0.4
-0.00324556
0.4
-0.00324556
0.4
-0.00324555
0.4
-0.00324555
0.4
-0.00324554
0.4
-0.00324554
0.4
-0.00324553
0.4
-0.00324552
0.4
-0.0032455
0.4
-0.00324548
0.4
-0.00324545
0.4
-0.00324542
0.4
-0.00324538
0.4
-0.00324532
0.4
-0.00324526
0.400001
-0.00324519
0.400001
-0.00324511
0.400001
-0.00324503
0.400001
-0.00324497
0.400001
-0.00324495
0.400001
-0.00324501
0.4
-0.00324523
0.4
-0.00324575
0.399998
-0.00324678
0.399996
-0.00324864
0.399991
-0.00325188
0.399985
-0.0032575
0.399977
-0.00326719
0.39997
-0.00328437
0.399975
0.399996
-0.00224236
0.39538
-0.00276808
0.397004
-0.0031231
0.398067
-0.0033458
0.398748
-0.00348199
0.399241
-0.00356225
0.399573
-0.00360575
0.399791
-0.00362573
0.399928
-0.00363085
0.400011
-0.00362706
0.400059
-0.00361826
0.400084
-0.00360701
0.400094
-0.00359492
0.400095
-0.00358298
0.40009
-0.00357176
0.400083
-0.00356155
0.400074
-0.00355249
0.400065
-0.00354457
0.400056
-0.00353773
0.400048
-0.0035319
0.400041
-0.00352696
0.400034
-0.00352281
0.400029
-0.00351933
0.400024
-0.00351643
0.40002
-0.00351403
0.400016
-0.00351204
0.400014
-0.0035104
0.400011
-0.00350904
0.400009
-0.00350793
0.400008
-0.00350702
0.400006
-0.00350627
0.400005
-0.00350566
0.400004
-0.00350516
0.400003
-0.00350475
0.400003
-0.00350441
0.400002
-0.00350414
0.400002
-0.00350392
0.400001
-0.00350374
0.400001
-0.00350359
0.400001
-0.00350347
0.400001
-0.00350337
0.400001
-0.00350329
0.400001
-0.00350322
0.4
-0.00350317
0.4
-0.00350312
0.4
-0.00350309
0.4
-0.00350306
0.4
-0.00350304
0.4
-0.00350302
0.4
-0.003503
0.4
-0.00350299
0.4
-0.00350298
0.4
-0.00350297
0.4
-0.00350296
0.4
-0.00350296
0.4
-0.00350295
0.4
-0.00350295
0.4
-0.00350294
0.4
-0.00350294
0.4
-0.00350294
0.4
-0.00350294
0.4
-0.00350294
0.4
-0.00350293
0.4
-0.00350293
0.4
-0.00350293
0.4
-0.00350293
0.4
-0.00350293
0.4
-0.00350293
0.4
-0.00350293
0.4
-0.00350293
0.4
-0.00350292
0.4
-0.00350292
0.4
-0.00350292
0.4
-0.00350291
0.4
-0.00350291
0.4
-0.0035029
0.4
-0.00350289
0.4
-0.00350288
0.4
-0.00350286
0.4
-0.00350284
0.4
-0.00350281
0.4
-0.00350277
0.4
-0.00350273
0.4
-0.00350267
0.4
-0.00350261
0.4
-0.00350253
0.400001
-0.00350244
0.400001
-0.00350235
0.400001
-0.00350227
0.400001
-0.00350222
0.400001
-0.00350226
0.400001
-0.00350245
0.4
-0.00350292
0.399999
-0.00350388
0.399997
-0.00350563
0.399993
-0.00350868
0.399988
-0.00351386
0.399982
-0.00352247
0.399978
-0.00353708
0.399989
0.400017
-0.00248145
0.396161
-0.003025
0.397548
-0.00338686
0.398428
-0.00361343
0.398974
-0.00375118
0.399379
-0.00383154
0.399653
-0.00387411
0.399834
-0.00389267
0.399947
-0.00389618
0.400015
-0.00389077
0.400054
-0.00388043
0.400073
-0.00386777
0.400081
-0.00385443
0.400081
-0.00384138
0.400077
-0.00382921
0.40007
-0.0038182
0.400063
-0.00380844
0.400055
-0.00379994
0.400048
-0.00379262
0.400041
-0.00378638
0.400035
-0.00378111
0.400029
-0.00377667
0.400024
-0.00377297
0.40002
-0.00376988
0.400017
-0.00376732
0.400014
-0.00376521
0.400011
-0.00376346
0.400009
-0.00376203
0.400008
-0.00376085
0.400006
-0.00375988
0.400005
-0.00375908
0.400004
-0.00375843
0.400003
-0.0037579
0.400003
-0.00375747
0.400002
-0.00375711
0.400002
-0.00375682
0.400002
-0.00375659
0.400001
-0.0037564
0.400001
-0.00375624
0.400001
-0.00375611
0.400001
-0.00375601
0.400001
-0.00375592
0.4
-0.00375585
0.4
-0.00375579
0.4
-0.00375575
0.4
-0.00375571
0.4
-0.00375568
0.4
-0.00375565
0.4
-0.00375563
0.4
-0.00375562
0.4
-0.0037556
0.4
-0.00375559
0.4
-0.00375558
0.4
-0.00375558
0.4
-0.00375557
0.4
-0.00375557
0.4
-0.00375556
0.4
-0.00375556
0.4
-0.00375556
0.4
-0.00375555
0.4
-0.00375555
0.4
-0.00375555
0.4
-0.00375555
0.4
-0.00375555
0.4
-0.00375555
0.4
-0.00375555
0.4
-0.00375555
0.4
-0.00375554
0.4
-0.00375554
0.4
-0.00375554
0.4
-0.00375554
0.4
-0.00375554
0.4
-0.00375553
0.4
-0.00375553
0.4
-0.00375552
0.4
-0.00375551
0.4
-0.0037555
0.4
-0.00375549
0.4
-0.00375547
0.4
-0.00375545
0.4
-0.00375542
0.4
-0.00375538
0.4
-0.00375533
0.4
-0.00375527
0.4
-0.0037552
0.4
-0.00375511
0.400001
-0.00375501
0.400001
-0.00375491
0.400001
-0.00375481
0.400001
-0.00375474
0.400001
-0.00375475
0.400001
-0.0037549
0.4
-0.00375531
0.399999
-0.00375618
0.399998
-0.0037578
0.399995
-0.0037606
0.399991
-0.00376521
0.399987
-0.00377249
0.399986
-0.00378378
0.400001
0.400033
-0.00273067
0.397012
-0.00328177
0.398099
-0.00364442
0.398791
-0.00387189
0.399202
-0.00400947
0.399517
-0.00408878
0.399733
-0.00412964
0.399875
-0.00414623
0.399963
-0.00414777
0.400017
-0.00414051
0.400046
-0.00412848
0.400061
-0.00411432
0.400067
-0.00409965
0.400067
-0.00408548
0.400063
-0.00407234
0.400057
-0.0040605
0.400051
-0.00405006
0.400045
-0.00404098
0.400039
-0.00403318
0.400033
-0.00402655
0.400028
-0.00402095
0.400023
-0.00401624
0.40002
-0.00401231
0.400016
-0.00400905
0.400014
-0.00400634
0.400011
-0.0040041
0.400009
-0.00400225
0.400008
-0.00400074
0.400006
-0.00399949
0.400005
-0.00399847
0.400004
-0.00399763
0.400003
-0.00399695
0.400003
-0.00399639
0.400002
-0.00399593
0.400002
-0.00399556
0.400002
-0.00399525
0.400001
-0.003995
0.400001
-0.0039948
0.400001
-0.00399463
0.400001
-0.0039945
0.400001
-0.00399439
0.4
-0.0039943
0.4
-0.00399423
0.4
-0.00399417
0.4
-0.00399412
0.4
-0.00399408
0.4
-0.00399405
0.4
-0.00399402
0.4
-0.003994
0.4
-0.00399398
0.4
-0.00399397
0.4
-0.00399396
0.4
-0.00399395
0.4
-0.00399394
0.4
-0.00399393
0.4
-0.00399393
0.4
-0.00399393
0.4
-0.00399392
0.4
-0.00399392
0.4
-0.00399392
0.4
-0.00399391
0.4
-0.00399391
0.4
-0.00399391
0.4
-0.00399391
0.4
-0.00399391
0.4
-0.00399391
0.4
-0.00399391
0.4
-0.00399391
0.4
-0.0039939
0.4
-0.0039939
0.4
-0.0039939
0.4
-0.0039939
0.4
-0.00399389
0.4
-0.00399389
0.4
-0.00399388
0.4
-0.00399387
0.4
-0.00399386
0.4
-0.00399385
0.4
-0.00399383
0.4
-0.00399381
0.4
-0.00399377
0.4
-0.00399373
0.4
-0.00399368
0.4
-0.00399362
0.4
-0.00399354
0.4
-0.00399345
0.4
-0.00399334
0.4
-0.00399322
0.400001
-0.0039931
0.400001
-0.00399301
0.400001
-0.00399297
0.400001
-0.00399307
0.4
-0.00399341
0.4
-0.00399418
0.399998
-0.00399563
0.399996
-0.00399815
0.399993
-0.00400212
0.399991
-0.00400786
0.399991
-0.00401514
0.400008
0.400041
-0.00296481
0.397909
-0.00351151
0.398645
-0.00386748
0.399147
-0.00409257
0.399427
-0.00422824
0.399652
-0.00430534
0.39981
-0.00434372
0.399913
-0.00435783
0.399977
-0.00435705
0.400016
-0.00434769
0.400037
-0.00433383
0.400048
-0.00431808
0.400051
-0.00430205
0.400051
-0.00428672
0.400048
-0.0042726
0.400043
-0.00425994
0.400038
-0.00424882
0.400034
-0.00423917
0.400029
-0.0042309
0.400025
-0.00422388
0.400021
-0.00421796
0.400018
-0.00421299
0.400015
-0.00420885
0.400012
-0.00420541
0.40001
-0.00420256
0.400008
-0.0042002
0.400007
-0.00419826
0.400006
-0.00419667
0.400005
-0.00419536
0.400004
-0.00419429
0.400003
-0.00419341
0.400003
-0.00419269
0.400002
-0.00419211
0.400002
-0.00419163
0.400001
-0.00419124
0.400001
-0.00419092
0.400001
-0.00419066
0.400001
-0.00419044
0.400001
-0.00419027
0.4
-0.00419013
0.4
-0.00419002
0.4
-0.00418992
0.4
-0.00418985
0.4
-0.00418979
0.4
-0.00418973
0.4
-0.00418969
0.4
-0.00418966
0.4
-0.00418963
0.4
-0.00418961
0.4
-0.00418959
0.4
-0.00418958
0.4
-0.00418957
0.4
-0.00418956
0.4
-0.00418955
0.4
-0.00418954
0.4
-0.00418954
0.4
-0.00418953
0.4
-0.00418953
0.4
-0.00418953
0.4
-0.00418952
0.4
-0.00418952
0.4
-0.00418952
0.4
-0.00418952
0.4
-0.00418952
0.4
-0.00418952
0.4
-0.00418952
0.4
-0.00418951
0.4
-0.00418951
0.4
-0.00418951
0.4
-0.00418951
0.4
-0.00418951
0.4
-0.0041895
0.4
-0.0041895
0.4
-0.0041895
0.4
-0.00418949
0.4
-0.00418948
0.4
-0.00418947
0.4
-0.00418945
0.4
-0.00418943
0.4
-0.00418941
0.4
-0.00418937
0.4
-0.00418933
0.4
-0.00418928
0.4
-0.00418921
0.4
-0.00418913
0.4
-0.00418903
0.4
-0.00418891
0.4
-0.00418877
0.4
-0.00418864
0.4
-0.00418851
0.4
-0.00418844
0.4
-0.00418848
0.4
-0.00418873
0.4
-0.00418938
0.399999
-0.00419065
0.399998
-0.00419285
0.399996
-0.00419617
0.399994
-0.00420027
0.399995
-0.00420302
0.400011
0.40004
-0.00310099
0.398797
-0.00363067
0.399175
-0.00397032
0.399487
-0.00418942
0.399646
-0.00432153
0.399784
-0.00439529
0.399883
-0.00443049
0.399948
-0.00444162
0.399989
-0.00443823
0.400012
-0.0044266
0.400025
-0.0044108
0.400032
-0.00439339
0.400034
-0.00437598
0.400033
-0.00435948
0.400031
-0.00434439
0.400028
-0.00433092
0.400025
-0.00431913
0.400022
-0.00430893
0.400019
-0.00430021
0.400016
-0.00429282
0.400013
-0.0042866
0.400011
-0.00428139
0.400009
-0.00427704
0.400008
-0.00427344
0.400007
-0.00427046
0.400005
-0.004268
0.400004
-0.00426597
0.400004
-0.0042643
0.400003
-0.00426294
0.400002
-0.00426182
0.400002
-0.0042609
0.400002
-0.00426016
0.400001
-0.00425954
0.400001
-0.00425905
0.400001
-0.00425864
0.400001
-0.00425831
0.400001
-0.00425804
0.4
-0.00425782
0.4
-0.00425764
0.4
-0.00425749
0.4
-0.00425737
0.4
-0.00425728
0.4
-0.0042572
0.4
-0.00425713
0.4
-0.00425708
0.4
-0.00425704
0.4
-0.004257
0.4
-0.00425698
0.4
-0.00425695
0.4
-0.00425693
0.4
-0.00425692
0.4
-0.00425691
0.4
-0.0042569
0.4
-0.00425689
0.4
-0.00425688
0.4
-0.00425688
0.4
-0.00425687
0.4
-0.00425687
0.4
-0.00425687
0.4
-0.00425686
0.4
-0.00425686
0.4
-0.00425686
0.4
-0.00425686
0.4
-0.00425686
0.4
-0.00425686
0.4
-0.00425686
0.4
-0.00425685
0.4
-0.00425685
0.4
-0.00425685
0.4
-0.00425685
0.4
-0.00425685
0.4
-0.00425684
0.4
-0.00425684
0.4
-0.00425684
0.4
-0.00425683
0.4
-0.00425682
0.4
-0.00425681
0.4
-0.00425679
0.4
-0.00425677
0.4
-0.00425674
0.4
-0.00425671
0.4
-0.00425667
0.4
-0.00425661
0.4
-0.00425654
0.4
-0.00425645
0.4
-0.00425634
0.4
-0.00425621
0.4
-0.00425606
0.4
-0.0042559
0.4
-0.00425575
0.4
-0.00425563
0.4
-0.00425561
0.4
-0.00425577
0.4
-0.00425628
0.399999
-0.00425735
0.399999
-0.00425924
0.399997
-0.00426191
0.399997
-0.00426447
0.399998
-0.00426275
0.400009
0.400031
-0.00288555
0.399578
-0.00338328
0.399673
-0.00369517
0.399799
-0.00390439
0.399855
-0.0040315
0.399911
-0.00410086
0.399953
-0.00413234
0.39998
-0.00414017
0.399996
-0.00413401
0.400006
-0.00412005
0.400012
-0.0041023
0.400014
-0.00408327
0.400015
-0.00406451
0.400014
-0.00404689
0.400013
-0.00403089
0.400012
-0.00401668
0.400011
-0.00400427
0.400009
-0.00399357
0.400008
-0.00398445
0.400007
-0.00397672
0.400006
-0.00397023
0.400005
-0.00396481
0.400004
-0.00396029
0.400003
-0.00395654
0.400003
-0.00395345
0.400002
-0.0039509
0.400002
-0.0039488
0.400002
-0.00394708
0.400001
-0.00394566
0.400001
-0.00394451
0.400001
-0.00394356
0.400001
-0.00394279
0.400001
-0.00394216
0.4
-0.00394165
0.4
-0.00394123
0.4
-0.00394089
0.4
-0.00394061
0.4
-0.00394038
0.4
-0.0039402
0.4
-0.00394005
0.4
-0.00393993
0.4
-0.00393983
0.4
-0.00393975
0.4
-0.00393968
0.4
-0.00393963
0.4
-0.00393958
0.4
-0.00393955
0.4
-0.00393952
0.4
-0.00393949
0.4
-0.00393948
0.4
-0.00393946
0.4
-0.00393945
0.4
-0.00393944
0.4
-0.00393943
0.4
-0.00393942
0.4
-0.00393942
0.4
-0.00393941
0.4
-0.00393941
0.4
-0.00393941
0.4
-0.0039394
0.4
-0.0039394
0.4
-0.0039394
0.4
-0.0039394
0.4
-0.0039394
0.4
-0.0039394
0.4
-0.00393939
0.4
-0.00393939
0.4
-0.00393939
0.4
-0.00393939
0.4
-0.00393939
0.4
-0.00393939
0.4
-0.00393938
0.4
-0.00393938
0.4
-0.00393937
0.4
-0.00393937
0.4
-0.00393936
0.4
-0.00393935
0.4
-0.00393933
0.4
-0.00393931
0.4
-0.00393928
0.4
-0.00393925
0.4
-0.0039392
0.4
-0.00393914
0.4
-0.00393907
0.4
-0.00393897
0.4
-0.00393886
0.4
-0.00393872
0.4
-0.00393856
0.4
-0.00393838
0.4
-0.00393819
0.4
-0.00393803
0.4
-0.00393794
0.4
-0.00393801
0.4
-0.00393838
0.4
-0.00393924
0.399999
-0.00394083
0.399999
-0.00394294
0.399999
-0.00394431
0.399999
-0.00393946
0.400004
0.400015
-0.00178912
-0.00211632
-0.00231775
-0.00246261
-0.00255121
-0.00259838
-0.00261869
-0.00262223
-0.00261605
-0.00260452
-0.00259051
-0.00257577
-0.00256141
-0.00254802
-0.00253591
-0.0025252
-0.00251587
-0.00250785
-0.00250103
-0.00249526
-0.00249042
-0.00248637
-0.00248301
-0.00248023
-0.00247793
-0.00247603
-0.00247448
-0.0024732
-0.00247216
-0.0024713
-0.0024706
-0.00247003
-0.00246957
-0.00246919
-0.00246888
-0.00246863
-0.00246842
-0.00246826
-0.00246812
-0.00246801
-0.00246792
-0.00246785
-0.00246779
-0.00246774
-0.0024677
-0.00246767
-0.00246764
-0.00246762
-0.00246761
-0.00246759
-0.00246758
-0.00246757
-0.00246756
-0.00246756
-0.00246755
-0.00246755
-0.00246755
-0.00246754
-0.00246754
-0.00246754
-0.00246754
-0.00246754
-0.00246754
-0.00246753
-0.00246753
-0.00246753
-0.00246753
-0.00246753
-0.00246753
-0.00246753
-0.00246753
-0.00246752
-0.00246752
-0.00246752
-0.00246751
-0.00246751
-0.0024675
-0.00246749
-0.00246747
-0.00246745
-0.00246742
-0.00246739
-0.00246735
-0.00246729
-0.00246722
-0.00246713
-0.00246703
-0.0024669
-0.00246676
-0.00246661
-0.00246646
-0.00246636
-0.00246635
-0.00246653
-0.00246705
-0.00246804
-0.00246932
-0.0024699
-0.00246582
)
;

boundaryField
{
    inlet
    {
        type            calculated;
        value           nonuniform List<scalar> 
40
(
-0.00136691
-0.00210499
-0.00221323
-0.00206716
-0.00187943
-0.00170065
-0.00153921
-0.00139315
-0.00125871
-0.00113268
-0.00101276
-0.000897378
-0.000785439
-0.000676172
-0.000569002
-0.000463479
-0.000359231
-0.000255936
-0.000153304
-5.10619e-05
5.10506e-05
0.000153292
0.000255925
0.000359221
0.00046347
0.000568994
0.000676166
0.000785434
0.000897374
0.00101276
0.00113268
0.00125871
0.00139315
0.00153922
0.00170066
0.00187944
0.00206717
0.00221324
0.002105
0.00136692
)
;
    }
    outlet
    {
        type            calculated;
        value           nonuniform List<scalar> 
40
(
0.00245125
0.00392294
0.00425364
0.00420268
0.00402312
0.00379904
0.00355836
0.0033103
0.00305794
0.00280236
0.00254403
0.00228321
0.00202014
0.00175504
0.00148814
0.00121971
0.000949998
0.00067929
0.000407864
0.000136003
-0.000136002
-0.000407862
-0.000679289
-0.000949997
-0.0012197
-0.00148814
-0.00175503
-0.00202014
-0.00228321
-0.00254403
-0.00280236
-0.00305794
-0.0033103
-0.00355836
-0.00379905
-0.00402312
-0.00420269
-0.00425365
-0.00392294
-0.00245125
)
;
    }
    lowerWall
    {
        type            calculated;
        value           nonuniform List<scalar> 
100
(
-0.4
-0.4
-0.4
-0.4
-0.4
-0.4
-0.4
-0.4
-0.4
-0.4
-0.4
-0.4
-0.4
-0.4
-0.4
-0.4
-0.4
-0.4
-0.4
-0.4
-0.4
-0.4
-0.4
-0.4
-0.4
-0.4
-0.4
-0.4
-0.4
-0.4
-0.4
-0.4
-0.4
-0.4
-0.4
-0.4
-0.4
-0.4
-0.4
-0.4
-0.4
-0.4
-0.4
-0.4
-0.4
-0.4
-0.4
-0.4
-0.4
-0.4
-0.4
-0.4
-0.4
-0.4
-0.4
-0.4
-0.4
-0.4
-0.4
-0.4
-0.4
-0.4
-0.4
-0.4
-0.4
-0.4
-0.4
-0.4
-0.4
-0.4
-0.4
-0.4
-0.4
-0.4
-0.4
-0.4
-0.4
-0.4
-0.4
-0.4
-0.4
-0.4
-0.4
-0.4
-0.4
-0.4
-0.4
-0.4
-0.4
-0.4
-0.4
-0.4
-0.4
-0.4
-0.4
-0.4
-0.4
-0.4
-0.4
-0.4
)
;
    }
    upperWall
    {
        type            calculated;
        value           nonuniform List<scalar> 
100
(
0.4
0.4
0.4
0.4
0.4
0.4
0.4
0.4
0.4
0.4
0.4
0.4
0.4
0.4
0.4
0.4
0.4
0.4
0.4
0.4
0.4
0.4
0.4
0.4
0.4
0.4
0.4
0.4
0.4
0.4
0.4
0.4
0.4
0.4
0.4
0.4
0.4
0.4
0.4
0.4
0.4
0.4
0.4
0.4
0.4
0.4
0.4
0.4
0.4
0.4
0.4
0.4
0.4
0.4
0.4
0.4
0.4
0.4
0.4
0.4
0.4
0.4
0.4
0.4
0.4
0.4
0.4
0.4
0.4
0.4
0.4
0.4
0.4
0.4
0.4
0.4
0.4
0.4
0.4
0.4
0.4
0.4
0.4
0.4
0.4
0.4
0.4
0.4
0.4
0.4
0.4
0.4
0.4
0.4
0.4
0.4
0.4
0.4
0.4
0.4
)
;
    }
    frontAndBack
    {
        type            empty;
        value           nonuniform 0();
    }
}


// ************************************************************************* //
