/*--------------------------------*- C++ -*----------------------------------*\
  =========                 |
  \\      /  F ield         | OpenFOAM: The Open Source CFD Toolbox
   \\    /   O peration     | Website:  https://openfoam.org
    \\  /    A nd           | Version:  7
     \\/     M anipulation  |
\*---------------------------------------------------------------------------*/
FoamFile
{
    version     2.0;
    format      ascii;
    class       volVectorField;
    location    "3";
    object      U;
}
// * * * * * * * * * * * * * * * * * * * * * * * * * * * * * * * * * * * * * //

dimensions      [0 1 -1 0 0 0 0];

internalField   nonuniform List<vector> 
4000
(
(0.53756 0.056397 0)
(0.552164 0.00359843 0)
(0.517048 -0.00176414 0)
(0.522868 -0.00200132 0)
(0.521057 -0.00213092 0)
(0.521989 -0.00203771 0)
(0.521383 -0.00204478 0)
(0.521233 -0.00203495 0)
(0.52089 -0.00204441 0)
(0.520682 -0.00204834 0)
(0.520477 -0.0020541 0)
(0.520323 -0.00205785 0)
(0.52019 -0.00206127 0)
(0.520082 -0.00206381 0)
(0.519991 -0.00206589 0)
(0.519916 -0.00206752 0)
(0.519852 -0.00206886 0)
(0.519797 -0.00206989 0)
(0.519751 -0.00207072 0)
(0.519712 -0.00207146 0)
(0.519678 -0.00207202 0)
(0.519649 -0.00207251 0)
(0.519624 -0.00207292 0)
(0.519603 -0.00207324 0)
(0.519584 -0.00207349 0)
(0.519569 -0.00207374 0)
(0.519555 -0.00207398 0)
(0.519544 -0.00207416 0)
(0.519534 -0.00207428 0)
(0.519526 -0.00207441 0)
(0.519519 -0.00207449 0)
(0.519513 -0.00207459 0)
(0.519507 -0.00207469 0)
(0.519503 -0.00207476 0)
(0.519499 -0.00207478 0)
(0.519496 -0.00207482 0)
(0.519494 -0.00207487 0)
(0.519491 -0.00207492 0)
(0.51949 -0.00207495 0)
(0.519488 -0.00207498 0)
(0.519487 -0.00207497 0)
(0.519486 -0.00207498 0)
(0.519485 -0.00207501 0)
(0.519484 -0.00207504 0)
(0.519483 -0.00207504 0)
(0.519483 -0.00207505 0)
(0.519482 -0.00207503 0)
(0.519482 -0.00207504 0)
(0.519482 -0.00207507 0)
(0.519481 -0.00207509 0)
(0.519481 -0.00207506 0)
(0.519481 -0.00207507 0)
(0.519481 -0.00207507 0)
(0.519481 -0.0020751 0)
(0.51948 -0.00207509 0)
(0.51948 -0.00207509 0)
(0.51948 -0.00207507 0)
(0.51948 -0.00207508 0)
(0.51948 -0.00207509 0)
(0.51948 -0.0020751 0)
(0.51948 -0.00207508 0)
(0.51948 -0.00207509 0)
(0.51948 -0.00207508 0)
(0.51948 -0.00207509 0)
(0.51948 -0.00207509 0)
(0.51948 -0.0020751 0)
(0.51948 -0.00207508 0)
(0.51948 -0.00207509 0)
(0.51948 -0.00207508 0)
(0.51948 -0.00207509 0)
(0.51948 -0.00207509 0)
(0.51948 -0.00207509 0)
(0.51948 -0.00207508 0)
(0.51948 -0.00207509 0)
(0.51948 -0.00207509 0)
(0.51948 -0.00207509 0)
(0.51948 -0.00207508 0)
(0.51948 -0.00207509 0)
(0.51948 -0.00207508 0)
(0.51948 -0.00207508 0)
(0.519479 -0.00207508 0)
(0.519479 -0.00207507 0)
(0.519479 -0.00207506 0)
(0.519479 -0.00207505 0)
(0.519478 -0.00207503 0)
(0.519478 -0.00207501 0)
(0.519477 -0.00207497 0)
(0.519476 -0.00207492 0)
(0.519474 -0.00207485 0)
(0.519472 -0.00207476 0)
(0.519468 -0.00207463 0)
(0.519463 -0.0020745 0)
(0.519457 -0.00207436 0)
(0.51945 -0.00207434 0)
(0.519443 -0.00207463 0)
(0.519435 -0.00207528 0)
(0.519441 -0.00207439 0)
(0.519359 -0.0020612 0)
(0.519227 -0.0020212 0)
(0.518637 -0.00215161 0)
(0.864904 0.128456 0)
(0.911539 0.0160072 0)
(0.861932 0.000986875 0)
(0.871315 -7.13621e-05 0)
(0.867931 -0.000505923 0)
(0.869519 -0.000190992 0)
(0.868561 -0.000202194 0)
(0.868393 -0.000164387 0)
(0.867881 -0.00019399 0)
(0.867586 -0.000206851 0)
(0.867283 -0.000226432 0)
(0.867058 -0.000239452 0)
(0.866862 -0.000251574 0)
(0.866704 -0.000260771 0)
(0.86657 -0.000267992 0)
(0.866459 -0.000273705 0)
(0.866364 -0.000278422 0)
(0.866284 -0.000282262 0)
(0.866216 -0.000285397 0)
(0.866157 -0.000288145 0)
(0.866107 -0.000290419 0)
(0.866064 -0.000292282 0)
(0.866026 -0.000293924 0)
(0.865994 -0.000295347 0)
(0.865966 -0.000296479 0)
(0.865942 -0.00029757 0)
(0.865922 -0.000298529 0)
(0.865904 -0.000299304 0)
(0.865889 -0.00029989 0)
(0.865876 -0.000300502 0)
(0.865864 -0.000300992 0)
(0.865855 -0.000301421 0)
(0.865847 -0.000301793 0)
(0.865839 -0.000302146 0)
(0.865834 -0.000302338 0)
(0.865828 -0.00030256 0)
(0.865824 -0.000302785 0)
(0.86582 -0.000302985 0)
(0.865817 -0.000303094 0)
(0.865815 -0.000303225 0)
(0.865812 -0.000303285 0)
(0.86581 -0.000303375 0)
(0.865809 -0.000303444 0)
(0.865807 -0.000303554 0)
(0.865806 -0.000303576 0)
(0.865805 -0.000303628 0)
(0.865804 -0.000303623 0)
(0.865804 -0.000303671 0)
(0.865803 -0.000303713 0)
(0.865802 -0.000303776 0)
(0.865802 -0.000303753 0)
(0.865802 -0.000303763 0)
(0.865801 -0.000303772 0)
(0.865801 -0.00030384 0)
(0.865801 -0.000303814 0)
(0.865801 -0.000303824 0)
(0.865801 -0.000303801 0)
(0.8658 -0.000303831 0)
(0.8658 -0.000303841 0)
(0.8658 -0.000303858 0)
(0.8658 -0.000303811 0)
(0.8658 -0.00030383 0)
(0.8658 -0.000303809 0)
(0.8658 -0.000303834 0)
(0.8658 -0.000303827 0)
(0.8658 -0.000303834 0)
(0.8658 -0.000303803 0)
(0.8658 -0.000303828 0)
(0.8658 -0.000303813 0)
(0.8658 -0.000303838 0)
(0.8658 -0.000303824 0)
(0.8658 -0.000303834 0)
(0.8658 -0.000303811 0)
(0.8658 -0.00030383 0)
(0.8658 -0.000303826 0)
(0.8658 -0.000303845 0)
(0.865799 -0.00030382 0)
(0.865799 -0.000303833 0)
(0.865799 -0.000303818 0)
(0.865799 -0.000303819 0)
(0.865799 -0.000303791 0)
(0.865799 -0.000303781 0)
(0.865799 -0.00030373 0)
(0.865798 -0.000303694 0)
(0.865797 -0.000303628 0)
(0.865797 -0.000303547 0)
(0.865795 -0.000303404 0)
(0.865793 -0.000303232 0)
(0.865791 -0.000302977 0)
(0.865787 -0.000302645 0)
(0.865782 -0.000302184 0)
(0.865775 -0.000301645 0)
(0.865766 -0.000301014 0)
(0.865753 -0.000300663 0)
(0.865741 -0.000300876 0)
(0.865723 -0.000301454 0)
(0.865717 -0.000293345 0)
(0.865545 -0.00023957 0)
(0.865251 -7.34743e-05 0)
(0.863185 -0.000219208 0)
(0.960306 0.13591 0)
(1.02531 0.024436 0)
(0.976297 0.00334386 0)
(0.987378 0.000824083 0)
(0.983069 0.000102134 0)
(0.98497 0.000607137 0)
(0.983896 0.000612988 0)
(0.983802 0.000676711 0)
(0.98328 0.000628657 0)
(0.983004 0.00060457 0)
(0.982704 0.000570052 0)
(0.982486 0.00054636 0)
(0.982294 0.000524628 0)
(0.98214 0.000507993 0)
(0.982009 0.000494747 0)
(0.981901 0.000484197 0)
(0.981808 0.000475545 0)
(0.98173 0.000468439 0)
(0.981663 0.000462594 0)
(0.981605 0.000457605 0)
(0.981556 0.000453428 0)
(0.981513 0.000449941 0)
(0.981475 0.000446916 0)
(0.981443 0.00044425 0)
(0.981415 0.000442047 0)
(0.981391 0.000440031 0)
(0.98137 0.000438338 0)
(0.981352 0.000436892 0)
(0.981336 0.000435677 0)
(0.981323 0.000434516 0)
(0.981311 0.00043358 0)
(0.981301 0.000432773 0)
(0.981292 0.000432091 0)
(0.981284 0.000431428 0)
(0.981278 0.000430963 0)
(0.981272 0.000430489 0)
(0.981268 0.000430093 0)
(0.981264 0.000429752 0)
(0.98126 0.000429523 0)
(0.981257 0.00042925 0)
(0.981255 0.000429071 0)
(0.981252 0.000428876 0)
(0.981251 0.000428767 0)
(0.981249 0.000428605 0)
(0.981247 0.000428548 0)
(0.981246 0.00042842 0)
(0.981245 0.000428362 0)
(0.981244 0.000428286 0)
(0.981244 0.000428256 0)
(0.981243 0.000428149 0)
(0.981243 0.000428133 0)
(0.981242 0.00042809 0)
(0.981242 0.000428091 0)
(0.981241 0.000428005 0)
(0.981241 0.000428029 0)
(0.981241 0.000427989 0)
(0.981241 0.000427999 0)
(0.981241 0.000427966 0)
(0.981241 0.000427986 0)
(0.981241 0.000427956 0)
(0.981241 0.000428003 0)
(0.98124 0.000427972 0)
(0.98124 0.000428003 0)
(0.98124 0.000427979 0)
(0.98124 0.000428004 0)
(0.98124 0.000427978 0)
(0.98124 0.000428009 0)
(0.98124 0.000427975 0)
(0.98124 0.000428003 0)
(0.98124 0.000427976 0)
(0.98124 0.000427996 0)
(0.98124 0.000427971 0)
(0.98124 0.000427998 0)
(0.98124 0.00042797 0)
(0.98124 0.000427984 0)
(0.98124 0.000427956 0)
(0.98124 0.000427987 0)
(0.981239 0.000427973 0)
(0.981239 0.000427999 0)
(0.981239 0.000428003 0)
(0.981239 0.000428056 0)
(0.981239 0.000428079 0)
(0.981239 0.000428161 0)
(0.981238 0.000428235 0)
(0.981238 0.000428369 0)
(0.981237 0.000428529 0)
(0.981235 0.000428788 0)
(0.981233 0.000429121 0)
(0.981231 0.000429611 0)
(0.981227 0.000430252 0)
(0.981222 0.000431152 0)
(0.981215 0.000432238 0)
(0.981205 0.000433557 0)
(0.981192 0.000434545 0)
(0.981178 0.000435219 0)
(0.981151 0.000436359 0)
(0.981131 0.00045879 0)
(0.980908 0.000569063 0)
(0.980541 0.000943052 0)
(0.977593 0.00117799 0)
(0.984959 0.123302 0)
(1.05948 0.028663 0)
(1.01374 0.00469248 0)
(1.02589 0.000700382 0)
(1.02097 -0.000185983 0)
(1.02308 0.000441793 0)
(1.02197 0.000479959 0)
(1.02197 0.000561858 0)
(1.02149 0.000500166 0)
(1.02127 0.000464761 0)
(1.021 0.000416672 0)
(1.02082 0.000382485 0)
(1.02065 0.000351415 0)
(1.02052 0.000327085 0)
(1.0204 0.00030819 0)
(1.02031 0.000293264 0)
(1.02023 0.000281037 0)
(1.02016 0.000271041 0)
(1.0201 0.000262835 0)
(1.02005 0.000255841 0)
(1.02001 0.000249955 0)
(1.01997 0.000244994 0)
(1.01994 0.000240729 0)
(1.01991 0.000236961 0)
(1.01988 0.00023384 0)
(1.01986 0.000230979 0)
(1.01984 0.000228549 0)
(1.01983 0.000226453 0)
(1.01981 0.0002247 0)
(1.0198 0.000223076 0)
(1.01979 0.000221743 0)
(1.01978 0.00022056 0)
(1.01977 0.00021958 0)
(1.01976 0.000218617 0)
(1.01976 0.000217925 0)
(1.01975 0.00021725 0)
(1.01975 0.000216687 0)
(1.01974 0.000216159 0)
(1.01974 0.000215806 0)
(1.01974 0.000215415 0)
(1.01974 0.000215156 0)
(1.01973 0.000214854 0)
(1.01973 0.000214697 0)
(1.01973 0.000214452 0)
(1.01973 0.000214357 0)
(1.01973 0.000214181 0)
(1.01973 0.000214086 0)
(1.01972 0.000213951 0)
(1.01972 0.000213915 0)
(1.01972 0.000213766 0)
(1.01972 0.000213727 0)
(1.01972 0.000213643 0)
(1.01972 0.000213653 0)
(1.01972 0.00021353 0)
(1.01972 0.000213548 0)
(1.01972 0.000213492 0)
(1.01972 0.00021351 0)
(1.01972 0.000213459 0)
(1.01972 0.000213497 0)
(1.01972 0.000213446 0)
(1.01972 0.000213502 0)
(1.01972 0.000213465 0)
(1.01972 0.000213515 0)
(1.01972 0.000213476 0)
(1.01972 0.000213513 0)
(1.01972 0.000213472 0)
(1.01972 0.000213518 0)
(1.01972 0.000213472 0)
(1.01972 0.000213514 0)
(1.01972 0.000213475 0)
(1.01972 0.000213502 0)
(1.01972 0.000213462 0)
(1.01972 0.000213502 0)
(1.01972 0.000213463 0)
(1.01972 0.000213487 0)
(1.01972 0.000213444 0)
(1.01972 0.000213483 0)
(1.01972 0.000213465 0)
(1.01972 0.000213509 0)
(1.01972 0.000213509 0)
(1.01972 0.000213585 0)
(1.01972 0.000213621 0)
(1.01972 0.00021374 0)
(1.01972 0.000213848 0)
(1.01972 0.000214048 0)
(1.01972 0.00021428 0)
(1.01972 0.00021465 0)
(1.01971 0.000215135 0)
(1.01971 0.000215858 0)
(1.01971 0.000216795 0)
(1.0197 0.000218115 0)
(1.0197 0.000219743 0)
(1.01969 0.000221829 0)
(1.01968 0.000223692 0)
(1.01966 0.000226117 0)
(1.01963 0.000230523 0)
(1.0196 0.000271533 0)
(1.01935 0.000444102 0)
(1.01899 0.0010496 0)
(1.01589 0.00176925 0)
(0.988567 0.109984 0)
(1.06794 0.0309708 0)
(1.02558 0.00569844 0)
(1.03849 0.000547804 0)
(1.03315 -0.000407656 0)
(1.03543 0.00029678 0)
(1.0343 0.000368779 0)
(1.03441 0.000461862 0)
(1.03398 0.000390908 0)
(1.03382 0.000346132 0)
(1.0336 0.000287703 0)
(1.03345 0.000245297 0)
(1.03332 0.000207232 0)
(1.03321 0.000177293 0)
(1.03312 0.000153845 0)
(1.03304 0.000135283 0)
(1.03298 0.000120062 0)
(1.03292 0.000107615 0)
(1.03287 9.73819e-05 0)
(1.03283 8.86629e-05 0)
(1.0328 8.13017e-05 0)
(1.03276 7.50302e-05 0)
(1.03274 6.96282e-05 0)
(1.03271 6.48295e-05 0)
(1.03269 6.0805e-05 0)
(1.03267 5.70941e-05 0)
(1.03266 5.38788e-05 0)
(1.03264 5.10555e-05 0)
(1.03263 4.8798e-05 0)
(1.03262 4.67793e-05 0)
(1.03261 4.51091e-05 0)
(1.0326 4.36037e-05 0)
(1.03259 4.23748e-05 0)
(1.03259 4.11646e-05 0)
(1.03258 4.02615e-05 0)
(1.03258 3.94052e-05 0)
(1.03257 3.87015e-05 0)
(1.03257 3.80144e-05 0)
(1.03257 3.75423e-05 0)
(1.03256 3.70458e-05 0)
(1.03256 3.67162e-05 0)
(1.03256 3.6319e-05 0)
(1.03256 3.61047e-05 0)
(1.03256 3.57872e-05 0)
(1.03255 3.56461e-05 0)
(1.03255 3.54266e-05 0)
(1.03255 3.53019e-05 0)
(1.03255 3.5107e-05 0)
(1.03255 3.50482e-05 0)
(1.03255 3.48682e-05 0)
(1.03255 3.48113e-05 0)
(1.03255 3.46853e-05 0)
(1.03255 3.46953e-05 0)
(1.03255 3.45437e-05 0)
(1.03255 3.4551e-05 0)
(1.03255 3.44784e-05 0)
(1.03255 3.45067e-05 0)
(1.03255 3.44395e-05 0)
(1.03255 3.44873e-05 0)
(1.03255 3.44239e-05 0)
(1.03255 3.44906e-05 0)
(1.03255 3.44476e-05 0)
(1.03255 3.45116e-05 0)
(1.03255 3.44621e-05 0)
(1.03255 3.45084e-05 0)
(1.03255 3.44578e-05 0)
(1.03255 3.45165e-05 0)
(1.03255 3.44588e-05 0)
(1.03255 3.45078e-05 0)
(1.03255 3.44589e-05 0)
(1.03255 3.44943e-05 0)
(1.03255 3.44414e-05 0)
(1.03255 3.44872e-05 0)
(1.03255 3.44377e-05 0)
(1.03255 3.44687e-05 0)
(1.03255 3.44154e-05 0)
(1.03255 3.4461e-05 0)
(1.03255 3.44377e-05 0)
(1.03255 3.44957e-05 0)
(1.03255 3.4495e-05 0)
(1.03255 3.45882e-05 0)
(1.03255 3.46387e-05 0)
(1.03255 3.47892e-05 0)
(1.03255 3.49262e-05 0)
(1.03255 3.51813e-05 0)
(1.03254 3.54783e-05 0)
(1.03254 3.59482e-05 0)
(1.03254 3.65586e-05 0)
(1.03254 3.74753e-05 0)
(1.03254 3.86662e-05 0)
(1.03253 4.03474e-05 0)
(1.03253 4.24606e-05 0)
(1.03252 4.53076e-05 0)
(1.03251 4.82061e-05 0)
(1.03249 5.32443e-05 0)
(1.03246 6.23468e-05 0)
(1.03242 0.000123598 0)
(1.03218 0.000349228 0)
(1.03186 0.00116817 0)
(1.02902 0.002297 0)
(0.986394 0.0983076 0)
(1.06821 0.0321974 0)
(1.02896 0.00652394 0)
(1.04242 0.000502937 0)
(1.03679 -0.000472146 0)
(1.03921 0.000276667 0)
(1.03808 0.000380008 0)
(1.03829 0.000478844 0)
(1.03791 0.000402848 0)
(1.03781 0.000351526 0)
(1.03764 0.000286743 0)
(1.03753 0.000239358 0)
(1.03742 0.000197588 0)
(1.03734 0.000165064 0)
(1.03727 0.000138389 0)
(1.03722 0.000117058 0)
(1.03717 9.95776e-05 0)
(1.03712 8.52894e-05 0)
(1.03709 7.35156e-05 0)
(1.03705 6.35294e-05 0)
(1.03703 5.51116e-05 0)
(1.037 4.79056e-05 0)
(1.03698 4.17031e-05 0)
(1.03696 3.62054e-05 0)
(1.03694 3.15764e-05 0)
(1.03693 2.73323e-05 0)
(1.03692 2.36362e-05 0)
(1.0369 2.03962e-05 0)
(1.03689 1.77653e-05 0)
(1.03689 1.54263e-05 0)
(1.03688 1.3477e-05 0)
(1.03687 1.17097e-05 0)
(1.03686 1.02729e-05 0)
(1.03686 8.86915e-06 0)
(1.03685 7.76743e-06 0)
(1.03685 6.74679e-06 0)
(1.03685 5.91868e-06 0)
(1.03684 5.11215e-06 0)
(1.03684 4.5223e-06 0)
(1.03684 3.91951e-06 0)
(1.03684 3.50923e-06 0)
(1.03683 3.02319e-06 0)
(1.03683 2.73655e-06 0)
(1.03683 2.35447e-06 0)
(1.03683 2.1458e-06 0)
(1.03683 1.87281e-06 0)
(1.03683 1.70728e-06 0)
(1.03683 1.46864e-06 0)
(1.03683 1.376e-06 0)
(1.03683 1.17682e-06 0)
(1.03683 1.09875e-06 0)
(1.03682 9.36477e-07 0)
(1.03682 9.36637e-07 0)
(1.03682 7.73917e-07 0)
(1.03682 7.62217e-07 0)
(1.03682 6.74353e-07 0)
(1.03682 7.05957e-07 0)
(1.03682 6.34851e-07 0)
(1.03682 6.82056e-07 0)
(1.03682 6.16736e-07 0)
(1.03682 6.8763e-07 0)
(1.03682 6.42359e-07 0)
(1.03682 7.14275e-07 0)
(1.03682 6.652e-07 0)
(1.03682 7.13451e-07 0)
(1.03682 6.5882e-07 0)
(1.03682 7.21831e-07 0)
(1.03682 6.60419e-07 0)
(1.03682 7.07968e-07 0)
(1.03682 6.55708e-07 0)
(1.03682 6.95558e-07 0)
(1.03682 6.35389e-07 0)
(1.03682 6.77707e-07 0)
(1.03682 6.22865e-07 0)
(1.03682 6.54513e-07 0)
(1.03682 5.97732e-07 0)
(1.03682 6.42184e-07 0)
(1.03682 6.15293e-07 0)
(1.03682 6.82671e-07 0)
(1.03682 6.86541e-07 0)
(1.03682 7.896e-07 0)
(1.03682 8.54453e-07 0)
(1.03682 1.02837e-06 0)
(1.03682 1.19391e-06 0)
(1.03682 1.49206e-06 0)
(1.03682 1.84553e-06 0)
(1.03682 2.42953e-06 0)
(1.03682 3.17069e-06 0)
(1.03682 4.26584e-06 0)
(1.03681 5.68846e-06 0)
(1.03681 7.68363e-06 0)
(1.03681 1.02314e-05 0)
(1.0368 1.38185e-05 0)
(1.03679 1.78329e-05 0)
(1.03678 2.55611e-05 0)
(1.03674 3.93725e-05 0)
(1.0367 0.000119356 0)
(1.03647 0.000383919 0)
(1.03621 0.00139854 0)
(1.03382 0.00284682 0)
(0.983101 0.087704 0)
(1.0661 0.0325107 0)
(1.02959 0.00711564 0)
(1.04347 0.000479778 0)
(1.03762 -0.000484669 0)
(1.04015 0.000282426 0)
(1.03902 0.000415599 0)
(1.03932 0.000518144 0)
(1.039 0.000439359 0)
(1.03896 0.000382903 0)
(1.03883 0.00031312 0)
(1.03876 0.000261428 0)
(1.03868 0.000216093 0)
(1.03863 0.000180755 0)
(1.03858 0.000151691 0)
(1.03854 0.000128435 0)
(1.0385 0.000109407 0)
(1.03847 9.38847e-05 0)
(1.03845 8.10791e-05 0)
(1.03842 7.02787e-05 0)
(1.0384 6.12218e-05 0)
(1.03839 5.34636e-05 0)
(1.03837 4.68061e-05 0)
(1.03836 4.09538e-05 0)
(1.03834 3.6038e-05 0)
(1.03833 3.15899e-05 0)
(1.03832 2.77395e-05 0)
(1.03831 2.43981e-05 0)
(1.03831 2.15401e-05 0)
(1.0383 1.89623e-05 0)
(1.03829 1.67997e-05 0)
(1.03829 1.48316e-05 0)
(1.03828 1.32208e-05 0)
(1.03828 1.16699e-05 0)
(1.03827 1.04046e-05 0)
(1.03827 9.24847e-06 0)
(1.03827 8.31281e-06 0)
(1.03827 7.41454e-06 0)
(1.03826 6.72349e-06 0)
(1.03826 6.02025e-06 0)
(1.03826 5.52711e-06 0)
(1.03826 4.96773e-06 0)
(1.03826 4.60655e-06 0)
(1.03826 4.1669e-06 0)
(1.03825 3.88774e-06 0)
(1.03825 3.57788e-06 0)
(1.03825 3.38046e-06 0)
(1.03825 3.11202e-06 0)
(1.03825 2.98322e-06 0)
(1.03825 2.76668e-06 0)
(1.03825 2.66894e-06 0)
(1.03825 2.47855e-06 0)
(1.03825 2.46103e-06 0)
(1.03825 2.29801e-06 0)
(1.03825 2.26947e-06 0)
(1.03825 2.16588e-06 0)
(1.03825 2.1921e-06 0)
(1.03825 2.12498e-06 0)
(1.03825 2.16876e-06 0)
(1.03825 2.10439e-06 0)
(1.03825 2.17526e-06 0)
(1.03825 2.13075e-06 0)
(1.03825 2.20517e-06 0)
(1.03825 2.16222e-06 0)
(1.03825 2.20963e-06 0)
(1.03825 2.15335e-06 0)
(1.03825 2.21464e-06 0)
(1.03825 2.15535e-06 0)
(1.03825 2.19944e-06 0)
(1.03825 2.14685e-06 0)
(1.03825 2.18771e-06 0)
(1.03825 2.1252e-06 0)
(1.03825 2.16075e-06 0)
(1.03825 2.10384e-06 0)
(1.03825 2.13244e-06 0)
(1.03825 2.07537e-06 0)
(1.03825 2.11577e-06 0)
(1.03825 2.08605e-06 0)
(1.03825 2.15768e-06 0)
(1.03825 2.16811e-06 0)
(1.03825 2.27631e-06 0)
(1.03825 2.35372e-06 0)
(1.03825 2.5429e-06 0)
(1.03825 2.73258e-06 0)
(1.03825 3.06342e-06 0)
(1.03825 3.46529e-06 0)
(1.03825 4.12243e-06 0)
(1.03824 4.99349e-06 0)
(1.03824 6.2459e-06 0)
(1.03824 7.86907e-06 0)
(1.03824 1.01315e-05 0)
(1.03824 1.30588e-05 0)
(1.03823 1.73367e-05 0)
(1.03822 2.24715e-05 0)
(1.03821 3.26967e-05 0)
(1.03818 5.07299e-05 0)
(1.03814 0.000147115 0)
(1.03794 0.000446177 0)
(1.03774 0.00162571 0)
(1.03587 0.00331293 0)
(0.980018 0.0779993 0)
(1.06348 0.0320581 0)
(1.02937 0.0074601 0)
(1.04355 0.000444606 0)
(1.03755 -0.000488463 0)
(1.04016 0.000278436 0)
(1.03904 0.000438116 0)
(1.03943 0.000542202 0)
(1.03916 0.000462931 0)
(1.03917 0.000403105 0)
(1.03908 0.00033023 0)
(1.03904 0.000275596 0)
(1.039 0.000227745 0)
(1.03897 0.00019031 0)
(1.03894 0.000159688 0)
(1.03891 0.000135197 0)
(1.03889 0.00011517 0)
(1.03887 9.88487e-05 0)
(1.03886 8.53627e-05 0)
(1.03884 7.40118e-05 0)
(1.03883 6.45177e-05 0)
(1.03882 5.63665e-05 0)
(1.03881 4.93609e-05 0)
(1.0388 4.32259e-05 0)
(1.03879 3.80536e-05 0)
(1.03878 3.33908e-05 0)
(1.03878 2.93485e-05 0)
(1.03877 2.58311e-05 0)
(1.03877 2.28031e-05 0)
(1.03876 2.00698e-05 0)
(1.03876 1.77671e-05 0)
(1.03875 1.56628e-05 0)
(1.03875 1.39243e-05 0)
(1.03875 1.22785e-05 0)
(1.03874 1.09094e-05 0)
(1.03874 9.66375e-06 0)
(1.03874 8.6579e-06 0)
(1.03874 7.70102e-06 0)
(1.03874 6.95103e-06 0)
(1.03873 6.18426e-06 0)
(1.03873 5.64211e-06 0)
(1.03873 5.05036e-06 0)
(1.03873 4.65074e-06 0)
(1.03873 4.18558e-06 0)
(1.03873 3.87399e-06 0)
(1.03873 3.5411e-06 0)
(1.03873 3.31886e-06 0)
(1.03873 3.01303e-06 0)
(1.03873 2.8444e-06 0)
(1.03873 2.60933e-06 0)
(1.03872 2.49667e-06 0)
(1.03872 2.28502e-06 0)
(1.03872 2.24713e-06 0)
(1.03872 2.08339e-06 0)
(1.03872 2.04369e-06 0)
(1.03872 1.92561e-06 0)
(1.03872 1.94205e-06 0)
(1.03872 1.87873e-06 0)
(1.03872 1.92179e-06 0)
(1.03872 1.85776e-06 0)
(1.03872 1.92813e-06 0)
(1.03872 1.88438e-06 0)
(1.03872 1.9603e-06 0)
(1.03872 1.923e-06 0)
(1.03872 1.97046e-06 0)
(1.03872 1.9127e-06 0)
(1.03872 1.97113e-06 0)
(1.03872 1.91515e-06 0)
(1.03872 1.9575e-06 0)
(1.03872 1.90421e-06 0)
(1.03872 1.94549e-06 0)
(1.03872 1.8824e-06 0)
(1.03872 1.91341e-06 0)
(1.03872 1.85535e-06 0)
(1.03872 1.88064e-06 0)
(1.03872 1.82338e-06 0)
(1.03872 1.86051e-06 0)
(1.03872 1.82754e-06 0)
(1.03872 1.90058e-06 0)
(1.03872 1.91547e-06 0)
(1.03872 2.0267e-06 0)
(1.03872 2.1127e-06 0)
(1.03872 2.31314e-06 0)
(1.03872 2.52034e-06 0)
(1.03872 2.8769e-06 0)
(1.03872 3.33112e-06 0)
(1.03872 4.02496e-06 0)
(1.03872 4.94596e-06 0)
(1.03872 6.27191e-06 0)
(1.03872 8.01107e-06 0)
(1.03872 1.0454e-05 0)
(1.03871 1.36715e-05 0)
(1.03871 1.85402e-05 0)
(1.0387 2.47298e-05 0)
(1.03869 3.75788e-05 0)
(1.03866 5.99099e-05 0)
(1.03863 0.000170701 0)
(1.03847 0.000496092 0)
(1.03834 0.00179851 0)
(1.03701 0.00365056 0)
(0.977435 0.0691586 0)
(1.06096 0.0310006 0)
(1.02893 0.00758244 0)
(1.04333 0.000400632 0)
(1.03721 -0.000487279 0)
(1.03988 0.000265065 0)
(1.03877 0.000446404 0)
(1.03924 0.000549903 0)
(1.03901 0.000472241 0)
(1.03908 0.000410907 0)
(1.03902 0.000337036 0)
(1.03902 0.000281109 0)
(1.039 0.000232191 0)
(1.03899 0.000193807 0)
(1.03898 0.000162488 0)
(1.03897 0.000137433 0)
(1.03896 0.000116957 0)
(1.03896 0.000100272 0)
(1.03895 8.64768e-05 0)
(1.03895 7.48669e-05 0)
(1.03894 6.51677e-05 0)
(1.03893 5.68285e-05 0)
(1.03893 4.96436e-05 0)
(1.03893 4.33569e-05 0)
(1.03892 3.80415e-05 0)
(1.03892 3.32433e-05 0)
(1.03891 2.90808e-05 0)
(1.03891 2.54361e-05 0)
(1.03891 2.23172e-05 0)
(1.03891 1.95052e-05 0)
(1.0389 1.71309e-05 0)
(1.0389 1.49501e-05 0)
(1.0389 1.31357e-05 0)
(1.0389 1.14419e-05 0)
(1.0389 1.00274e-05 0)
(1.03889 8.73046e-06 0)
(1.03889 7.69112e-06 0)
(1.03889 6.70037e-06 0)
(1.03889 5.93136e-06 0)
(1.03889 5.13722e-06 0)
(1.03889 4.57934e-06 0)
(1.03889 3.98175e-06 0)
(1.03889 3.57423e-06 0)
(1.03889 3.10758e-06 0)
(1.03889 2.79688e-06 0)
(1.03888 2.44205e-06 0)
(1.03888 2.20631e-06 0)
(1.03888 1.8771e-06 0)
(1.03888 1.69143e-06 0)
(1.03888 1.43769e-06 0)
(1.03888 1.31502e-06 0)
(1.03888 1.08437e-06 0)
(1.03888 1.02669e-06 0)
(1.03888 8.52758e-07 0)
(1.03888 8.05246e-07 0)
(1.03888 6.70646e-07 0)
(1.03888 6.79008e-07 0)
(1.03888 6.13922e-07 0)
(1.03888 6.61955e-07 0)
(1.03888 5.97622e-07 0)
(1.03888 6.70367e-07 0)
(1.03888 6.24356e-07 0)
(1.03888 7.03717e-07 0)
(1.03888 6.68552e-07 0)
(1.03888 7.19867e-07 0)
(1.03888 6.60269e-07 0)
(1.03888 7.17977e-07 0)
(1.03888 6.61992e-07 0)
(1.03888 7.05345e-07 0)
(1.03888 6.48905e-07 0)
(1.03888 6.9245e-07 0)
(1.03888 6.27403e-07 0)
(1.03888 6.57727e-07 0)
(1.03888 5.97265e-07 0)
(1.03888 6.20742e-07 0)
(1.03888 5.62073e-07 0)
(1.03888 5.98558e-07 0)
(1.03888 5.61341e-07 0)
(1.03888 6.34658e-07 0)
(1.03888 6.5078e-07 0)
(1.03888 7.65293e-07 0)
(1.03888 8.54278e-07 0)
(1.03888 1.0704e-06 0)
(1.03888 1.29376e-06 0)
(1.03888 1.66969e-06 0)
(1.03888 2.14359e-06 0)
(1.03888 2.85421e-06 0)
(1.03888 3.75614e-06 0)
(1.03888 5.08691e-06 0)
(1.03888 6.86576e-06 0)
(1.03888 9.40794e-06 0)
(1.03888 1.28244e-05 0)
(1.03887 1.81609e-05 0)
(1.03887 2.52677e-05 0)
(1.03886 4.04995e-05 0)
(1.03884 6.66154e-05 0)
(1.03881 0.000188615 0)
(1.03869 0.00053039 0)
(1.03863 0.00191152 0)
(1.03784 0.00385972 0)
(0.975341 0.0610853 0)
(1.0587 0.0294652 0)
(1.02847 0.00751144 0)
(1.04304 0.000354273 0)
(1.03682 -0.000479475 0)
(1.03954 0.000246144 0)
(1.03844 0.000443329 0)
(1.03896 0.000544398 0)
(1.03878 0.000470034 0)
(1.0389 0.000408878 0)
(1.03887 0.000335887 0)
(1.0389 0.000280163 0)
(1.03891 0.00023149 0)
(1.03892 0.000193205 0)
(1.03892 0.000161986 0)
(1.03893 0.000136997 0)
(1.03894 0.000116598 0)
(1.03894 9.99637e-05 0)
(1.03894 8.62187e-05 0)
(1.03894 7.46435e-05 0)
(1.03894 6.49758e-05 0)
(1.03895 5.66637e-05 0)
(1.03895 4.94893e-05 0)
(1.03895 4.32031e-05 0)
(1.03895 3.78863e-05 0)
(1.03895 3.30733e-05 0)
(1.03895 2.89096e-05 0)
(1.03895 2.52362e-05 0)
(1.03895 2.21067e-05 0)
(1.03894 1.928e-05 0)
(1.03894 1.68933e-05 0)
(1.03894 1.46888e-05 0)
(1.03894 1.28449e-05 0)
(1.03894 1.11374e-05 0)
(1.03894 9.71817e-06 0)
(1.03894 8.39254e-06 0)
(1.03894 7.34221e-06 0)
(1.03894 6.33121e-06 0)
(1.03894 5.56192e-06 0)
(1.03894 4.75497e-06 0)
(1.03894 4.1917e-06 0)
(1.03894 3.58678e-06 0)
(1.03894 3.17279e-06 0)
(1.03894 2.70084e-06 0)
(1.03894 2.39273e-06 0)
(1.03894 2.0285e-06 0)
(1.03894 1.80157e-06 0)
(1.03894 1.4683e-06 0)
(1.03894 1.2901e-06 0)
(1.03894 1.02288e-06 0)
(1.03894 8.98232e-07 0)
(1.03893 6.55255e-07 0)
(1.03893 5.85373e-07 0)
(1.03893 4.01744e-07 0)
(1.03893 3.56605e-07 0)
(1.03893 2.1006e-07 0)
(1.03893 2.14936e-07 0)
(1.03893 1.4331e-07 0)
(1.03893 2.00186e-07 0)
(1.03893 1.36107e-07 0)
(1.03893 2.1457e-07 0)
(1.03893 1.63177e-07 0)
(1.03893 2.4778e-07 0)
(1.03893 2.12663e-07 0)
(1.03893 2.71207e-07 0)
(1.03893 2.09844e-07 0)
(1.03893 2.69265e-07 0)
(1.03893 2.09462e-07 0)
(1.03893 2.55332e-07 0)
(1.03893 1.93587e-07 0)
(1.03893 2.41006e-07 0)
(1.03893 1.71516e-07 0)
(1.03893 2.03068e-07 0)
(1.03893 1.38316e-07 0)
(1.03893 1.61251e-07 0)
(1.03893 9.8749e-08 0)
(1.03893 1.37513e-07 0)
(1.03893 9.53709e-08 0)
(1.03893 1.68804e-07 0)
(1.03893 1.84156e-07 0)
(1.03893 3.03078e-07 0)
(1.03893 3.90871e-07 0)
(1.03893 6.09694e-07 0)
(1.03893 8.35385e-07 0)
(1.03893 1.2165e-06 0)
(1.03893 1.67052e-06 0)
(1.03893 2.36354e-06 0)
(1.03893 3.24945e-06 0)
(1.03893 4.57546e-06 0)
(1.03893 6.36483e-06 0)
(1.03893 8.95874e-06 0)
(1.03893 1.25017e-05 0)
(1.03893 1.81793e-05 0)
(1.03893 2.60156e-05 0)
(1.03892 4.31581e-05 0)
(1.03891 7.21825e-05 0)
(1.03889 0.000201557 0)
(1.03882 0.00055005 0)
(1.03882 0.00196701 0)
(1.03856 0.00394863 0)
(0.973661 0.0536586 0)
(1.05672 0.0275454 0)
(1.02804 0.00727101 0)
(1.04273 0.000308601 0)
(1.03644 -0.000464705 0)
(1.03919 0.00022354 0)
(1.0381 0.000430108 0)
(1.03868 0.000527127 0)
(1.03854 0.000457374 0)
(1.03869 0.000397878 0)
(1.0387 0.000327394 0)
(1.03876 0.000273181 0)
(1.03879 0.000225882 0)
(1.03882 0.0001886 0)
(1.03884 0.000158198 0)
(1.03886 0.000133849 0)
(1.03887 0.000114003 0)
(1.03889 9.78033e-05 0)
(1.0389 8.4429e-05 0)
(1.03891 7.31584e-05 0)
(1.03892 6.37376e-05 0)
(1.03892 5.56456e-05 0)
(1.03893 4.86537e-05 0)
(1.03893 4.25098e-05 0)
(1.03894 3.73194e-05 0)
(1.03894 3.26066e-05 0)
(1.03894 2.85473e-05 0)
(1.03894 2.49411e-05 0)
(1.03895 2.18705e-05 0)
(1.03895 1.90893e-05 0)
(1.03895 1.67454e-05 0)
(1.03895 1.4572e-05 0)
(1.03895 1.27427e-05 0)
(1.03895 1.10554e-05 0)
(1.03895 9.66495e-06 0)
(1.03895 8.33811e-06 0)
(1.03895 7.29869e-06 0)
(1.03895 6.28955e-06 0)
(1.03895 5.53546e-06 0)
(1.03895 4.73034e-06 0)
(1.03895 4.17054e-06 0)
(1.03895 3.56325e-06 0)
(1.03895 3.14407e-06 0)
(1.03895 2.666e-06 0)
(1.03895 2.36048e-06 0)
(1.03895 1.98569e-06 0)
(1.03895 1.76692e-06 0)
(1.03895 1.42642e-06 0)
(1.03895 1.25167e-06 0)
(1.03895 9.79176e-07 0)
(1.03895 8.58008e-07 0)
(1.03895 6.11064e-07 0)
(1.03895 5.34293e-07 0)
(1.03895 3.46174e-07 0)
(1.03895 3.11883e-07 0)
(1.03895 1.61841e-07 0)
(1.03895 1.66052e-07 0)
(1.03895 8.72849e-08 0)
(1.03895 1.52049e-07 0)
(1.03895 9.03491e-08 0)
(1.03895 1.75584e-07 0)
(1.03895 1.19392e-07 0)
(1.03895 2.08091e-07 0)
(1.03895 1.7429e-07 0)
(1.03895 2.40414e-07 0)
(1.03895 1.78921e-07 0)
(1.03895 2.40683e-07 0)
(1.03895 1.76779e-07 0)
(1.03895 2.24424e-07 0)
(1.03895 1.57766e-07 0)
(1.03895 2.08461e-07 0)
(1.03895 1.34368e-07 0)
(1.03895 1.66257e-07 0)
(1.03895 9.8488e-08 0)
(1.03895 1.20682e-07 0)
(1.03895 5.39316e-08 0)
(1.03895 9.49878e-08 0)
(1.03895 4.93485e-08 0)
(1.03895 1.21487e-07 0)
(1.03895 1.33164e-07 0)
(1.03895 2.55405e-07 0)
(1.03895 3.40874e-07 0)
(1.03895 5.46346e-07 0)
(1.03895 7.60257e-07 0)
(1.03895 1.13542e-06 0)
(1.03895 1.57227e-06 0)
(1.03895 2.25426e-06 0)
(1.03895 3.12723e-06 0)
(1.03895 4.4354e-06 0)
(1.03895 6.2062e-06 0)
(1.03895 8.80176e-06 0)
(1.03895 1.23911e-05 0)
(1.03895 1.82631e-05 0)
(1.03895 2.65938e-05 0)
(1.03895 4.5056e-05 0)
(1.03895 7.59611e-05 0)
(1.03893 0.000208666 0)
(1.03892 0.000554766 0)
(1.03898 0.00196685 0)
(1.03921 0.00392531 0)
(0.972314 0.0467714 0)
(1.055 0.0253141 0)
(1.02768 0.00688195 0)
(1.04245 0.000265045 0)
(1.0361 -0.000442863 0)
(1.03887 0.000198571 0)
(1.03778 0.00040767 0)
(1.03842 0.000499153 0)
(1.03831 0.000435021 0)
(1.0385 0.000378492 0)
(1.03854 0.00031193 0)
(1.03862 0.000260394 0)
(1.03867 0.000215462 0)
(1.03871 0.000179986 0)
(1.03875 0.00015105 0)
(1.03878 0.000127861 0)
(1.03881 0.000108989 0)
(1.03883 9.35719e-05 0)
(1.03885 8.08533e-05 0)
(1.03886 7.01288e-05 0)
(1.03888 6.11493e-05 0)
(1.03889 5.34475e-05 0)
(1.0389 4.67888e-05 0)
(1.03891 4.09192e-05 0)
(1.03892 3.59665e-05 0)
(1.03892 3.14601e-05 0)
(1.03893 2.75929e-05 0)
(1.03893 2.41418e-05 0)
(1.03894 2.11932e-05 0)
(1.03894 1.8516e-05 0)
(1.03894 1.62655e-05 0)
(1.03895 1.41786e-05 0)
(1.03895 1.24064e-05 0)
(1.03895 1.07757e-05 0)
(1.03895 9.44448e-06 0)
(1.03895 8.15313e-06 0)
(1.03895 7.1481e-06 0)
(1.03895 6.17038e-06 0)
(1.03895 5.4484e-06 0)
(1.03896 4.66571e-06 0)
(1.03896 4.12036e-06 0)
(1.03896 3.52864e-06 0)
(1.03896 3.11208e-06 0)
(1.03896 2.64123e-06 0)
(1.03896 2.34389e-06 0)
(1.03896 1.96564e-06 0)
(1.03896 1.75583e-06 0)
(1.03896 1.41742e-06 0)
(1.03896 1.24422e-06 0)
(1.03896 9.73446e-07 0)
(1.03896 8.54802e-07 0)
(1.03896 6.09289e-07 0)
(1.03896 5.23674e-07 0)
(1.03896 3.31426e-07 0)
(1.03896 3.01586e-07 0)
(1.03896 1.53124e-07 0)
(1.03896 1.57743e-07 0)
(1.03896 7.56932e-08 0)
(1.03896 1.43372e-07 0)
(1.03896 8.71238e-08 0)
(1.03896 1.77429e-07 0)
(1.03896 1.21579e-07 0)
(1.03896 2.1026e-07 0)
(1.03896 1.81408e-07 0)
(1.03896 2.5242e-07 0)
(1.03896 1.93941e-07 0)
(1.03896 2.56407e-07 0)
(1.03896 1.92038e-07 0)
(1.03896 2.38802e-07 0)
(1.03896 1.70063e-07 0)
(1.03896 2.20867e-07 0)
(1.03896 1.44937e-07 0)
(1.03896 1.73733e-07 0)
(1.03896 1.05325e-07 0)
(1.03896 1.2563e-07 0)
(1.03896 5.67085e-08 0)
(1.03896 9.67023e-08 0)
(1.03896 5.05991e-08 0)
(1.03896 1.19189e-07 0)
(1.03896 1.25797e-07 0)
(1.03896 2.47711e-07 0)
(1.03896 3.31209e-07 0)
(1.03896 5.25266e-07 0)
(1.03896 7.29263e-07 0)
(1.03896 1.09385e-06 0)
(1.03896 1.51213e-06 0)
(1.03896 2.17264e-06 0)
(1.03896 3.01722e-06 0)
(1.03896 4.27771e-06 0)
(1.03896 5.98936e-06 0)
(1.03896 8.52536e-06 0)
(1.03896 1.2069e-05 0)
(1.03896 1.7968e-05 0)
(1.03897 2.65211e-05 0)
(1.03897 4.56352e-05 0)
(1.03897 7.73146e-05 0)
(1.03896 0.00020927 0)
(1.03901 0.000544372 0)
(1.03912 0.00191363 0)
(1.03982 0.00379836 0)
(0.971235 0.0403345 0)
(1.05354 0.0228302 0)
(1.02737 0.00636336 0)
(1.0422 0.000224381 0)
(1.03581 -0.000413726 0)
(1.03858 0.000172489 0)
(1.0375 0.000377157 0)
(1.03817 0.000461717 0)
(1.0381 0.000403969 0)
(1.03832 0.000351544 0)
(1.03838 0.000290131 0)
(1.03849 0.000242305 0)
(1.03855 0.000200622 0)
(1.03862 0.000167664 0)
(1.03866 0.000140774 0)
(1.03871 0.000119218 0)
(1.03874 0.000101688 0)
(1.03877 8.73649e-05 0)
(1.0388 7.55562e-05 0)
(1.03882 6.5591e-05 0)
(1.03884 5.72295e-05 0)
(1.03886 5.00695e-05 0)
(1.03887 4.38761e-05 0)
(1.03888 3.84039e-05 0)
(1.03889 3.37887e-05 0)
(1.0389 2.95869e-05 0)
(1.03891 2.59882e-05 0)
(1.03892 2.27719e-05 0)
(1.03892 2.00049e-05 0)
(1.03893 1.74876e-05 0)
(1.03893 1.53747e-05 0)
(1.03894 1.34245e-05 0)
(1.03894 1.17494e-05 0)
(1.03894 1.02112e-05 0)
(1.03895 8.96595e-06 0)
(1.03895 7.74886e-06 0)
(1.03895 6.80076e-06 0)
(1.03895 5.88192e-06 0)
(1.03895 5.20753e-06 0)
(1.03895 4.46874e-06 0)
(1.03895 3.94758e-06 0)
(1.03896 3.39191e-06 0)
(1.03896 2.98871e-06 0)
(1.03896 2.54115e-06 0)
(1.03896 2.25808e-06 0)
(1.03896 1.889e-06 0)
(1.03896 1.68938e-06 0)
(1.03896 1.36828e-06 0)
(1.03896 1.19859e-06 0)
(1.03896 9.37532e-07 0)
(1.03896 8.20351e-07 0)
(1.03896 5.84744e-07 0)
(1.03896 4.90108e-07 0)
(1.03896 2.99348e-07 0)
(1.03896 2.67178e-07 0)
(1.03896 1.28074e-07 0)
(1.03896 1.33247e-07 0)
(1.03896 5.38251e-08 0)
(1.03896 1.18793e-07 0)
(1.03896 7.06948e-08 0)
(1.03896 1.62976e-07 0)
(1.03896 1.14874e-07 0)
(1.03896 1.99091e-07 0)
(1.03896 1.78697e-07 0)
(1.03896 2.51015e-07 0)
(1.03896 1.98907e-07 0)
(1.03896 2.59333e-07 0)
(1.03896 1.99473e-07 0)
(1.03896 2.42282e-07 0)
(1.03896 1.74751e-07 0)
(1.03896 2.21209e-07 0)
(1.03896 1.47036e-07 0)
(1.03896 1.68439e-07 0)
(1.03896 1.00876e-07 0)
(1.03896 1.17111e-07 0)
(1.03896 4.81764e-08 0)
(1.03896 8.31746e-08 0)
(1.03896 3.97611e-08 0)
(1.03896 1.03452e-07 0)
(1.03896 1.06382e-07 0)
(1.03896 2.23711e-07 0)
(1.03896 3.06019e-07 0)
(1.03896 4.86605e-07 0)
(1.03896 6.78859e-07 0)
(1.03896 1.02557e-06 0)
(1.03896 1.41623e-06 0)
(1.03896 2.03787e-06 0)
(1.03896 2.83544e-06 0)
(1.03896 4.01747e-06 0)
(1.03896 5.62911e-06 0)
(1.03897 8.04281e-06 0)
(1.03897 1.14455e-05 0)
(1.03897 1.71956e-05 0)
(1.03898 2.56782e-05 0)
(1.03898 4.47344e-05 0)
(1.03899 7.60483e-05 0)
(1.03899 0.000203267 0)
(1.0391 0.00051934 0)
(1.03926 0.00181109 0)
(1.04037 0.00357734 0)
(0.970373 0.0342717 0)
(1.0523 0.0201422 0)
(1.0271 0.00573302 0)
(1.04199 0.000186898 0)
(1.03556 -0.000377199 0)
(1.03832 0.000146335 0)
(1.03724 0.000339763 0)
(1.03796 0.000416103 0)
(1.03791 0.000365303 0)
(1.03816 0.000317962 0)
(1.03825 0.000262741 0)
(1.03837 0.000219529 0)
(1.03845 0.000181872 0)
(1.03853 0.00015205 0)
(1.03859 0.000127719 0)
(1.03864 0.000108215 0)
(1.03868 9.2348e-05 0)
(1.03872 7.93903e-05 0)
(1.03875 6.87173e-05 0)
(1.03878 5.96968e-05 0)
(1.0388 5.21126e-05 0)
(1.03882 4.56289e-05 0)
(1.03884 4.00169e-05 0)
(1.03886 3.50532e-05 0)
(1.03887 3.08662e-05 0)
(1.03888 2.7056e-05 0)
(1.03889 2.37945e-05 0)
(1.0389 2.0882e-05 0)
(1.03891 1.83539e-05 0)
(1.03892 1.60477e-05 0)
(1.03892 1.41126e-05 0)
(1.03893 1.23411e-05 0)
(1.03893 1.08024e-05 0)
(1.03894 9.38995e-06 0)
(1.03894 8.25424e-06 0)
(1.03894 7.14568e-06 0)
(1.03895 6.27707e-06 0)
(1.03895 5.43846e-06 0)
(1.03895 4.82615e-06 0)
(1.03895 4.15081e-06 0)
(1.03895 3.66366e-06 0)
(1.03895 3.16036e-06 0)
(1.03895 2.78312e-06 0)
(1.03896 2.37169e-06 0)
(1.03896 2.10928e-06 0)
(1.03896 1.76087e-06 0)
(1.03896 1.57391e-06 0)
(1.03896 1.28174e-06 0)
(1.03896 1.11984e-06 0)
(1.03896 8.74653e-07 0)
(1.03896 7.59382e-07 0)
(1.03896 5.41026e-07 0)
(1.03896 4.39977e-07 0)
(1.03896 2.57154e-07 0)
(1.03896 2.21088e-07 0)
(1.03896 9.6609e-08 0)
(1.03896 1.02927e-07 0)
(1.03896 3.11893e-08 0)
(1.03896 9.0426e-08 0)
(1.03896 5.15431e-08 0)
(1.03896 1.43134e-07 0)
(1.03896 1.09185e-07 0)
(1.03896 1.86916e-07 0)
(1.03896 1.7638e-07 0)
(1.03896 2.47941e-07 0)
(1.03896 2.04378e-07 0)
(1.03896 2.60666e-07 0)
(1.03896 2.08888e-07 0)
(1.03896 2.45989e-07 0)
(1.03896 1.81851e-07 0)
(1.03896 2.20325e-07 0)
(1.03896 1.50558e-07 0)
(1.03896 1.62083e-07 0)
(1.03896 9.6518e-08 0)
(1.03896 1.07331e-07 0)
(1.03896 4.00976e-08 0)
(1.03896 6.76386e-08 0)
(1.03896 2.91728e-08 0)
(1.03896 8.68228e-08 0)
(1.03896 8.77334e-08 0)
(1.03896 1.96434e-07 0)
(1.03896 2.76497e-07 0)
(1.03896 4.39594e-07 0)
(1.03896 6.15471e-07 0)
(1.03896 9.35827e-07 0)
(1.03896 1.29022e-06 0)
(1.03896 1.85795e-06 0)
(1.03896 2.59152e-06 0)
(1.03896 3.6694e-06 0)
(1.03897 5.14421e-06 0)
(1.03897 7.37598e-06 0)
(1.03897 1.0545e-05 0)
(1.03898 1.59701e-05 0)
(1.03898 2.4083e-05 0)
(1.03899 4.23648e-05 0)
(1.03901 7.21877e-05 0)
(1.03902 0.000190895 0)
(1.03917 0.00048059 0)
(1.03938 0.00166381 0)
(1.04087 0.00327244 0)
(0.969691 0.0285166 0)
(1.05127 0.0172905 0)
(1.02689 0.00500765 0)
(1.0418 0.000152506 0)
(1.03534 -0.000333478 0)
(1.0381 0.00012084 0)
(1.03703 0.000296618 0)
(1.03777 0.000363541 0)
(1.03775 0.000320097 0)
(1.03802 0.000278668 0)
(1.03813 0.000230516 0)
(1.03827 0.000192689 0)
(1.03836 0.000159726 0)
(1.03845 0.000133573 0)
(1.03852 0.000112241 0)
(1.03858 9.51531e-05 0)
(1.03863 8.123e-05 0)
(1.03867 6.98668e-05 0)
(1.03871 6.05247e-05 0)
(1.03874 5.26078e-05 0)
(1.03877 4.59425e-05 0)
(1.03879 4.02518e-05 0)
(1.03881 3.53228e-05 0)
(1.03883 3.09629e-05 0)
(1.03885 2.72865e-05 0)
(1.03886 2.39411e-05 0)
(1.03888 2.10787e-05 0)
(1.03889 1.85264e-05 0)
(1.0389 1.62911e-05 0)
(1.03891 1.42425e-05 0)
(1.03891 1.25238e-05 0)
(1.03892 1.0964e-05 0)
(1.03893 9.60024e-06 0)
(1.03893 8.34319e-06 0)
(1.03893 7.33908e-06 0)
(1.03894 6.3654e-06 0)
(1.03894 5.6e-06 0)
(1.03894 4.85739e-06 0)
(1.03895 4.32148e-06 0)
(1.03895 3.72613e-06 0)
(1.03895 3.2851e-06 0)
(1.03895 2.84427e-06 0)
(1.03895 2.50743e-06 0)
(1.03895 2.14084e-06 0)
(1.03895 1.90689e-06 0)
(1.03896 1.58747e-06 0)
(1.03896 1.41784e-06 0)
(1.03896 1.16039e-06 0)
(1.03896 1.01295e-06 0)
(1.03896 7.86502e-07 0)
(1.03896 6.75855e-07 0)
(1.03896 4.78267e-07 0)
(1.03896 3.7706e-07 0)
(1.03896 2.05912e-07 0)
(1.03896 1.67937e-07 0)
(1.03896 5.94073e-08 0)
(1.03896 6.91211e-08 0)
(1.03896 7.38005e-09 0)
(1.03896 6.18219e-08 0)
(1.03896 3.08598e-08 0)
(1.03896 1.20951e-07 0)
(1.03896 1.03956e-07 0)
(1.03896 1.7709e-07 0)
(1.03896 1.74981e-07 0)
(1.03896 2.46371e-07 0)
(1.03896 2.11459e-07 0)
(1.03896 2.63416e-07 0)
(1.03896 2.20162e-07 0)
(1.03896 2.52069e-07 0)
(1.03896 1.91334e-07 0)
(1.03896 2.20415e-07 0)
(1.03896 1.5514e-07 0)
(1.03896 1.57329e-07 0)
(1.03896 9.25299e-08 0)
(1.03896 9.89138e-08 0)
(1.03896 3.4145e-08 0)
(1.03896 5.45458e-08 0)
(1.03896 2.13494e-08 0)
(1.03896 7.29974e-08 0)
(1.03896 7.26833e-08 0)
(1.03896 1.70216e-07 0)
(1.03896 2.44623e-07 0)
(1.03896 3.88224e-07 0)
(1.03896 5.42255e-07 0)
(1.03896 8.28624e-07 0)
(1.03896 1.13937e-06 0)
(1.03896 1.64177e-06 0)
(1.03896 2.29503e-06 0)
(1.03897 3.24792e-06 0)
(1.03897 4.55339e-06 0)
(1.03897 6.54805e-06 0)
(1.03897 9.39616e-06 0)
(1.03898 1.43264e-05 0)
(1.03899 2.17777e-05 0)
(1.039 3.8595e-05 0)
(1.03903 6.58612e-05 0)
(1.03905 0.0001726 0)
(1.03925 0.00042935 0)
(1.03949 0.0014769 0)
(1.04131 0.00289427 0)
(0.969158 0.0230106 0)
(1.05043 0.0143091 0)
(1.02671 0.00420309 0)
(1.04165 0.000120878 0)
(1.03517 -0.000283068 0)
(1.03792 9.64385e-05 0)
(1.03685 0.000248775 0)
(1.03762 0.000305198 0)
(1.03761 0.0002694 0)
(1.03791 0.000234569 0)
(1.03803 0.000194202 0)
(1.03818 0.000162403 0)
(1.03829 0.000134697 0)
(1.03838 0.000112663 0)
(1.03846 9.47009e-05 0)
(1.03853 8.03308e-05 0)
(1.03858 6.85948e-05 0)
(1.03863 5.90161e-05 0)
(1.03867 5.11677e-05 0)
(1.03871 4.44881e-05 0)
(1.03874 3.88642e-05 0)
(1.03877 3.40658e-05 0)
(1.03879 2.99071e-05 0)
(1.03881 2.62298e-05 0)
(1.03883 2.31369e-05 0)
(1.03885 2.03151e-05 0)
(1.03886 1.79057e-05 0)
(1.03888 1.57582e-05 0)
(1.03889 1.38647e-05 0)
(1.0389 1.21146e-05 0)
(1.0389 1.06499e-05 0)
(1.03891 9.32685e-06 0)
(1.03892 8.17316e-06 0)
(1.03892 7.09739e-06 0)
(1.03893 6.24632e-06 0)
(1.03893 5.42593e-06 0)
(1.03894 4.78714e-06 0)
(1.03894 4.15302e-06 0)
(1.03894 3.70729e-06 0)
(1.03895 3.20491e-06 0)
(1.03895 2.82484e-06 0)
(1.03895 2.4515e-06 0)
(1.03895 2.16947e-06 0)
(1.03895 1.85317e-06 0)
(1.03895 1.65686e-06 0)
(1.03895 1.37166e-06 0)
(1.03896 1.22626e-06 0)
(1.03896 1.0048e-06 0)
(1.03896 8.79662e-07 0)
(1.03896 6.72723e-07 0)
(1.03896 5.71392e-07 0)
(1.03896 3.94722e-07 0)
(1.03896 3.01804e-07 0)
(1.03896 1.43654e-07 0)
(1.03896 1.08022e-07 0)
(1.03896 1.34072e-08 0)
(1.03896 2.98165e-08 0)
(1.03896 -2.22615e-08 0)
(1.03896 3.12174e-08 0)
(1.03896 5.28911e-09 0)
(1.03896 9.47061e-08 0)
(1.03896 9.36538e-08 0)
(1.03896 1.67005e-07 0)
(1.03896 1.70151e-07 0)
(1.03896 2.43906e-07 0)
(1.03896 2.16286e-07 0)
(1.03896 2.65553e-07 0)
(1.03896 2.28573e-07 0)
(1.03896 2.5766e-07 0)
(1.03896 1.98596e-07 0)
(1.03896 2.1904e-07 0)
(1.03896 1.56183e-07 0)
(1.03896 1.51958e-07 0)
(1.03896 8.54655e-08 0)
(1.03896 8.92074e-08 0)
(1.03896 2.74705e-08 0)
(1.03896 4.25681e-08 0)
(1.03896 1.33565e-08 0)
(1.03896 6.04658e-08 0)
(1.03896 5.81402e-08 0)
(1.03896 1.43591e-07 0)
(1.03896 2.07755e-07 0)
(1.03896 3.31703e-07 0)
(1.03896 4.58837e-07 0)
(1.03896 7.05064e-07 0)
(1.03896 9.65364e-07 0)
(1.03896 1.39401e-06 0)
(1.03896 1.95109e-06 0)
(1.03897 2.76194e-06 0)
(1.03897 3.87007e-06 0)
(1.03897 5.57809e-06 0)
(1.03898 8.02625e-06 0)
(1.03898 1.23045e-05 0)
(1.03899 1.88218e-05 0)
(1.039 3.35403e-05 0)
(1.03904 5.72828e-05 0)
(1.03907 0.000149 0)
(1.03931 0.000367102 0)
(1.03959 0.00125588 0)
(1.04168 0.00245372 0)
(0.968754 0.0177012 0)
(1.04978 0.0112272 0)
(1.02658 0.00333452 0)
(1.04153 9.15617e-05 0)
(1.03504 -0.000226762 0)
(1.03777 7.33054e-05 0)
(1.0367 0.000197213 0)
(1.03749 0.000242192 0)
(1.0375 0.000214237 0)
(1.03781 0.000186558 0)
(1.03794 0.000154547 0)
(1.03811 0.000129292 0)
(1.03822 0.000107298 0)
(1.03833 8.97562e-05 0)
(1.03841 7.5465e-05 0)
(1.03848 6.40519e-05 0)
(1.03855 5.47068e-05 0)
(1.0386 4.70688e-05 0)
(1.03864 4.08433e-05 0)
(1.03868 3.551e-05 0)
(1.03872 3.10298e-05 0)
(1.03875 2.72062e-05 0)
(1.03877 2.38904e-05 0)
(1.0388 2.09581e-05 0)
(1.03882 1.851e-05 0)
(1.03884 1.6259e-05 0)
(1.03885 1.43459e-05 0)
(1.03887 1.26381e-05 0)
(1.03888 1.11282e-05 0)
(1.03889 9.71145e-06 0)
(1.0389 8.53551e-06 0)
(1.03891 7.46844e-06 0)
(1.03891 6.55344e-06 0)
(1.03892 5.68118e-06 0)
(1.03893 5.00349e-06 0)
(1.03893 4.34911e-06 0)
(1.03893 3.85674e-06 0)
(1.03894 3.34227e-06 0)
(1.03894 2.99906e-06 0)
(1.03894 2.59922e-06 0)
(1.03895 2.29617e-06 0)
(1.03895 1.99312e-06 0)
(1.03895 1.77751e-06 0)
(1.03895 1.5153e-06 0)
(1.03895 1.36587e-06 0)
(1.03895 1.11854e-06 0)
(1.03895 1.00474e-06 0)
(1.03896 8.18506e-07 0)
(1.03896 7.22456e-07 0)
(1.03896 5.35648e-07 0)
(1.03896 4.49039e-07 0)
(1.03896 2.91703e-07 0)
(1.03896 2.15353e-07 0)
(1.03896 7.07235e-08 0)
(1.03896 4.24386e-08 0)
(1.03896 -4.16441e-08 0)
(1.03896 -1.57656e-08 0)
(1.03896 -5.98357e-08 0)
(1.03896 -2.73565e-09 0)
(1.03896 -2.64111e-08 0)
(1.03896 6.36047e-08 0)
(1.03896 7.51001e-08 0)
(1.03896 1.54033e-07 0)
(1.03896 1.59335e-07 0)
(1.03896 2.38285e-07 0)
(1.03896 2.16517e-07 0)
(1.03896 2.65489e-07 0)
(1.03896 2.31515e-07 0)
(1.03896 2.60745e-07 0)
(1.03896 2.01305e-07 0)
(1.03896 2.14944e-07 0)
(1.03896 1.51933e-07 0)
(1.03896 1.44932e-07 0)
(1.03896 7.43553e-08 0)
(1.03896 7.7511e-08 0)
(1.03896 1.85101e-08 0)
(1.03896 3.0762e-08 0)
(1.03896 2.91843e-09 0)
(1.03896 4.72823e-08 0)
(1.03896 4.16046e-08 0)
(1.03896 1.15107e-07 0)
(1.03896 1.6464e-07 0)
(1.03896 2.69534e-07 0)
(1.03896 3.66049e-07 0)
(1.03896 5.67502e-07 0)
(1.03896 7.71473e-07 0)
(1.03896 1.12002e-06 0)
(1.03896 1.56658e-06 0)
(1.03897 2.2213e-06 0)
(1.03897 3.10896e-06 0)
(1.03897 4.48781e-06 0)
(1.03898 6.46761e-06 0)
(1.03898 9.95533e-06 0)
(1.039 1.52979e-05 0)
(1.03901 2.73639e-05 0)
(1.03906 4.67471e-05 0)
(1.03909 0.000120858 0)
(1.03936 0.000295547 0)
(1.03967 0.00100656 0)
(1.04198 0.0019619 0)
(0.968463 0.0125402 0)
(1.04929 0.00807065 0)
(1.02647 0.00241665 0)
(1.04145 6.40513e-05 0)
(1.03494 -0.000165599 0)
(1.03766 5.13933e-05 0)
(1.03659 0.000142843 0)
(1.0374 0.0001756 0)
(1.03741 0.000155615 0)
(1.03774 0.000135515 0)
(1.03788 0.000112299 0)
(1.03806 9.39822e-05 0)
(1.03818 7.80476e-05 0)
(1.03829 6.52901e-05 0)
(1.03838 5.49062e-05 0)
(1.03845 4.66285e-05 0)
(1.03852 3.9835e-05 0)
(1.03857 3.42633e-05 0)
(1.03862 2.97575e-05 0)
(1.03866 2.58548e-05 0)
(1.0387 2.25988e-05 0)
(1.03873 1.98158e-05 0)
(1.03876 1.74005e-05 0)
(1.03878 1.52605e-05 0)
(1.03881 1.35049e-05 0)
(1.03883 1.18622e-05 0)
(1.03884 1.04775e-05 0)
(1.03886 9.23568e-06 0)
(1.03887 8.14246e-06 0)
(1.03888 7.08776e-06 0)
(1.03889 6.22917e-06 0)
(1.0389 5.43328e-06 0)
(1.03891 4.77733e-06 0)
(1.03892 4.12715e-06 0)
(1.03892 3.64069e-06 0)
(1.03893 3.16186e-06 0)
(1.03893 2.82933e-06 0)
(1.03894 2.44495e-06 0)
(1.03894 2.21451e-06 0)
(1.03894 1.92397e-06 0)
(1.03894 1.71279e-06 0)
(1.03895 1.48322e-06 0)
(1.03895 1.34115e-06 0)
(1.03895 1.13622e-06 0)
(1.03895 1.04145e-06 0)
(1.03895 8.35722e-07 0)
(1.03895 7.59321e-07 0)
(1.03896 6.07778e-07 0)
(1.03896 5.44783e-07 0)
(1.03896 3.79937e-07 0)
(1.03896 3.12809e-07 0)
(1.03896 1.73263e-07 0)
(1.03896 1.1942e-07 0)
(1.03896 -1.04998e-08 0)
(1.03896 -2.72282e-08 0)
(1.03896 -1.03288e-07 0)
(1.03896 -6.69366e-08 0)
(1.03896 -1.04567e-07 0)
(1.03896 -4.03797e-08 0)
(1.03896 -6.29463e-08 0)
(1.03896 2.82307e-08 0)
(1.03896 4.83775e-08 0)
(1.03896 1.36619e-07 0)
(1.03896 1.42451e-07 0)
(1.03896 2.28231e-07 0)
(1.03896 2.11864e-07 0)
(1.03896 2.62499e-07 0)
(1.03896 2.28846e-07 0)
(1.03896 2.60461e-07 0)
(1.03896 1.99618e-07 0)
(1.03896 2.0821e-07 0)
(1.03896 1.43373e-07 0)
(1.03896 1.36555e-07 0)
(1.03896 6.06076e-08 0)
(1.03896 6.43314e-08 0)
(1.03896 7.5451e-09 0)
(1.03896 1.88702e-08 0)
(1.03896 -1.01709e-08 0)
(1.03896 3.23028e-08 0)
(1.03896 2.21211e-08 0)
(1.03896 8.39228e-08 0)
(1.03896 1.1578e-07 0)
(1.03896 2.02002e-07 0)
(1.03896 2.65832e-07 0)
(1.03896 4.19325e-07 0)
(1.03896 5.62499e-07 0)
(1.03896 8.25863e-07 0)
(1.03896 1.15043e-06 0)
(1.03897 1.63732e-06 0)
(1.03897 2.28632e-06 0)
(1.03897 3.30188e-06 0)
(1.03898 4.75773e-06 0)
(1.03899 7.34081e-06 0)
(1.039 1.13095e-05 0)
(1.03902 2.02708e-05 0)
(1.03907 3.46168e-05 0)
(1.0391 8.90616e-05 0)
(1.0394 0.000216567 0)
(1.03973 0.000735028 0)
(1.04221 0.00143006 0)
(0.968274 0.00748314 0)
(1.04897 0.00486243 0)
(1.02641 0.0014638 0)
(1.04139 3.78254e-05 0)
(1.03487 -0.00010082 0)
(1.03759 3.0478e-05 0)
(1.03652 8.6515e-05 0)
(1.03734 0.000106468 0)
(1.03736 9.45275e-05 0)
(1.03769 8.23116e-05 0)
(1.03784 6.82022e-05 0)
(1.03802 5.71027e-05 0)
(1.03815 4.7467e-05 0)
(1.03826 3.97075e-05 0)
(1.03835 3.34012e-05 0)
(1.03843 2.83814e-05 0)
(1.0385 2.42533e-05 0)
(1.03856 2.08423e-05 0)
(1.03861 1.81241e-05 0)
(1.03865 1.57114e-05 0)
(1.03869 1.37367e-05 0)
(1.03872 1.20436e-05 0)
(1.03875 1.0571e-05 0)
(1.03878 9.25659e-06 0)
(1.0388 8.22544e-06 0)
(1.03882 7.22036e-06 0)
(1.03884 6.38564e-06 0)
(1.03885 5.6282e-06 0)
(1.03887 4.97494e-06 0)
(1.03888 4.30351e-06 0)
(1.03889 3.78279e-06 0)
(1.0389 3.27028e-06 0)
(1.03891 2.88538e-06 0)
(1.03891 2.47187e-06 0)
(1.03892 2.19032e-06 0)
(1.03893 1.89475e-06 0)
(1.03893 1.72826e-06 0)
(1.03893 1.48303e-06 0)
(1.03894 1.37313e-06 0)
(1.03894 1.19645e-06 0)
(1.03894 1.08842e-06 0)
(1.03895 9.36951e-07 0)
(1.03895 8.71007e-07 0)
(1.03895 7.26305e-07 0)
(1.03895 6.91454e-07 0)
(1.03895 5.31976e-07 0)
(1.03895 4.96315e-07 0)
(1.03895 3.80099e-07 0)
(1.03896 3.50852e-07 0)
(1.03896 2.11111e-07 0)
(1.03896 1.66909e-07 0)
(1.03896 4.46823e-08 0)
(1.03896 1.59712e-08 0)
(1.03896 -9.68891e-08 0)
(1.03896 -9.94058e-08 0)
(1.03896 -1.67907e-07 0)
(1.03896 -1.21947e-07 0)
(1.03896 -1.53874e-07 0)
(1.03896 -8.12025e-08 0)
(1.03896 -1.01615e-07 0)
(1.03896 -9.84589e-09 0)
(1.03896 1.5871e-08 0)
(1.03896 1.14549e-07 0)
(1.03896 1.21166e-07 0)
(1.03896 2.13593e-07 0)
(1.03896 2.03332e-07 0)
(1.03896 2.56523e-07 0)
(1.03896 2.21889e-07 0)
(1.03896 2.56646e-07 0)
(1.03896 1.94942e-07 0)
(1.03896 1.99465e-07 0)
(1.03896 1.32603e-07 0)
(1.03896 1.27601e-07 0)
(1.03896 4.65025e-08 0)
(1.03896 5.05371e-08 0)
(1.03896 -4.11116e-09 0)
(1.03896 7.03345e-09 0)
(1.03896 -2.47772e-08 0)
(1.03896 1.53631e-08 0)
(1.03896 2.59619e-13 0)
(1.03896 4.9848e-08 0)
(1.03896 6.28104e-08 0)
(1.03896 1.2994e-07 0)
(1.03896 1.60366e-07 0)
(1.03896 2.63977e-07 0)
(1.03896 3.43596e-07 0)
(1.03896 5.17409e-07 0)
(1.03897 7.12226e-07 0)
(1.03897 1.02181e-06 0)
(1.03897 1.41879e-06 0)
(1.03897 2.04647e-06 0)
(1.03898 2.9373e-06 0)
(1.03899 4.53066e-06 0)
(1.039 6.97655e-06 0)
(1.03902 1.24982e-05 0)
(1.03907 2.13084e-05 0)
(1.03911 5.45877e-05 0)
(1.03943 0.000132185 0)
(1.03977 0.000447506 0)
(1.04236 0.000869566 0)
(0.968182 0.00248746 0)
(1.04881 0.00162391 0)
(1.02637 0.000490058 0)
(1.04136 1.23654e-05 0)
(1.03484 -3.381e-05 0)
(1.03755 1.02075e-05 0)
(1.03649 2.90297e-05 0)
(1.03731 3.58185e-05 0)
(1.03733 3.19581e-05 0)
(1.03767 2.78115e-05 0)
(1.03782 2.30025e-05 0)
(1.038 1.9284e-05 0)
(1.03813 1.60843e-05 0)
(1.03825 1.34534e-05 0)
(1.03834 1.13296e-05 0)
(1.03842 9.63796e-06 0)
(1.03849 8.24079e-06 0)
(1.03855 7.05105e-06 0)
(1.0386 6.16148e-06 0)
(1.03864 5.27469e-06 0)
(1.03868 4.61394e-06 0)
(1.03872 4.0424e-06 0)
(1.03875 3.53917e-06 0)
(1.03877 3.07014e-06 0)
(1.0388 2.77961e-06 0)
(1.03882 2.43206e-06 0)
(1.03883 2.16016e-06 0)
(1.03885 1.89742e-06 0)
(1.03886 1.69693e-06 0)
(1.03888 1.42202e-06 0)
(1.03889 1.25088e-06 0)
(1.0389 1.03105e-06 0)
(1.0389 9.22176e-07 0)
(1.03891 7.55244e-07 0)
(1.03892 6.8695e-07 0)
(1.03892 5.8029e-07 0)
(1.03893 5.80087e-07 0)
(1.03893 4.80437e-07 0)
(1.03894 4.96012e-07 0)
(1.03894 4.35718e-07 0)
(1.03894 4.37271e-07 0)
(1.03895 3.69258e-07 0)
(1.03895 3.78805e-07 0)
(1.03895 2.9677e-07 0)
(1.03895 3.24244e-07 0)
(1.03895 2.16297e-07 0)
(1.03895 2.22409e-07 0)
(1.03895 1.43033e-07 0)
(1.03896 1.45704e-07 0)
(1.03896 3.46379e-08 0)
(1.03896 1.55983e-08 0)
(1.03896 -8.85281e-08 0)
(1.03896 -9.25698e-08 0)
(1.03896 -1.85313e-07 0)
(1.03896 -1.72508e-07 0)
(1.03896 -2.31998e-07 0)
(1.03896 -1.78319e-07 0)
(1.03896 -2.04482e-07 0)
(1.03896 -1.24025e-07 0)
(1.03896 -1.39581e-07 0)
(1.03896 -4.84534e-08 0)
(1.03896 -1.90388e-08 0)
(1.03896 8.89083e-08 0)
(1.03896 9.79557e-08 0)
(1.03896 1.95337e-07 0)
(1.03896 1.9241e-07 0)
(1.03896 2.48109e-07 0)
(1.03896 2.12565e-07 0)
(1.03896 2.49695e-07 0)
(1.03896 1.88928e-07 0)
(1.03896 1.89472e-07 0)
(1.03896 1.21496e-07 0)
(1.03896 1.18678e-07 0)
(1.03896 3.38823e-08 0)
(1.03896 3.69987e-08 0)
(1.03896 -1.50812e-08 0)
(1.03896 -4.49362e-09 0)
(1.03896 -3.94367e-08 0)
(1.03896 -2.89526e-09 0)
(1.03896 -2.35826e-08 0)
(1.03896 1.35081e-08 0)
(1.03896 7.96131e-09 0)
(1.03896 5.47931e-08 0)
(1.03896 5.1862e-08 0)
(1.03896 1.04727e-07 0)
(1.03896 1.19713e-07 0)
(1.03896 2.00167e-07 0)
(1.03897 2.61396e-07 0)
(1.03897 3.86699e-07 0)
(1.03897 5.22963e-07 0)
(1.03897 7.48535e-07 0)
(1.03898 1.04903e-06 0)
(1.03899 1.60022e-06 0)
(1.039 2.43113e-06 0)
(1.03902 4.30686e-06 0)
(1.03908 7.27687e-06 0)
(1.03912 1.84806e-05 0)
(1.03944 4.4523e-05 0)
(1.03979 0.000150347 0)
(1.04244 0.000291852 0)
(0.968182 -0.00248789 0)
(1.04881 -0.00162462 0)
(1.02637 -0.000490638 0)
(1.04136 -1.28394e-05 0)
(1.03484 3.3954e-05 0)
(1.03755 -9.84606e-06 0)
(1.03649 -2.88404e-05 0)
(1.03731 -3.53389e-05 0)
(1.03733 -3.11138e-05 0)
(1.03767 -2.71273e-05 0)
(1.03782 -2.25603e-05 0)
(1.038 -1.88441e-05 0)
(1.03813 -1.55695e-05 0)
(1.03825 -1.30264e-05 0)
(1.03834 -1.0929e-05 0)
(1.03842 -9.27104e-06 0)
(1.03849 -7.91946e-06 0)
(1.03855 -6.86455e-06 0)
(1.0386 -5.90998e-06 0)
(1.03864 -5.25819e-06 0)
(1.03868 -4.59592e-06 0)
(1.03872 -4.03337e-06 0)
(1.03875 -3.557e-06 0)
(1.03877 -3.17382e-06 0)
(1.0388 -2.72249e-06 0)
(1.03882 -2.40409e-06 0)
(1.03883 -2.10775e-06 0)
(1.03885 -1.87352e-06 0)
(1.03886 -1.61895e-06 0)
(1.03888 -1.49256e-06 0)
(1.03889 -1.31062e-06 0)
(1.0389 -1.23169e-06 0)
(1.0389 -1.06516e-06 0)
(1.03891 -9.80895e-07 0)
(1.03892 -8.33198e-07 0)
(1.03892 -7.486e-07 0)
(1.03893 -5.85998e-07 0)
(1.03893 -5.37155e-07 0)
(1.03894 -3.94376e-07 0)
(1.03894 -3.38005e-07 0)
(1.03894 -2.25486e-07 0)
(1.03895 -2.0546e-07 0)
(1.03895 -1.22643e-07 0)
(1.03895 -1.4041e-07 0)
(1.03895 -5.09252e-08 0)
(1.03895 -1.02673e-07 0)
(1.03895 -5.53514e-08 0)
(1.03895 -9.644e-08 0)
(1.03896 -6.49011e-08 0)
(1.03896 -1.44504e-07 0)
(1.03896 -1.36891e-07 0)
(1.03896 -2.2124e-07 0)
(1.03896 -2.03198e-07 0)
(1.03896 -2.73073e-07 0)
(1.03896 -2.44945e-07 0)
(1.03896 -2.93042e-07 0)
(1.03896 -2.33502e-07 0)
(1.03896 -2.53507e-07 0)
(1.03896 -1.67499e-07 0)
(1.03896 -1.75036e-07 0)
(1.03896 -8.55607e-08 0)
(1.03896 -5.3291e-08 0)
(1.03896 6.14385e-08 0)
(1.03896 7.50525e-08 0)
(1.03896 1.75031e-07 0)
(1.03896 1.80327e-07 0)
(1.03896 2.38119e-07 0)
(1.03896 2.02677e-07 0)
(1.03896 2.40374e-07 0)
(1.03896 1.82747e-07 0)
(1.03896 1.78842e-07 0)
(1.03896 1.10954e-07 0)
(1.03896 1.09894e-07 0)
(1.03896 2.34405e-08 0)
(1.03896 2.4139e-08 0)
(1.03896 -2.47783e-08 0)
(1.03896 -1.57347e-08 0)
(1.03896 -5.32052e-08 0)
(1.03896 -2.15773e-08 0)
(1.03896 -4.71786e-08 0)
(1.03896 -2.3743e-08 0)
(1.03896 -4.64301e-08 0)
(1.03896 -2.13724e-08 0)
(1.03896 -5.73105e-08 0)
(1.03896 -5.51653e-08 0)
(1.03896 -1.04459e-07 0)
(1.03896 -1.20331e-07 0)
(1.03897 -1.92984e-07 0)
(1.03897 -2.55744e-07 0)
(1.03897 -3.84263e-07 0)
(1.03897 -5.64447e-07 0)
(1.03898 -8.62997e-07 0)
(1.03899 -1.37177e-06 0)
(1.039 -2.18737e-06 0)
(1.03902 -4.02806e-06 0)
(1.03908 -6.99957e-06 0)
(1.03912 -1.81764e-05 0)
(1.03944 -4.42397e-05 0)
(1.03979 -0.000150033 0)
(1.04244 -0.000291606 0)
(0.968274 -0.00748357 0)
(1.04897 -0.00486315 0)
(1.02641 -0.00146439 0)
(1.04139 -3.82964e-05 0)
(1.03487 0.000100966 0)
(1.03759 -3.01343e-05 0)
(1.03652 -8.63335e-05 0)
(1.03734 -0.000106002 0)
(1.03736 -9.37099e-05 0)
(1.03769 -8.16483e-05 0)
(1.03784 -6.77515e-05 0)
(1.03802 -5.66552e-05 0)
(1.03815 -4.69635e-05 0)
(1.03826 -3.92869e-05 0)
(1.03835 -3.29976e-05 0)
(1.03843 -2.80163e-05 0)
(1.0385 -2.39438e-05 0)
(1.03856 -2.06604e-05 0)
(1.03861 -1.7872e-05 0)
(1.03865 -1.56911e-05 0)
(1.03869 -1.37194e-05 0)
(1.03872 -1.20303e-05 0)
(1.03875 -1.05813e-05 0)
(1.03878 -9.35203e-06 0)
(1.0388 -8.17068e-06 0)
(1.03882 -7.19176e-06 0)
(1.03884 -6.32907e-06 0)
(1.03885 -5.60323e-06 0)
(1.03887 -4.90105e-06 0)
(1.03888 -4.3773e-06 0)
(1.03889 -3.84571e-06 0)
(1.0389 -3.46578e-06 0)
(1.03891 -3.02893e-06 0)
(1.03891 -2.69463e-06 0)
(1.03892 -2.33338e-06 0)
(1.03893 -2.05973e-06 0)
(1.03893 -1.73962e-06 0)
(1.03893 -1.54315e-06 0)
(1.03894 -1.2747e-06 0)
(1.03894 -1.10412e-06 0)
(1.03894 -8.83625e-07 0)
(1.03895 -7.73181e-07 0)
(1.03895 -6.19655e-07 0)
(1.03895 -5.72748e-07 0)
(1.03895 -4.23863e-07 0)
(1.03895 -4.16849e-07 0)
(1.03895 -3.29871e-07 0)
(1.03895 -3.32249e-07 0)
(1.03896 -2.74811e-07 0)
(1.03896 -3.21904e-07 0)
(1.03896 -2.86526e-07 0)
(1.03896 -3.4905e-07 0)
(1.03896 -3.12437e-07 0)
(1.03896 -3.58038e-07 0)
(1.03896 -3.15204e-07 0)
(1.03896 -3.49842e-07 0)
(1.03896 -2.85574e-07 0)
(1.03896 -2.99194e-07 0)
(1.03896 -2.10555e-07 0)
(1.03896 -2.07691e-07 0)
(1.03896 -1.19964e-07 0)
(1.03896 -8.5027e-08 0)
(1.03896 3.37562e-08 0)
(1.03896 5.37277e-08 0)
(1.03896 1.54193e-07 0)
(1.03896 1.67651e-07 0)
(1.03896 2.27325e-07 0)
(1.03896 1.93405e-07 0)
(1.03896 2.29551e-07 0)
(1.03896 1.76771e-07 0)
(1.03896 1.67921e-07 0)
(1.03896 1.00819e-07 0)
(1.03896 1.00817e-07 0)
(1.03896 1.46275e-08 0)
(1.03896 1.17693e-08 0)
(1.03896 -3.36701e-08 0)
(1.03896 -2.71653e-08 0)
(1.03896 -6.59866e-08 0)
(1.03896 -3.99801e-08 0)
(1.03896 -6.96355e-08 0)
(1.03896 -6.01647e-08 0)
(1.03896 -9.83326e-08 0)
(1.03896 -9.61613e-08 0)
(1.03896 -1.64538e-07 0)
(1.03896 -2.12319e-07 0)
(1.03896 -3.24447e-07 0)
(1.03896 -4.38084e-07 0)
(1.03897 -6.42086e-07 0)
(1.03897 -8.92761e-07 0)
(1.03897 -1.28524e-06 0)
(1.03897 -1.86459e-06 0)
(1.03898 -2.75401e-06 0)
(1.03899 -4.30539e-06 0)
(1.039 -6.73693e-06 0)
(1.03902 -1.22265e-05 0)
(1.03907 -2.10351e-05 0)
(1.03911 -5.42875e-05 0)
(1.03943 -0.000131903 0)
(1.03977 -0.000447196 0)
(1.04236 -0.000869321 0)
(0.968463 -0.0125407 0)
(1.04929 -0.00807138 0)
(1.02647 -0.00241726 0)
(1.04145 -6.45163e-05 0)
(1.03494 0.000165746 0)
(1.03766 -5.1081e-05 0)
(1.03659 -0.000142677 0)
(1.0374 -0.000175165 0)
(1.03741 -0.000154849 0)
(1.03774 -0.000134893 0)
(1.03788 -0.00011184 0)
(1.03806 -9.35274e-05 0)
(1.03818 -7.7569e-05 0)
(1.03829 -6.48859e-05 0)
(1.03838 -5.45026e-05 0)
(1.03845 -4.62732e-05 0)
(1.03852 -3.95506e-05 0)
(1.03857 -3.40946e-05 0)
(1.03862 -2.95099e-05 0)
(1.03866 -2.58317e-05 0)
(1.0387 -2.2585e-05 0)
(1.03873 -1.97972e-05 0)
(1.03876 -1.74008e-05 0)
(1.03879 -1.53447e-05 0)
(1.03881 -1.34563e-05 0)
(1.03883 -1.18372e-05 0)
(1.03884 -1.04186e-05 0)
(1.03886 -9.21379e-06 0)
(1.03887 -8.07971e-06 0)
(1.03888 -7.17108e-06 0)
(1.03889 -6.29931e-06 0)
(1.0389 -5.62058e-06 0)
(1.03891 -4.92243e-06 0)
(1.03892 -4.34546e-06 0)
(1.03892 -3.77757e-06 0)
(1.03893 -3.32219e-06 0)
(1.03893 -2.8508e-06 0)
(1.03894 -2.51116e-06 0)
(1.03894 -2.12152e-06 0)
(1.03894 -1.8423e-06 0)
(1.03894 -1.52023e-06 0)
(1.03895 -1.32003e-06 0)
(1.03895 -1.09814e-06 0)
(1.03895 -9.87661e-07 0)
(1.03895 -7.83723e-07 0)
(1.03895 -7.18633e-07 0)
(1.03895 -5.94214e-07 0)
(1.03896 -5.5913e-07 0)
(1.03896 -4.77723e-07 0)
(1.03896 -4.93425e-07 0)
(1.03896 -4.29523e-07 0)
(1.03896 -4.68347e-07 0)
(1.03896 -4.16515e-07 0)
(1.03896 -4.38414e-07 0)
(1.03896 -3.81792e-07 0)
(1.03896 -4.02233e-07 0)
(1.03896 -3.33448e-07 0)
(1.03896 -3.40956e-07 0)
(1.03896 -2.52385e-07 0)
(1.03896 -2.38318e-07 0)
(1.03896 -1.51259e-07 0)
(1.03896 -1.13639e-07 0)
(1.03896 7.02646e-09 0)
(1.03896 3.42295e-08 0)
(1.03896 1.33975e-07 0)
(1.03896 1.54379e-07 0)
(1.03896 2.16199e-07 0)
(1.03896 1.85127e-07 0)
(1.03896 2.17992e-07 0)
(1.03896 1.70635e-07 0)
(1.03896 1.56872e-07 0)
(1.03896 9.03013e-08 0)
(1.03896 9.08018e-08 0)
(1.03896 6.18652e-09 0)
(1.03896 -5.76261e-10 0)
(1.03896 -4.27756e-08 0)
(1.03896 -3.93209e-08 0)
(1.03896 -7.82022e-08 0)
(1.03896 -5.75921e-08 0)
(1.03896 -9.03434e-08 0)
(1.03896 -9.4016e-08 0)
(1.03896 -1.4627e-07 0)
(1.03896 -1.6728e-07 0)
(1.03896 -2.67143e-07 0)
(1.03896 -3.63318e-07 0)
(1.03896 -5.36104e-07 0)
(1.03896 -7.46523e-07 0)
(1.03897 -1.07728e-06 0)
(1.03897 -1.51124e-06 0)
(1.03897 -2.16147e-06 0)
(1.03897 -3.12393e-06 0)
(1.03898 -4.57933e-06 0)
(1.03899 -7.12175e-06 0)
(1.039 -1.1078e-05 0)
(1.03902 -2.00124e-05 0)
(1.03907 -3.4352e-05 0)
(1.0391 -8.87694e-05 0)
(1.0394 -0.000216288 0)
(1.03973 -0.000734726 0)
(1.04221 -0.00142982 0)
(0.968754 -0.0177016 0)
(1.04978 -0.011228 0)
(1.02657 -0.00333514 0)
(1.04153 -9.2018e-05 0)
(1.03504 0.000226903 0)
(1.03777 -7.30317e-05 0)
(1.0367 -0.000197067 0)
(1.03749 -0.000241807 0)
(1.0375 -0.000213543 0)
(1.03781 -0.000185994 0)
(1.03794 -0.000154094 0)
(1.03811 -0.00012884 0)
(1.03822 -0.000106859 0)
(1.03833 -8.93827e-05 0)
(1.03841 -7.50732e-05 0)
(1.03849 -6.37219e-05 0)
(1.03855 -5.44602e-05 0)
(1.0386 -4.69259e-05 0)
(1.03864 -4.06118e-05 0)
(1.03868 -3.54915e-05 0)
(1.03872 -3.10241e-05 0)
(1.03875 -2.71851e-05 0)
(1.03877 -2.38845e-05 0)
(1.0388 -2.10353e-05 0)
(1.03882 -1.84723e-05 0)
(1.03884 -1.6248e-05 0)
(1.03885 -1.42943e-05 0)
(1.03887 -1.26305e-05 0)
(1.03888 -1.10868e-05 0)
(1.03889 -9.81376e-06 0)
(1.0389 -8.61718e-06 0)
(1.03891 -7.64726e-06 0)
(1.03891 -6.70063e-06 0)
(1.03892 -5.8949e-06 0)
(1.03893 -5.13137e-06 0)
(1.03893 -4.50636e-06 0)
(1.03893 -3.89106e-06 0)
(1.03894 -3.41623e-06 0)
(1.03894 -2.91215e-06 0)
(1.03894 -2.53301e-06 0)
(1.03895 -2.11832e-06 0)
(1.03895 -1.83231e-06 0)
(1.03895 -1.5442e-06 0)
(1.03895 -1.37305e-06 0)
(1.03895 -1.11953e-06 0)
(1.03895 -1.00066e-06 0)
(1.03895 -8.41501e-07 0)
(1.03896 -7.72124e-07 0)
(1.03896 -6.67233e-07 0)
(1.03896 -6.54685e-07 0)
(1.03896 -5.62192e-07 0)
(1.03896 -5.76185e-07 0)
(1.03896 -5.11493e-07 0)
(1.03896 -5.12362e-07 0)
(1.03896 -4.42992e-07 0)
(1.03896 -4.50326e-07 0)
(1.03896 -3.76449e-07 0)
(1.03896 -3.78726e-07 0)
(1.03896 -2.91937e-07 0)
(1.03896 -2.67692e-07 0)
(1.03896 -1.79241e-07 0)
(1.03896 -1.39169e-07 0)
(1.03896 -1.78203e-08 0)
(1.03896 1.62767e-08 0)
(1.03896 1.15224e-07 0)
(1.03896 1.40357e-07 0)
(1.03896 2.04974e-07 0)
(1.03896 1.77514e-07 0)
(1.03896 2.0629e-07 0)
(1.03896 1.6359e-07 0)
(1.03896 1.45872e-07 0)
(1.03896 7.86268e-08 0)
(1.03896 7.94644e-08 0)
(1.03896 -2.99276e-09 0)
(1.03896 -1.30071e-08 0)
(1.03896 -5.27455e-08 0)
(1.03896 -5.20801e-08 0)
(1.03896 -9.00952e-08 0)
(1.03896 -7.37908e-08 0)
(1.03896 -1.09098e-07 0)
(1.03896 -1.23841e-07 0)
(1.03896 -1.89357e-07 0)
(1.03896 -2.32946e-07 0)
(1.03896 -3.62781e-07 0)
(1.03896 -5.04992e-07 0)
(1.03896 -7.35871e-07 0)
(1.03896 -1.0389e-06 0)
(1.03896 -1.49023e-06 0)
(1.03897 -2.09827e-06 0)
(1.03897 -2.99398e-06 0)
(1.03897 -4.31492e-06 0)
(1.03898 -6.29538e-06 0)
(1.03898 -9.74512e-06 0)
(1.039 -1.50781e-05 0)
(1.03901 -2.71232e-05 0)
(1.03906 -4.64953e-05 0)
(1.03909 -0.000120578 0)
(1.03936 -0.000295275 0)
(1.03967 -0.00100627 0)
(1.04198 -0.00196167 0)
(0.969158 -0.023011 0)
(1.05043 -0.0143098 0)
(1.02671 -0.00420371 0)
(1.04165 -0.000121324 0)
(1.03517 0.000283192 0)
(1.03792 -9.62042e-05 0)
(1.03685 -0.000248653 0)
(1.03762 -0.000304879 0)
(1.03761 -0.000268789 0)
(1.03791 -0.000234073 0)
(1.03803 -0.000193773 0)
(1.03818 -0.000161971 0)
(1.03829 -0.000134307 0)
(1.03838 -0.000112335 0)
(1.03846 -9.43376e-05 0)
(1.03853 -8.00441e-05 0)
(1.03858 -6.83938e-05 0)
(1.03863 -5.89117e-05 0)
(1.03867 -5.09661e-05 0)
(1.03871 -4.44837e-05 0)
(1.03874 -3.887e-05 0)
(1.03877 -3.40461e-05 0)
(1.03879 -2.99018e-05 0)
(1.03881 -2.63086e-05 0)
(1.03883 -2.31127e-05 0)
(1.03885 -2.03306e-05 0)
(1.03886 -1.78749e-05 0)
(1.03888 -1.57805e-05 0)
(1.03889 -1.38551e-05 0)
(1.0389 -1.22451e-05 0)
(1.03891 -1.07455e-05 0)
(1.03891 -9.49883e-06 0)
(1.03892 -8.3205e-06 0)
(1.03892 -7.30643e-06 0)
(1.03893 -6.36253e-06 0)
(1.03893 -5.58384e-06 0)
(1.03894 -4.83393e-06 0)
(1.03894 -4.23557e-06 0)
(1.03894 -3.62559e-06 0)
(1.03895 -3.15796e-06 0)
(1.03895 -2.66163e-06 0)
(1.03895 -2.29686e-06 0)
(1.03895 -1.94496e-06 0)
(1.03895 -1.71795e-06 0)
(1.03895 -1.42091e-06 0)
(1.03895 -1.25568e-06 0)
(1.03896 -1.0648e-06 0)
(1.03896 -9.66014e-07 0)
(1.03896 -8.36982e-07 0)
(1.03896 -8.00727e-07 0)
(1.03896 -6.80823e-07 0)
(1.03896 -6.70107e-07 0)
(1.03896 -5.93568e-07 0)
(1.03896 -5.77718e-07 0)
(1.03896 -4.96667e-07 0)
(1.03896 -4.93703e-07 0)
(1.03896 -4.1366e-07 0)
(1.03896 -4.1206e-07 0)
(1.03896 -3.27401e-07 0)
(1.03896 -2.95559e-07 0)
(1.03896 -2.03246e-07 0)
(1.03896 -1.61568e-07 0)
(1.03896 -3.97623e-08 0)
(1.03896 -3.04412e-10 0)
(1.03896 9.86317e-08 0)
(1.03896 1.25632e-07 0)
(1.03896 1.9382e-07 0)
(1.03896 1.6984e-07 0)
(1.03896 1.9487e-07 0)
(1.03896 1.54956e-07 0)
(1.03896 1.35209e-07 0)
(1.03896 6.55627e-08 0)
(1.03896 6.70268e-08 0)
(1.03896 -1.32121e-08 0)
(1.03896 -2.48531e-08 0)
(1.03896 -6.32226e-08 0)
(1.03896 -6.42925e-08 0)
(1.03896 -1.01242e-07 0)
(1.03896 -8.76797e-08 0)
(1.03896 -1.25811e-07 0)
(1.03896 -1.48667e-07 0)
(1.03896 -2.27204e-07 0)
(1.03896 -2.92141e-07 0)
(1.03896 -4.49814e-07 0)
(1.03896 -6.34772e-07 0)
(1.03896 -9.20945e-07 0)
(1.03896 -1.30892e-06 0)
(1.03896 -1.87304e-06 0)
(1.03897 -2.6417e-06 0)
(1.03897 -3.76409e-06 0)
(1.03897 -5.41106e-06 0)
(1.03898 -7.86101e-06 0)
(1.03898 -1.21051e-05 0)
(1.03899 -1.8617e-05 0)
(1.03901 -3.3319e-05 0)
(1.03904 -5.70484e-05 0)
(1.03907 -0.000148734 0)
(1.03931 -0.000366841 0)
(1.03959 -0.0012556 0)
(1.04168 -0.0024535 0)
(0.969691 -0.028517 0)
(1.05127 -0.0172911 0)
(1.02689 -0.00500826 0)
(1.0418 -0.000152941 0)
(1.03534 0.000333572 0)
(1.0381 -0.000120641 0)
(1.03703 -0.00029652 0)
(1.03777 -0.000363296 0)
(1.03774 -0.000319567 0)
(1.03802 -0.000278236 0)
(1.03813 -0.000230127 0)
(1.03827 -0.000192291 0)
(1.03836 -0.000159386 0)
(1.03845 -0.000133299 0)
(1.03852 -0.000111921 0)
(1.03858 -9.49215e-05 0)
(1.03863 -8.10726e-05 0)
(1.03867 -6.98075e-05 0)
(1.03871 -6.03619e-05 0)
(1.03874 -5.26233e-05 0)
(1.03877 -4.59582e-05 0)
(1.03879 -4.02342e-05 0)
(1.03882 -3.53221e-05 0)
(1.03883 -3.10505e-05 0)
(1.03885 -2.72739e-05 0)
(1.03886 -2.39913e-05 0)
(1.03888 -2.10792e-05 0)
(1.03889 -1.8592e-05 0)
(1.0389 -1.63187e-05 0)
(1.03891 -1.44051e-05 0)
(1.03891 -1.26312e-05 0)
(1.03892 -1.11308e-05 0)
(1.03893 -9.74189e-06 0)
(1.03893 -8.54574e-06 0)
(1.03893 -7.4415e-06 0)
(1.03894 -6.52794e-06 0)
(1.03894 -5.6556e-06 0)
(1.03894 -4.94916e-06 0)
(1.03895 -4.2437e-06 0)
(1.03895 -3.70065e-06 0)
(1.03895 -3.13542e-06 0)
(1.03895 -2.70183e-06 0)
(1.03895 -2.28963e-06 0)
(1.03895 -2.01344e-06 0)
(1.03895 -1.67925e-06 0)
(1.03896 -1.47694e-06 0)
(1.03896 -1.25765e-06 0)
(1.03896 -1.13536e-06 0)
(1.03896 -9.81393e-07 0)
(1.03896 -9.26437e-07 0)
(1.03896 -7.82046e-07 0)
(1.03896 -7.48307e-07 0)
(1.03896 -6.59807e-07 0)
(1.03896 -6.32236e-07 0)
(1.03896 -5.40606e-07 0)
(1.03896 -5.31168e-07 0)
(1.03896 -4.43808e-07 0)
(1.03896 -4.3979e-07 0)
(1.03896 -3.5644e-07 0)
(1.03896 -3.20487e-07 0)
(1.03896 -2.22247e-07 0)
(1.03896 -1.80511e-07 0)
(1.03896 -5.79486e-08 0)
(1.03896 -1.54273e-08 0)
(1.03896 8.44139e-08 0)
(1.03896 1.10429e-07 0)
(1.03896 1.82732e-07 0)
(1.03896 1.61136e-07 0)
(1.03896 1.83732e-07 0)
(1.03896 1.44233e-07 0)
(1.03896 1.24963e-07 0)
(1.03896 5.13682e-08 0)
(1.03896 5.39752e-08 0)
(1.03896 -2.40314e-08 0)
(1.03896 -3.51784e-08 0)
(1.03896 -7.32225e-08 0)
(1.03896 -7.44338e-08 0)
(1.03896 -1.10901e-07 0)
(1.03896 -9.86099e-08 0)
(1.03896 -1.40591e-07 0)
(1.03896 -1.68424e-07 0)
(1.03896 -2.60006e-07 0)
(1.03896 -3.44791e-07 0)
(1.03896 -5.27556e-07 0)
(1.03896 -7.50913e-07 0)
(1.03896 -1.08916e-06 0)
(1.03896 -1.55144e-06 0)
(1.03896 -2.21838e-06 0)
(1.03897 -3.1308e-06 0)
(1.03897 -4.45449e-06 0)
(1.03897 -6.38777e-06 0)
(1.03897 -9.239e-06 0)
(1.03898 -1.41392e-05 0)
(1.03899 -2.15904e-05 0)
(1.039 -3.83926e-05 0)
(1.03903 -6.56466e-05 0)
(1.03905 -0.000172352 0)
(1.03925 -0.000429105 0)
(1.03949 -0.00147665 0)
(1.04131 -0.00289406 0)
(0.970373 -0.0342721 0)
(1.0523 -0.0201427 0)
(1.0271 -0.00573362 0)
(1.04198 -0.00018732 0)
(1.03556 0.000377255 0)
(1.03832 -0.000146166 0)
(1.03724 -0.000339688 0)
(1.03796 -0.000415924 0)
(1.03791 -0.000364839 0)
(1.03816 -0.00031758 0)
(1.03825 -0.000262397 0)
(1.03837 -0.000219172 0)
(1.03845 -0.000181572 0)
(1.03853 -0.000151831 0)
(1.03859 -0.000127449 0)
(1.03864 -0.000108037 0)
(1.03868 -9.22222e-05 0)
(1.03872 -7.93717e-05 0)
(1.03875 -6.8592e-05 0)
(1.03878 -5.97301e-05 0)
(1.0388 -5.21296e-05 0)
(1.03882 -4.56095e-05 0)
(1.03884 -4.00186e-05 0)
(1.03886 -3.51509e-05 0)
(1.03887 -3.08582e-05 0)
(1.03888 -2.71398e-05 0)
(1.03889 -2.38295e-05 0)
(1.0389 -2.09971e-05 0)
(1.03891 -1.84164e-05 0)
(1.03892 -1.62377e-05 0)
(1.03892 -1.42252e-05 0)
(1.03893 -1.25033e-05 0)
(1.03893 -1.09299e-05 0)
(1.03894 -9.58207e-06 0)
(1.03894 -8.34256e-06 0)
(1.03894 -7.31497e-06 0)
(1.03895 -6.33597e-06 0)
(1.03895 -5.5402e-06 0)
(1.03895 -4.75229e-06 0)
(1.03895 -4.14742e-06 0)
(1.03895 -3.5276e-06 0)
(1.03895 -3.03773e-06 0)
(1.03895 -2.57083e-06 0)
(1.03896 -2.25358e-06 0)
(1.03896 -1.88906e-06 0)
(1.03896 -1.65927e-06 0)
(1.03896 -1.41534e-06 0)
(1.03896 -1.27552e-06 0)
(1.03896 -1.09708e-06 0)
(1.03896 -1.02791e-06 0)
(1.03896 -8.6388e-07 0)
(1.03896 -8.10338e-07 0)
(1.03896 -7.09434e-07 0)
(1.03896 -6.74674e-07 0)
(1.03896 -5.7375e-07 0)
(1.03896 -5.61628e-07 0)
(1.03896 -4.66358e-07 0)
(1.03896 -4.61001e-07 0)
(1.03896 -3.77729e-07 0)
(1.03896 -3.41272e-07 0)
(1.03896 -2.36181e-07 0)
(1.03896 -1.96308e-07 0)
(1.03896 -7.29437e-08 0)
(1.03896 -2.9686e-08 0)
(1.03896 7.15837e-08 0)
(1.03896 9.42233e-08 0)
(1.03896 1.70581e-07 0)
(1.03896 1.49622e-07 0)
(1.03896 1.71488e-07 0)
(1.03896 1.30377e-07 0)
(1.03896 1.1392e-07 0)
(1.03896 3.57164e-08 0)
(1.03896 4.00034e-08 0)
(1.03896 -3.58393e-08 0)
(1.03896 -4.43896e-08 0)
(1.03896 -8.29032e-08 0)
(1.03896 -8.25558e-08 0)
(1.03896 -1.19558e-07 0)
(1.03896 -1.07677e-07 0)
(1.03896 -1.54699e-07 0)
(1.03896 -1.84891e-07 0)
(1.03896 -2.89104e-07 0)
(1.03896 -3.92016e-07 0)
(1.03896 -5.96459e-07 0)
(1.03896 -8.52728e-07 0)
(1.03896 -1.23875e-06 0)
(1.03896 -1.76288e-06 0)
(1.03896 -2.51986e-06 0)
(1.03896 -3.55656e-06 0)
(1.03897 -5.05051e-06 0)
(1.03897 -7.22358e-06 0)
(1.03897 -1.03978e-05 0)
(1.03898 -1.57954e-05 0)
(1.03898 -2.3915e-05 0)
(1.03899 -4.21788e-05 0)
(1.03901 -7.19933e-05 0)
(1.03902 -0.000190666 0)
(1.03917 -0.000480363 0)
(1.03938 -0.00166359 0)
(1.04087 -0.00327224 0)
(0.971235 -0.0403349 0)
(1.05354 -0.0228306 0)
(1.02737 -0.00636392 0)
(1.0422 -0.000224787 0)
(1.03581 0.000413742 0)
(1.03857 -0.000172347 0)
(1.03749 -0.000377101 0)
(1.03817 -0.000461586 0)
(1.0381 -0.000403551 0)
(1.03832 -0.000351195 0)
(1.03838 -0.000289828 0)
(1.03849 -0.000241989 0)
(1.03855 -0.000200349 0)
(1.03862 -0.000167494 0)
(1.03867 -0.000140553 0)
(1.03871 -0.000119081 0)
(1.03874 -0.000101578 0)
(1.03877 -8.73725e-05 0)
(1.0388 -7.54592e-05 0)
(1.03882 -6.56339e-05 0)
(1.03884 -5.72353e-05 0)
(1.03886 -5.0042e-05 0)
(1.03887 -4.38743e-05 0)
(1.03888 -3.85074e-05 0)
(1.03889 -3.37778e-05 0)
(1.0389 -2.96941e-05 0)
(1.03891 -2.60543e-05 0)
(1.03892 -2.29336e-05 0)
(1.03892 -2.0094e-05 0)
(1.03893 -1.7693e-05 0)
(1.03893 -1.54843e-05 0)
(1.03894 -1.35818e-05 0)
(1.03894 -1.18557e-05 0)
(1.03894 -1.03885e-05 0)
(1.03895 -9.04308e-06 0)
(1.03895 -7.924e-06 0)
(1.03895 -6.85798e-06 0)
(1.03895 -5.99385e-06 0)
(1.03895 -5.14006e-06 0)
(1.03895 -4.48684e-06 0)
(1.03895 -3.82792e-06 0)
(1.03896 -3.29661e-06 0)
(1.03896 -2.78378e-06 0)
(1.03896 -2.43447e-06 0)
(1.03896 -2.04732e-06 0)
(1.03896 -1.79887e-06 0)
(1.03896 -1.53514e-06 0)
(1.03896 -1.38304e-06 0)
(1.03896 -1.18292e-06 0)
(1.03896 -1.10298e-06 0)
(1.03896 -9.25776e-07 0)
(1.03896 -8.56861e-07 0)
(1.03896 -7.43904e-07 0)
(1.03896 -7.05144e-07 0)
(1.03896 -5.96686e-07 0)
(1.03896 -5.84723e-07 0)
(1.03896 -4.82277e-07 0)
(1.03896 -4.75894e-07 0)
(1.03896 -3.91955e-07 0)
(1.03896 -3.57946e-07 0)
(1.03896 -2.46827e-07 0)
(1.03896 -2.10475e-07 0)
(1.03896 -8.73706e-08 0)
(1.03896 -4.47223e-08 0)
(1.03896 5.77718e-08 0)
(1.03896 7.52379e-08 0)
(1.03896 1.54822e-07 0)
(1.03896 1.32726e-07 0)
(1.03896 1.55121e-07 0)
(1.03896 1.11506e-07 0)
(1.03896 9.93542e-08 0)
(1.03896 1.72878e-08 0)
(1.03896 2.29926e-08 0)
(1.03896 -5.05406e-08 0)
(1.03896 -5.53018e-08 0)
(1.03896 -9.46544e-08 0)
(1.03896 -9.14203e-08 0)
(1.03896 -1.29776e-07 0)
(1.03896 -1.18369e-07 0)
(1.03896 -1.7096e-07 0)
(1.03896 -2.01787e-07 0)
(1.03896 -3.16864e-07 0)
(1.03896 -4.35484e-07 0)
(1.03896 -6.57316e-07 0)
(1.03896 -9.39832e-07 0)
(1.03896 -1.36713e-06 0)
(1.03896 -1.94008e-06 0)
(1.03896 -2.77106e-06 0)
(1.03896 -3.91034e-06 0)
(1.03896 -5.53937e-06 0)
(1.03897 -7.89941e-06 0)
(1.03897 -1.13111e-05 0)
(1.03897 -1.70339e-05 0)
(1.03898 -2.553e-05 0)
(1.03898 -4.4562e-05 0)
(1.03899 -7.58723e-05 0)
(1.03899 -0.000203058 0)
(1.0391 -0.000519133 0)
(1.03926 -0.00181089 0)
(1.04037 -0.00357716 0)
(0.972314 -0.0467718 0)
(1.055 -0.0253144 0)
(1.02768 -0.00688248 0)
(1.04245 -0.000265427 0)
(1.0361 0.000442847 0)
(1.03887 -0.000198453 0)
(1.03778 -0.000407629 0)
(1.03842 -0.000499044 0)
(1.03831 -0.000434631 0)
(1.0385 -0.000378164 0)
(1.03854 -0.000311662 0)
(1.03862 -0.000260118 0)
(1.03867 -0.000215206 0)
(1.03872 -0.000179859 0)
(1.03875 -0.00015087 0)
(1.03878 -0.000127749 0)
(1.03881 -0.000108886 0)
(1.03883 -9.35871e-05 0)
(1.03885 -8.0773e-05 0)
(1.03886 -7.01718e-05 0)
(1.03888 -6.1133e-05 0)
(1.03889 -5.34083e-05 0)
(1.0389 -4.67786e-05 0)
(1.03891 -4.10217e-05 0)
(1.03892 -3.59499e-05 0)
(1.03892 -3.15773e-05 0)
(1.03893 -2.76842e-05 0)
(1.03893 -2.43405e-05 0)
(1.03894 -2.12988e-05 0)
(1.03894 -1.87233e-05 0)
(1.03894 -1.63662e-05 0)
(1.03895 -1.43307e-05 0)
(1.03895 -1.24892e-05 0)
(1.03895 -1.09355e-05 0)
(1.03895 -9.51635e-06 0)
(1.03895 -8.33034e-06 0)
(1.03895 -7.20091e-06 0)
(1.03895 -6.29048e-06 0)
(1.03895 -5.39138e-06 0)
(1.03896 -4.70361e-06 0)
(1.03896 -4.02169e-06 0)
(1.03896 -3.46567e-06 0)
(1.03896 -2.91968e-06 0)
(1.03896 -2.54792e-06 0)
(1.03896 -2.14722e-06 0)
(1.03896 -1.88805e-06 0)
(1.03896 -1.61115e-06 0)
(1.03896 -1.45118e-06 0)
(1.03896 -1.23508e-06 0)
(1.03896 -1.14689e-06 0)
(1.03896 -9.63751e-07 0)
(1.03896 -8.84492e-07 0)
(1.03896 -7.6146e-07 0)
(1.03896 -7.20323e-07 0)
(1.03896 -6.06739e-07 0)
(1.03896 -5.96312e-07 0)
(1.03896 -4.89291e-07 0)
(1.03896 -4.81368e-07 0)
(1.03896 -3.96923e-07 0)
(1.03896 -3.66967e-07 0)
(1.03896 -2.52676e-07 0)
(1.03896 -2.20596e-07 0)
(1.03896 -9.97908e-08 0)
(1.03896 -5.80867e-08 0)
(1.03896 4.45606e-08 0)
(1.03896 5.65068e-08 0)
(1.03896 1.37135e-07 0)
(1.03896 1.12805e-07 0)
(1.03896 1.36023e-07 0)
(1.03896 9.06031e-08 0)
(1.03896 8.3534e-08 0)
(1.03896 -8.47289e-10 0)
(1.03896 4.14902e-09 0)
(1.03896 -6.57079e-08 0)
(1.03896 -6.70405e-08 0)
(1.03896 -1.0722e-07 0)
(1.03896 -1.00645e-07 0)
(1.03896 -1.40465e-07 0)
(1.03896 -1.30495e-07 0)
(1.03896 -1.87942e-07 0)
(1.03896 -2.18621e-07 0)
(1.03896 -3.41268e-07 0)
(1.03896 -4.71855e-07 0)
(1.03896 -7.05858e-07 0)
(1.03896 -1.00755e-06 0)
(1.03896 -1.46629e-06 0)
(1.03896 -2.07465e-06 0)
(1.03896 -2.96004e-06 0)
(1.03896 -4.17708e-06 0)
(1.03896 -5.90312e-06 0)
(1.03896 -8.39172e-06 0)
(1.03896 -1.19504e-05 0)
(1.03897 -1.78196e-05 0)
(1.03897 -2.6392e-05 0)
(1.03897 -4.54747e-05 0)
(1.03897 -7.71544e-05 0)
(1.03896 -0.000209083 0)
(1.03901 -0.000544187 0)
(1.03912 -0.00191345 0)
(1.03982 -0.00379819 0)
(0.973661 -0.0536589 0)
(1.05672 -0.0275457 0)
(1.02804 -0.00727149 0)
(1.04273 -0.000308947 0)
(1.03644 0.00046467 0)
(1.03919 -0.000223447 0)
(1.0381 -0.000430081 0)
(1.03868 -0.000527017 0)
(1.03854 -0.000457002 0)
(1.03869 -0.000397571 0)
(1.0387 -0.000327153 0)
(1.03876 -0.000272945 0)
(1.03879 -0.000225647 0)
(1.03882 -0.000188508 0)
(1.03884 -0.000158053 0)
(1.03886 -0.000133751 0)
(1.03888 -0.000113904 0)
(1.03889 -9.78093e-05 0)
(1.0389 -8.43559e-05 0)
(1.03891 -7.31942e-05 0)
(1.03892 -6.36931e-05 0)
(1.03892 -5.55958e-05 0)
(1.03893 -4.86335e-05 0)
(1.03893 -4.26058e-05 0)
(1.03894 -3.73004e-05 0)
(1.03894 -3.27227e-05 0)
(1.03894 -2.86575e-05 0)
(1.03895 -2.51633e-05 0)
(1.03895 -2.19848e-05 0)
(1.03895 -1.92886e-05 0)
(1.03895 -1.68349e-05 0)
(1.03895 -1.47182e-05 0)
(1.03895 -1.2804e-05 0)
(1.03895 -1.1197e-05 0)
(1.03895 -9.73738e-06 0)
(1.03895 -8.51167e-06 0)
(1.03895 -7.34609e-06 0)
(1.03895 -6.41201e-06 0)
(1.03895 -5.49146e-06 0)
(1.03895 -4.78448e-06 0)
(1.03895 -4.09535e-06 0)
(1.03895 -3.53229e-06 0)
(1.03895 -2.96987e-06 0)
(1.03895 -2.58582e-06 0)
(1.03895 -2.1818e-06 0)
(1.03895 -1.91916e-06 0)
(1.03895 -1.63707e-06 0)
(1.03895 -1.47281e-06 0)
(1.03895 -1.24818e-06 0)
(1.03895 -1.1537e-06 0)
(1.03895 -9.71272e-07 0)
(1.03895 -8.86374e-07 0)
(1.03895 -7.56263e-07 0)
(1.03895 -7.1321e-07 0)
(1.03895 -5.96855e-07 0)
(1.03895 -5.87607e-07 0)
(1.03895 -4.7966e-07 0)
(1.03895 -4.69448e-07 0)
(1.03895 -3.84127e-07 0)
(1.03895 -3.58539e-07 0)
(1.03895 -2.43234e-07 0)
(1.03895 -2.1565e-07 0)
(1.03895 -9.97635e-08 0)
(1.03895 -5.89709e-08 0)
(1.03895 4.23199e-08 0)
(1.03895 4.91869e-08 0)
(1.03895 1.2811e-07 0)
(1.03895 1.01424e-07 0)
(1.03895 1.24934e-07 0)
(1.03895 7.9856e-08 0)
(1.03895 7.80721e-08 0)
(1.03895 -6.40629e-09 0)
(1.03895 -4.54786e-09 0)
(1.03895 -7.05708e-08 0)
(1.03895 -6.94323e-08 0)
(1.03895 -1.10425e-07 0)
(1.03895 -1.00877e-07 0)
(1.03895 -1.41571e-07 0)
(1.03895 -1.34484e-07 0)
(1.03895 -1.95071e-07 0)
(1.03895 -2.25679e-07 0)
(1.03895 -3.53172e-07 0)
(1.03895 -4.92594e-07 0)
(1.03895 -7.34706e-07 0)
(1.03895 -1.0498e-06 0)
(1.03895 -1.52794e-06 0)
(1.03895 -2.15818e-06 0)
(1.03895 -3.0752e-06 0)
(1.03895 -4.34087e-06 0)
(1.03895 -6.12372e-06 0)
(1.03895 -8.67814e-06 0)
(1.03895 -1.229e-05 0)
(1.03895 -1.81286e-05 0)
(1.03895 -2.64815e-05 0)
(1.03895 -4.49072e-05 0)
(1.03895 -7.58146e-05 0)
(1.03893 -0.0002085 0)
(1.03892 -0.000554603 0)
(1.03898 -0.00196669 0)
(1.03921 -0.00392515 0)
(0.975341 -0.0610856 0)
(1.0587 -0.0294654 0)
(1.02846 -0.00751186 0)
(1.04303 -0.000354573 0)
(1.03682 0.00047944 0)
(1.03954 -0.000246074 0)
(1.03844 -0.000443317 0)
(1.03896 -0.000544276 0)
(1.03878 -0.000469678 0)
(1.0389 -0.000408597 0)
(1.03887 -0.000335665 0)
(1.0389 -0.000279963 0)
(1.03891 -0.000231281 0)
(1.03892 -0.000193138 0)
(1.03893 -0.000161866 0)
(1.03893 -0.000136908 0)
(1.03894 -0.000116503 0)
(1.03894 -9.9948e-05 0)
(1.03894 -8.61434e-05 0)
(1.03894 -7.46649e-05 0)
(1.03895 -6.49008e-05 0)
(1.03895 -5.6605e-05 0)
(1.03895 -4.94569e-05 0)
(1.03895 -4.32869e-05 0)
(1.03895 -3.78684e-05 0)
(1.03895 -3.31809e-05 0)
(1.03895 -2.90302e-05 0)
(1.03895 -2.54653e-05 0)
(1.03895 -2.22231e-05 0)
(1.03894 -1.94666e-05 0)
(1.03894 -1.69709e-05 0)
(1.03894 -1.48261e-05 0)
(1.03894 -1.2886e-05 0)
(1.03894 -1.12598e-05 0)
(1.03894 -9.79192e-06 0)
(1.03894 -8.55574e-06 0)
(1.03894 -7.38299e-06 0)
(1.03894 -6.44739e-06 0)
(1.03894 -5.52908e-06 0)
(1.03894 -4.81877e-06 0)
(1.03894 -4.13518e-06 0)
(1.03894 -3.57973e-06 0)
(1.03894 -3.01773e-06 0)
(1.03894 -2.62997e-06 0)
(1.03894 -2.23017e-06 0)
(1.03894 -1.96816e-06 0)
(1.03894 -1.68644e-06 0)
(1.03894 -1.51868e-06 0)
(1.03894 -1.28801e-06 0)
(1.03894 -1.19034e-06 0)
(1.03894 -1.01349e-06 0)
(1.03894 -9.26651e-07 0)
(1.03894 -7.91949e-07 0)
(1.03894 -7.47189e-07 0)
(1.03893 -6.29673e-07 0)
(1.03893 -6.19813e-07 0)
(1.03893 -5.13211e-07 0)
(1.03893 -5.00126e-07 0)
(1.03893 -4.12664e-07 0)
(1.03893 -3.88672e-07 0)
(1.03893 -2.75787e-07 0)
(1.03893 -2.5204e-07 0)
(1.03893 -1.44134e-07 0)
(1.03893 -1.05516e-07 0)
(1.03893 -8.83124e-09 0)
(1.03893 -5.01484e-09 0)
(1.03893 7.11789e-08 0)
(1.03893 4.27306e-08 0)
(1.03893 6.57042e-08 0)
(1.03893 2.21342e-08 0)
(1.03893 2.35994e-08 0)
(1.03893 -5.81945e-08 0)
(1.03893 -5.92579e-08 0)
(1.03893 -1.20397e-07 0)
(1.03893 -1.17764e-07 0)
(1.03893 -1.5929e-07 0)
(1.03893 -1.47454e-07 0)
(1.03893 -1.8795e-07 0)
(1.03893 -1.85011e-07 0)
(1.03893 -2.46708e-07 0)
(1.03893 -2.76498e-07 0)
(1.03893 -4.10431e-07 0)
(1.03893 -5.5984e-07 0)
(1.03893 -8.08696e-07 0)
(1.03893 -1.13373e-06 0)
(1.03893 -1.62561e-06 0)
(1.03893 -2.26995e-06 0)
(1.03893 -3.19986e-06 0)
(1.03893 -4.48564e-06 0)
(1.03893 -6.28703e-06 0)
(1.03893 -8.84523e-06 0)
(1.03893 -1.24175e-05 0)
(1.03893 -1.80592e-05 0)
(1.03893 -2.59168e-05 0)
(1.03892 -4.3022e-05 0)
(1.03891 -7.20494e-05 0)
(1.03889 -0.000201414 0)
(1.03882 -0.00054991 0)
(1.03882 -0.00196687 0)
(1.03856 -0.00394849 0)
(0.977434 -0.0691588 0)
(1.06096 -0.0310007 0)
(1.02893 -0.0075828 0)
(1.04333 -0.00040088 0)
(1.03721 0.000487263 0)
(1.03988 -0.000265016 0)
(1.03877 -0.000446404 0)
(1.03923 -0.000549765 0)
(1.03901 -0.0004719 0)
(1.03908 -0.000410658 0)
(1.03902 -0.00033682 0)
(1.03902 -0.000280936 0)
(1.039 -0.000232006 0)
(1.03899 -0.000193745 0)
(1.03898 -0.000162378 0)
(1.03897 -0.000137348 0)
(1.03896 -0.000116862 0)
(1.03896 -0.000100226 0)
(1.03895 -8.63862e-05 0)
(1.03895 -7.4864e-05 0)
(1.03894 -6.50609e-05 0)
(1.03894 -5.67574e-05 0)
(1.03893 -4.95911e-05 0)
(1.03893 -4.34205e-05 0)
(1.03892 -3.80216e-05 0)
(1.03892 -3.3337e-05 0)
(1.03892 -2.91976e-05 0)
(1.03891 -2.56529e-05 0)
(1.03891 -2.24275e-05 0)
(1.03891 -1.96761e-05 0)
(1.0389 -1.71936e-05 0)
(1.0389 -1.50724e-05 0)
(1.0389 -1.31545e-05 0)
(1.0389 -1.15428e-05 0)
(1.0389 -1.00955e-05 0)
(1.03889 -8.87665e-06 0)
(1.03889 -7.72264e-06 0)
(1.03889 -6.80384e-06 0)
(1.03889 -5.90456e-06 0)
(1.03889 -5.20192e-06 0)
(1.03889 -4.52824e-06 0)
(1.03889 -3.9842e-06 0)
(1.03889 -3.43013e-06 0)
(1.03889 -3.03929e-06 0)
(1.03889 -2.64195e-06 0)
(1.03888 -2.38129e-06 0)
(1.03888 -2.09868e-06 0)
(1.03888 -1.92388e-06 0)
(1.03888 -1.68805e-06 0)
(1.03888 -1.59034e-06 0)
(1.03888 -1.425e-06 0)
(1.03888 -1.34179e-06 0)
(1.03888 -1.20829e-06 0)
(1.03888 -1.16603e-06 0)
(1.03888 -1.05282e-06 0)
(1.03888 -1.04406e-06 0)
(1.03888 -9.44482e-07 0)
(1.03888 -9.32502e-07 0)
(1.03888 -8.46527e-07 0)
(1.03888 -8.27272e-07 0)
(1.03888 -7.23883e-07 0)
(1.03888 -7.0372e-07 0)
(1.03888 -6.04858e-07 0)
(1.03888 -5.70581e-07 0)
(1.03888 -4.8061e-07 0)
(1.03888 -4.78433e-07 0)
(1.03888 -4.05779e-07 0)
(1.03888 -4.35114e-07 0)
(1.03888 -4.13072e-07 0)
(1.03888 -4.54463e-07 0)
(1.03888 -4.51448e-07 0)
(1.03888 -5.28584e-07 0)
(1.03888 -5.31087e-07 0)
(1.03888 -5.86016e-07 0)
(1.03888 -5.82488e-07 0)
(1.03888 -6.24554e-07 0)
(1.03888 -6.11161e-07 0)
(1.03888 -6.50612e-07 0)
(1.03888 -6.52292e-07 0)
(1.03888 -7.13361e-07 0)
(1.03888 -7.41818e-07 0)
(1.03888 -8.74207e-07 0)
(1.03888 -1.02247e-06 0)
(1.03888 -1.2662e-06 0)
(1.03888 -1.59013e-06 0)
(1.03888 -2.09881e-06 0)
(1.03888 -2.76348e-06 0)
(1.03888 -3.70766e-06 0)
(1.03888 -4.99984e-06 0)
(1.03888 -6.79381e-06 0)
(1.03888 -9.305e-06 0)
(1.03888 -1.27544e-05 0)
(1.03887 -1.80543e-05 0)
(1.03887 -2.51795e-05 0)
(1.03886 -4.03771e-05 0)
(1.03884 -6.64975e-05 0)
(1.03881 -0.000188494 0)
(1.0387 -0.000530272 0)
(1.03863 -0.0019114 0)
(1.03784 -0.00385959 0)
(0.980018 -0.0779994 0)
(1.06348 -0.0320582 0)
(1.02937 -0.00746038 0)
(1.04355 -0.000444805 0)
(1.03755 0.000488479 0)
(1.04016 -0.000278405 0)
(1.03904 -0.000438124 0)
(1.03943 -0.000542055 0)
(1.03915 -0.000462604 0)
(1.03917 -0.000402884 0)
(1.03908 -0.00033001 0)
(1.03904 -0.000275436 0)
(1.039 -0.000227571 0)
(1.03897 -0.000190231 0)
(1.03894 -0.000159568 0)
(1.03891 -0.000135109 0)
(1.03889 -0.000115068 0)
(1.03887 -9.87729e-05 0)
(1.03886 -8.52422e-05 0)
(1.03884 -7.39756e-05 0)
(1.03883 -6.43824e-05 0)
(1.03882 -5.62763e-05 0)
(1.03881 -4.92783e-05 0)
(1.0388 -4.32612e-05 0)
(1.03879 -3.80212e-05 0)
(1.03878 -3.34675e-05 0)
(1.03878 -2.9446e-05 0)
(1.03877 -2.60183e-05 0)
(1.03877 -2.28956e-05 0)
(1.03876 -2.02205e-05 0)
(1.03876 -1.78095e-05 0)
(1.03875 -1.57637e-05 0)
(1.03875 -1.39185e-05 0)
(1.03875 -1.23575e-05 0)
(1.03874 -1.09596e-05 0)
(1.03874 -9.78696e-06 0)
(1.03874 -8.67689e-06 0)
(1.03874 -7.79385e-06 0)
(1.03874 -6.92815e-06 0)
(1.03873 -6.24344e-06 0)
(1.03873 -5.58381e-06 0)
(1.03873 -5.05172e-06 0)
(1.03873 -4.50958e-06 0)
(1.03873 -4.11582e-06 0)
(1.03873 -3.72875e-06 0)
(1.03873 -3.48346e-06 0)
(1.03873 -3.21939e-06 0)
(1.03873 -3.06004e-06 0)
(1.03873 -2.83734e-06 0)
(1.03873 -2.74364e-06 0)
(1.03873 -2.59368e-06 0)
(1.03873 -2.51891e-06 0)
(1.03872 -2.39182e-06 0)
(1.03872 -2.3567e-06 0)
(1.03872 -2.25248e-06 0)
(1.03872 -2.24699e-06 0)
(1.03872 -2.15887e-06 0)
(1.03872 -2.15161e-06 0)
(1.03872 -2.07125e-06 0)
(1.03872 -2.05912e-06 0)
(1.03872 -1.9686e-06 0)
(1.03872 -1.95309e-06 0)
(1.03872 -1.86282e-06 0)
(1.03872 -1.83506e-06 0)
(1.03872 -1.75172e-06 0)
(1.03872 -1.75173e-06 0)
(1.03872 -1.68375e-06 0)
(1.03872 -1.71364e-06 0)
(1.03872 -1.69277e-06 0)
(1.03872 -1.73145e-06 0)
(1.03872 -1.72553e-06 0)
(1.03872 -1.79683e-06 0)
(1.03872 -1.79995e-06 0)
(1.03872 -1.84956e-06 0)
(1.03872 -1.84502e-06 0)
(1.03872 -1.88779e-06 0)
(1.03872 -1.87302e-06 0)
(1.03872 -1.91093e-06 0)
(1.03872 -1.91611e-06 0)
(1.03872 -1.97698e-06 0)
(1.03872 -2.00481e-06 0)
(1.03872 -2.12726e-06 0)
(1.03872 -2.2634e-06 0)
(1.03872 -2.49142e-06 0)
(1.03872 -2.80059e-06 0)
(1.03872 -3.2883e-06 0)
(1.03872 -3.93931e-06 0)
(1.03872 -4.90141e-06 0)
(1.03872 -6.18718e-06 0)
(1.03872 -7.94672e-06 0)
(1.03872 -1.03632e-05 0)
(1.03872 -1.36121e-05 0)
(1.03871 -1.84452e-05 0)
(1.0387 -2.4651e-05 0)
(1.03869 -3.74706e-05 0)
(1.03867 -5.98099e-05 0)
(1.03863 -0.000170602 0)
(1.03847 -0.000495995 0)
(1.03834 -0.00179842 0)
(1.03701 -0.00365045 0)
(0.983101 -0.0877041 0)
(1.0661 -0.0325107 0)
(1.02959 -0.00711583 0)
(1.04347 -0.000479928 0)
(1.03762 0.00048472 0)
(1.04015 -0.000282411 0)
(1.03902 -0.000415611 0)
(1.03932 -0.000518 0)
(1.039 -0.000439049 0)
(1.03896 -0.000382709 0)
(1.03883 -0.000312906 0)
(1.03876 -0.000261274 0)
(1.03868 -0.000215921 0)
(1.03863 -0.000180651 0)
(1.03858 -0.00015155 0)
(1.03854 -0.000128343 0)
(1.0385 -0.000109304 0)
(1.03847 -9.37928e-05 0)
(1.03845 -8.0924e-05 0)
(1.03842 -7.02118e-05 0)
(1.0384 -6.10753e-05 0)
(1.03839 -5.33554e-05 0)
(1.03837 -4.66949e-05 0)
(1.03836 -4.09614e-05 0)
(1.03834 -3.59825e-05 0)
(1.03833 -3.1653e-05 0)
(1.03832 -2.78155e-05 0)
(1.03831 -2.45501e-05 0)
(1.03831 -2.16035e-05 0)
(1.0383 -1.90879e-05 0)
(1.03829 -1.68175e-05 0)
(1.03829 -1.49067e-05 0)
(1.03828 -1.31945e-05 0)
(1.03828 -1.1733e-05 0)
(1.03827 -1.0427e-05 0)
(1.03827 -9.34399e-06 0)
(1.03827 -8.31818e-06 0)
(1.03827 -7.50767e-06 0)
(1.03826 -6.71048e-06 0)
(1.03826 -6.07649e-06 0)
(1.03826 -5.46364e-06 0)
(1.03826 -4.97308e-06 0)
(1.03826 -4.47639e-06 0)
(1.03826 -4.11373e-06 0)
(1.03825 -3.7541e-06 0)
(1.03825 -3.52669e-06 0)
(1.03825 -3.29531e-06 0)
(1.03825 -3.16605e-06 0)
(1.03825 -2.96995e-06 0)
(1.03825 -2.88458e-06 0)
(1.03825 -2.75054e-06 0)
(1.03825 -2.68623e-06 0)
(1.03825 -2.56715e-06 0)
(1.03825 -2.54048e-06 0)
(1.03825 -2.44559e-06 0)
(1.03825 -2.44212e-06 0)
(1.03825 -2.36387e-06 0)
(1.03825 -2.36155e-06 0)
(1.03825 -2.28693e-06 0)
(1.03825 -2.27791e-06 0)
(1.03825 -2.1982e-06 0)
(1.03825 -2.18873e-06 0)
(1.03825 -2.1074e-06 0)
(1.03825 -2.08855e-06 0)
(1.03825 -2.01321e-06 0)
(1.03825 -2.01491e-06 0)
(1.03825 -1.95176e-06 0)
(1.03825 -1.98286e-06 0)
(1.03825 -1.96411e-06 0)
(1.03825 -2.0009e-06 0)
(1.03825 -1.99075e-06 0)
(1.03825 -2.05484e-06 0)
(1.03825 -2.05747e-06 0)
(1.03825 -2.10242e-06 0)
(1.03825 -2.09668e-06 0)
(1.03825 -2.13891e-06 0)
(1.03825 -2.12192e-06 0)
(1.03825 -2.15755e-06 0)
(1.03825 -2.16415e-06 0)
(1.03825 -2.22496e-06 0)
(1.03825 -2.25186e-06 0)
(1.03825 -2.36613e-06 0)
(1.03825 -2.49207e-06 0)
(1.03825 -2.70455e-06 0)
(1.03825 -2.99222e-06 0)
(1.03825 -3.42871e-06 0)
(1.03825 -4.04586e-06 0)
(1.03825 -4.95967e-06 0)
(1.03824 -6.16742e-06 0)
(1.03824 -7.81588e-06 0)
(1.03824 -1.00554e-05 0)
(1.03824 -1.3008e-05 0)
(1.03823 -1.72514e-05 0)
(1.03822 -2.24022e-05 0)
(1.03821 -3.26024e-05 0)
(1.03818 -5.06495e-05 0)
(1.03814 -0.000147038 0)
(1.03794 -0.0004461 0)
(1.03774 -0.00162564 0)
(1.03587 -0.00331284 0)
(0.986394 -0.0983076 0)
(1.06821 -0.0321973 0)
(1.02896 -0.00652406 0)
(1.04242 -0.000503038 0)
(1.03679 0.000472226 0)
(1.03921 -0.000276669 0)
(1.03808 -0.000380025 0)
(1.03829 -0.000478727 0)
(1.03791 -0.000402562 0)
(1.03781 -0.000351363 0)
(1.03764 -0.000286567 0)
(1.03753 -0.000239212 0)
(1.03742 -0.000197422 0)
(1.03734 -0.000164952 0)
(1.03727 -0.000138226 0)
(1.03722 -0.00011697 0)
(1.03717 -9.94954e-05 0)
(1.03712 -8.52102e-05 0)
(1.03709 -7.3341e-05 0)
(1.03705 -6.34529e-05 0)
(1.03703 -5.49863e-05 0)
(1.037 -4.77945e-05 0)
(1.03698 -4.15822e-05 0)
(1.03696 -3.61981e-05 0)
(1.03694 -3.14992e-05 0)
(1.03693 -2.73934e-05 0)
(1.03692 -2.37033e-05 0)
(1.03691 -2.05262e-05 0)
(1.0369 -1.7801e-05 0)
(1.03689 -1.55272e-05 0)
(1.03688 -1.34724e-05 0)
(1.03687 -1.17557e-05 0)
(1.03686 -1.02376e-05 0)
(1.03686 -8.92853e-06 0)
(1.03685 -7.76106e-06 0)
(1.03685 -6.81393e-06 0)
(1.03685 -5.91573e-06 0)
(1.03684 -5.21528e-06 0)
(1.03684 -4.52645e-06 0)
(1.03684 -3.98054e-06 0)
(1.03684 -3.45576e-06 0)
(1.03683 -3.04325e-06 0)
(1.03683 -2.63153e-06 0)
(1.03683 -2.33842e-06 0)
(1.03683 -2.03171e-06 0)
(1.03683 -1.83716e-06 0)
(1.03683 -1.63837e-06 0)
(1.03683 -1.52944e-06 0)
(1.03683 -1.35777e-06 0)
(1.03683 -1.28305e-06 0)
(1.03683 -1.16728e-06 0)
(1.03683 -1.11575e-06 0)
(1.03682 -1.0079e-06 0)
(1.03682 -9.89708e-07 0)
(1.03682 -9.06185e-07 0)
(1.03682 -9.03972e-07 0)
(1.03682 -8.3561e-07 0)
(1.03682 -8.37981e-07 0)
(1.03682 -7.70698e-07 0)
(1.03682 -7.64045e-07 0)
(1.03682 -6.93581e-07 0)
(1.03682 -6.91211e-07 0)
(1.03682 -6.2023e-07 0)
(1.03682 -6.10426e-07 0)
(1.03682 -5.45805e-07 0)
(1.03682 -5.48335e-07 0)
(1.03682 -4.90678e-07 0)
(1.03682 -5.23425e-07 0)
(1.03682 -5.08502e-07 0)
(1.03682 -5.4329e-07 0)
(1.03682 -5.2924e-07 0)
(1.03682 -5.84458e-07 0)
(1.03682 -5.86007e-07 0)
(1.03682 -6.26437e-07 0)
(1.03682 -6.19555e-07 0)
(1.03682 -6.58401e-07 0)
(1.03682 -6.38401e-07 0)
(1.03682 -6.70723e-07 0)
(1.03682 -6.7669e-07 0)
(1.03682 -7.34652e-07 0)
(1.03682 -7.60084e-07 0)
(1.03682 -8.62949e-07 0)
(1.03682 -9.76298e-07 0)
(1.03682 -1.17036e-06 0)
(1.03682 -1.428e-06 0)
(1.03682 -1.8206e-06 0)
(1.03682 -2.36894e-06 0)
(1.03682 -3.1499e-06 0)
(1.03682 -4.19886e-06 0)
(1.03681 -5.64988e-06 0)
(1.03681 -7.62394e-06 0)
(1.03681 -1.01892e-05 0)
(1.0368 -1.37432e-05 0)
(1.03679 -1.77744e-05 0)
(1.03678 -2.54779e-05 0)
(1.03674 -3.93107e-05 0)
(1.0367 -0.000119298 0)
(1.03647 -0.000383861 0)
(1.03621 -0.00139849 0)
(1.03382 -0.00284675 0)
(0.988567 -0.109984 0)
(1.06794 -0.0309707 0)
(1.02558 -0.00569852 0)
(1.03849 -0.000547859 0)
(1.03315 0.000407753 0)
(1.03543 -0.000296791 0)
(1.0343 -0.000368799 0)
(1.03441 -0.000461786 0)
(1.03398 -0.00039065 0)
(1.03382 -0.00034601 0)
(1.0336 -0.000287595 0)
(1.03345 -0.000245165 0)
(1.03332 -0.000207092 0)
(1.03321 -0.000177205 0)
(1.03312 -0.00015368 0)
(1.03304 -0.00013521 0)
(1.03298 -0.000120022 0)
(1.03292 -0.000107571 0)
(1.03287 -9.72141e-05 0)
(1.03283 -8.86024e-05 0)
(1.0328 -8.12253e-05 0)
(1.03277 -7.4931e-05 0)
(1.03274 -6.9519e-05 0)
(1.03271 -6.48247e-05 0)
(1.03269 -6.0721e-05 0)
(1.03267 -5.71559e-05 0)
(1.03266 -5.3941e-05 0)
(1.03264 -5.11636e-05 0)
(1.03263 -4.88127e-05 0)
(1.03262 -4.68606e-05 0)
(1.03261 -4.50914e-05 0)
(1.0326 -4.36175e-05 0)
(1.03259 -4.23418e-05 0)
(1.03259 -4.12284e-05 0)
(1.03258 -4.02322e-05 0)
(1.03258 -3.94467e-05 0)
(1.03257 -3.86996e-05 0)
(1.03257 -3.81217e-05 0)
(1.03257 -3.75575e-05 0)
(1.03256 -3.71088e-05 0)
(1.03256 -3.66828e-05 0)
(1.03256 -3.63513e-05 0)
(1.03256 -3.60258e-05 0)
(1.03256 -3.58006e-05 0)
(1.03255 -3.55579e-05 0)
(1.03255 -3.5413e-05 0)
(1.03255 -3.52552e-05 0)
(1.03255 -3.51678e-05 0)
(1.03255 -3.50257e-05 0)
(1.03255 -3.49638e-05 0)
(1.03255 -3.48692e-05 0)
(1.03255 -3.48317e-05 0)
(1.03255 -3.47399e-05 0)
(1.03255 -3.47278e-05 0)
(1.03255 -3.46594e-05 0)
(1.03255 -3.46583e-05 0)
(1.03255 -3.46019e-05 0)
(1.03255 -3.46056e-05 0)
(1.03255 -3.45492e-05 0)
(1.03255 -3.45453e-05 0)
(1.03255 -3.44852e-05 0)
(1.03255 -3.44884e-05 0)
(1.03255 -3.44303e-05 0)
(1.03255 -3.44258e-05 0)
(1.03255 -3.43755e-05 0)
(1.03255 -3.43792e-05 0)
(1.03255 -3.43282e-05 0)
(1.03255 -3.43597e-05 0)
(1.03255 -3.43506e-05 0)
(1.03255 -3.43816e-05 0)
(1.03255 -3.43656e-05 0)
(1.03255 -3.44107e-05 0)
(1.03255 -3.44116e-05 0)
(1.03255 -3.44451e-05 0)
(1.03255 -3.44383e-05 0)
(1.03255 -3.44716e-05 0)
(1.03255 -3.445e-05 0)
(1.03255 -3.44779e-05 0)
(1.03255 -3.44822e-05 0)
(1.03255 -3.45325e-05 0)
(1.03255 -3.4557e-05 0)
(1.03255 -3.46434e-05 0)
(1.03255 -3.47393e-05 0)
(1.03255 -3.49102e-05 0)
(1.03255 -3.51274e-05 0)
(1.03254 -3.54649e-05 0)
(1.03254 -3.59061e-05 0)
(1.03254 -3.65459e-05 0)
(1.03254 -3.74221e-05 0)
(1.03254 -3.86425e-05 0)
(1.03253 -4.03026e-05 0)
(1.03253 -4.24277e-05 0)
(1.03252 -4.52458e-05 0)
(1.03251 -4.81602e-05 0)
(1.03249 -5.31758e-05 0)
(1.03246 -6.2303e-05 0)
(1.03242 -0.000123555 0)
(1.03218 -0.000349189 0)
(1.03186 -0.00116814 0)
(1.02902 -0.00229695 0)
(0.984959 -0.123302 0)
(1.05948 -0.0286628 0)
(1.01373 -0.00469256 0)
(1.02589 -0.000700412 0)
(1.02097 0.000186085 0)
(1.02308 -0.000441787 0)
(1.02197 -0.000479972 0)
(1.02197 -0.000561822 0)
(1.02149 -0.000499945 0)
(1.02127 -0.000464685 0)
(1.021 -0.000416632 0)
(1.02082 -0.000382382 0)
(1.02065 -0.000351324 0)
(1.02052 -0.000327024 0)
(1.0204 -0.000308045 0)
(1.02031 -0.000293214 0)
(1.02023 -0.000281027 0)
(1.02016 -0.000271022 0)
(1.0201 -0.000262696 0)
(1.02005 -0.000255804 0)
(1.02001 -0.000249927 0)
(1.01997 -0.000244908 0)
(1.01994 -0.000240636 0)
(1.01991 -0.000236956 0)
(1.01989 -0.00023376 0)
(1.01986 -0.000231034 0)
(1.01984 -0.000228602 0)
(1.01983 -0.00022652 0)
(1.01981 -0.000224687 0)
(1.0198 -0.000223137 0)
(1.01979 -0.000221725 0)
(1.01978 -0.000220543 0)
(1.01977 -0.00021955 0)
(1.01976 -0.000218673 0)
(1.01976 -0.000217878 0)
(1.01975 -0.000217271 0)
(1.01975 -0.000216693 0)
(1.01974 -0.000216243 0)
(1.01974 -0.000215811 0)
(1.01974 -0.000215464 0)
(1.01974 -0.000215139 0)
(1.01973 -0.000214882 0)
(1.01973 -0.000214637 0)
(1.01973 -0.000214471 0)
(1.01973 -0.000214284 0)
(1.01973 -0.000214177 0)
(1.01973 -0.000214063 0)
(1.01973 -0.000213997 0)
(1.01972 -0.00021389 0)
(1.01972 -0.000213844 0)
(1.01972 -0.000213773 0)
(1.01972 -0.000213748 0)
(1.01972 -0.000213678 0)
(1.01972 -0.000213669 0)
(1.01972 -0.000213619 0)
(1.01972 -0.000213618 0)
(1.01972 -0.000213578 0)
(1.01972 -0.000213581 0)
(1.01972 -0.000213538 0)
(1.01972 -0.000213537 0)
(1.01972 -0.000213492 0)
(1.01972 -0.000213496 0)
(1.01972 -0.000213453 0)
(1.01972 -0.000213449 0)
(1.01972 -0.000213415 0)
(1.01972 -0.000213421 0)
(1.01972 -0.000213379 0)
(1.01972 -0.000213402 0)
(1.01972 -0.0002134 0)
(1.01972 -0.000213425 0)
(1.01972 -0.00021341 0)
(1.01972 -0.000213444 0)
(1.01972 -0.000213445 0)
(1.01972 -0.000213468 0)
(1.01972 -0.000213463 0)
(1.01972 -0.000213491 0)
(1.01972 -0.000213472 0)
(1.01972 -0.000213494 0)
(1.01972 -0.000213497 0)
(1.01972 -0.000213535 0)
(1.01972 -0.000213559 0)
(1.01972 -0.000213626 0)
(1.01972 -0.000213699 0)
(1.01972 -0.000213839 0)
(1.01972 -0.000214007 0)
(1.01972 -0.000214271 0)
(1.01972 -0.000214621 0)
(1.01971 -0.000215124 0)
(1.01971 -0.000215817 0)
(1.01971 -0.000216781 0)
(1.0197 -0.000218083 0)
(1.0197 -0.00021972 0)
(1.01969 -0.000221785 0)
(1.01968 -0.000223662 0)
(1.01966 -0.00022607 0)
(1.01963 -0.000230497 0)
(1.0196 -0.000271503 0)
(1.01935 -0.000444076 0)
(1.01899 -0.00104959 0)
(1.01589 -0.00176922 0)
(0.960306 -0.13591 0)
(1.02531 -0.0244357 0)
(0.976297 -0.00334397 0)
(0.987378 -0.000824088 0)
(0.983069 -0.000102035 0)
(0.98497 -0.00060709 0)
(0.983896 -0.000612976 0)
(0.983802 -0.000676703 0)
(0.983279 -0.000628493 0)
(0.983004 -0.000604517 0)
(0.982704 -0.000570041 0)
(0.982486 -0.000546309 0)
(0.982294 -0.000524589 0)
(0.98214 -0.000507951 0)
(0.98201 -0.000494649 0)
(0.981901 -0.000484154 0)
(0.981809 -0.000475523 0)
(0.98173 -0.000468428 0)
(0.981663 -0.000462492 0)
(0.981606 -0.000457582 0)
(0.981556 -0.000453421 0)
(0.981513 -0.000449851 0)
(0.981476 -0.000446829 0)
(0.981444 -0.000444232 0)
(0.981416 -0.000441972 0)
(0.981391 -0.000440063 0)
(0.981371 -0.000438368 0)
(0.981352 -0.000436911 0)
(0.981337 -0.000435634 0)
(0.981323 -0.000434554 0)
(0.981311 -0.000433569 0)
(0.981301 -0.000432734 0)
(0.981292 -0.000432064 0)
(0.981285 -0.000431467 0)
(0.981278 -0.000430905 0)
(0.981272 -0.000430489 0)
(0.981268 -0.000430102 0)
(0.981264 -0.000429792 0)
(0.98126 -0.000429506 0)
(0.981257 -0.000429273 0)
(0.981255 -0.000429053 0)
(0.981252 -0.000428876 0)
(0.98125 -0.000428719 0)
(0.981249 -0.000428616 0)
(0.981248 -0.000428489 0)
(0.981246 -0.000428415 0)
(0.981245 -0.000428349 0)
(0.981245 -0.000428304 0)
(0.981244 -0.000428234 0)
(0.981243 -0.000428205 0)
(0.981243 -0.000428158 0)
(0.981242 -0.000428142 0)
(0.981242 -0.000428097 0)
(0.981242 -0.000428092 0)
(0.981241 -0.000428061 0)
(0.981241 -0.00042806 0)
(0.981241 -0.000428039 0)
(0.981241 -0.000428042 0)
(0.981241 -0.000428014 0)
(0.98124 -0.000428017 0)
(0.98124 -0.000427988 0)
(0.98124 -0.00042799 0)
(0.98124 -0.000427962 0)
(0.98124 -0.000427956 0)
(0.98124 -0.000427935 0)
(0.98124 -0.000427946 0)
(0.98124 -0.000427917 0)
(0.98124 -0.000427923 0)
(0.98124 -0.000427925 0)
(0.98124 -0.000427945 0)
(0.98124 -0.000427934 0)
(0.98124 -0.000427956 0)
(0.98124 -0.000427957 0)
(0.98124 -0.000427966 0)
(0.98124 -0.000427964 0)
(0.98124 -0.00042799 0)
(0.98124 -0.00042798 0)
(0.98124 -0.000427993 0)
(0.981239 -0.000427996 0)
(0.981239 -0.000428018 0)
(0.981239 -0.000428039 0)
(0.981239 -0.00042809 0)
(0.981239 -0.000428136 0)
(0.981238 -0.000428231 0)
(0.981238 -0.000428345 0)
(0.981237 -0.000428519 0)
(0.981235 -0.000428763 0)
(0.981234 -0.000429109 0)
(0.981231 -0.000429583 0)
(0.981227 -0.000430243 0)
(0.981222 -0.000431131 0)
(0.981215 -0.000432225 0)
(0.981205 -0.000433534 0)
(0.981192 -0.000434532 0)
(0.981178 -0.000435196 0)
(0.981152 -0.000436349 0)
(0.981131 -0.000458771 0)
(0.980908 -0.000569045 0)
(0.980542 -0.000943046 0)
(0.977594 -0.00117796 0)
(0.864904 -0.128456 0)
(0.911539 -0.0160071 0)
(0.861932 -0.000986908 0)
(0.871316 7.14381e-05 0)
(0.867931 0.000505965 0)
(0.869519 0.000191007 0)
(0.868561 0.00020219 0)
(0.868393 0.000164377 0)
(0.867881 0.000194102 0)
(0.867586 0.000206913 0)
(0.867283 0.000226417 0)
(0.867059 0.00023942 0)
(0.866863 0.000251588 0)
(0.866704 0.000260803 0)
(0.866571 0.000268031 0)
(0.866459 0.000273726 0)
(0.866365 0.000278414 0)
(0.866284 0.000282264 0)
(0.866216 0.000285497 0)
(0.866157 0.000288169 0)
(0.866107 0.0002904 0)
(0.866064 0.000292319 0)
(0.866026 0.000293959 0)
(0.865994 0.00029536 0)
(0.865966 0.000296577 0)
(0.865943 0.000297577 0)
(0.865922 0.000298478 0)
(0.865904 0.000299273 0)
(0.865889 0.000299959 0)
(0.865876 0.000300509 0)
(0.865864 0.000301012 0)
(0.865855 0.00030145 0)
(0.865847 0.000301791 0)
(0.865839 0.000302092 0)
(0.865833 0.000302405 0)
(0.865828 0.000302608 0)
(0.865824 0.00030279 0)
(0.86582 0.000302948 0)
(0.865817 0.000303099 0)
(0.865814 0.00030321 0)
(0.865812 0.000303326 0)
(0.86581 0.000303415 0)
(0.865809 0.000303486 0)
(0.865807 0.00030352 0)
(0.865806 0.0003036 0)
(0.865805 0.000303639 0)
(0.865804 0.000303658 0)
(0.865804 0.000303674 0)
(0.865803 0.000303718 0)
(0.865803 0.000303729 0)
(0.865802 0.000303761 0)
(0.865802 0.00030376 0)
(0.865802 0.000303779 0)
(0.865801 0.000303774 0)
(0.865801 0.0003038 0)
(0.865801 0.000303805 0)
(0.865801 0.000303811 0)
(0.8658 0.000303793 0)
(0.8658 0.000303812 0)
(0.8658 0.000303815 0)
(0.8658 0.000303841 0)
(0.8658 0.000303833 0)
(0.8658 0.000303834 0)
(0.8658 0.000303832 0)
(0.8658 0.00030386 0)
(0.8658 0.000303852 0)
(0.8658 0.00030387 0)
(0.8658 0.000303865 0)
(0.8658 0.000303854 0)
(0.8658 0.000303837 0)
(0.8658 0.000303863 0)
(0.8658 0.000303853 0)
(0.8658 0.000303844 0)
(0.8658 0.000303833 0)
(0.8658 0.000303839 0)
(0.8658 0.000303818 0)
(0.8658 0.00030383 0)
(0.865799 0.000303828 0)
(0.865799 0.000303821 0)
(0.865799 0.000303803 0)
(0.865799 0.000303796 0)
(0.865799 0.000303764 0)
(0.865799 0.000303747 0)
(0.865798 0.000303702 0)
(0.865797 0.000303639 0)
(0.865797 0.000303548 0)
(0.865795 0.000303425 0)
(0.865793 0.000303242 0)
(0.865791 0.000303 0)
(0.865787 0.000302656 0)
(0.865782 0.000302196 0)
(0.865775 0.000301642 0)
(0.865766 0.000301028 0)
(0.865753 0.000300676 0)
(0.865741 0.000300883 0)
(0.865723 0.000301451 0)
(0.865717 0.000293348 0)
(0.865545 0.000239575 0)
(0.865252 7.34714e-05 0)
(0.863185 0.000219218 0)
(0.53756 -0.0563971 0)
(0.552164 -0.00359851 0)
(0.517048 0.00176424 0)
(0.522869 0.00200142 0)
(0.521057 0.00213089 0)
(0.52199 0.00203769 0)
(0.521383 0.00204481 0)
(0.521233 0.00203497 0)
(0.520891 0.00204444 0)
(0.520683 0.00204837 0)
(0.520478 0.00205411 0)
(0.520324 0.00205784 0)
(0.520191 0.00206128 0)
(0.520083 0.00206381 0)
(0.519992 0.00206589 0)
(0.519916 0.00206752 0)
(0.519852 0.00206883 0)
(0.519798 0.00206989 0)
(0.519751 0.00207075 0)
(0.519712 0.00207145 0)
(0.519678 0.00207201 0)
(0.519649 0.00207249 0)
(0.519624 0.0020729 0)
(0.519603 0.00207324 0)
(0.519584 0.00207352 0)
(0.519569 0.00207375 0)
(0.519555 0.00207395 0)
(0.519544 0.00207413 0)
(0.519534 0.00207429 0)
(0.519526 0.0020744 0)
(0.519518 0.0020745 0)
(0.519512 0.0020746 0)
(0.519507 0.00207467 0)
(0.519503 0.00207473 0)
(0.519499 0.00207481 0)
(0.519496 0.00207484 0)
(0.519494 0.00207487 0)
(0.519491 0.00207491 0)
(0.51949 0.00207494 0)
(0.519488 0.00207496 0)
(0.519487 0.00207499 0)
(0.519486 0.002075 0)
(0.519485 0.00207502 0)
(0.519484 0.00207502 0)
(0.519483 0.00207504 0)
(0.519483 0.00207505 0)
(0.519482 0.00207505 0)
(0.519482 0.00207505 0)
(0.519482 0.00207506 0)
(0.519481 0.00207506 0)
(0.519481 0.00207507 0)
(0.519481 0.00207507 0)
(0.519481 0.00207507 0)
(0.519481 0.00207507 0)
(0.519481 0.00207508 0)
(0.51948 0.00207508 0)
(0.51948 0.00207508 0)
(0.51948 0.00207507 0)
(0.51948 0.00207508 0)
(0.51948 0.00207508 0)
(0.51948 0.0020751 0)
(0.51948 0.00207509 0)
(0.51948 0.00207508 0)
(0.51948 0.00207508 0)
(0.51948 0.0020751 0)
(0.51948 0.0020751 0)
(0.51948 0.0020751 0)
(0.51948 0.00207509 0)
(0.51948 0.00207509 0)
(0.51948 0.00207509 0)
(0.51948 0.0020751 0)
(0.51948 0.0020751 0)
(0.51948 0.00207509 0)
(0.51948 0.00207508 0)
(0.51948 0.00207509 0)
(0.51948 0.00207508 0)
(0.51948 0.00207509 0)
(0.51948 0.00207509 0)
(0.51948 0.00207508 0)
(0.51948 0.00207508 0)
(0.519479 0.00207508 0)
(0.519479 0.00207507 0)
(0.519479 0.00207506 0)
(0.519479 0.00207505 0)
(0.519478 0.00207503 0)
(0.519478 0.002075 0)
(0.519477 0.00207497 0)
(0.519476 0.00207492 0)
(0.519474 0.00207485 0)
(0.519472 0.00207476 0)
(0.519468 0.00207464 0)
(0.519463 0.00207449 0)
(0.519457 0.00207436 0)
(0.51945 0.00207435 0)
(0.519443 0.00207463 0)
(0.519435 0.00207528 0)
(0.519441 0.00207439 0)
(0.519359 0.00206119 0)
(0.519227 0.00202119 0)
(0.518637 0.00215161 0)
)
;

boundaryField
{
    inlet
    {
        type            fixedValue;
        value           uniform (1 0 0);
    }
    outlet
    {
        type            zeroGradient;
    }
    lowerWall
    {
        type            noSlip;
    }
    upperWall
    {
        type            noSlip;
    }
    frontAndBack
    {
        type            empty;
    }
}


// ************************************************************************* //
