/*--------------------------------*- C++ -*----------------------------------*\
  =========                 |
  \\      /  F ield         | OpenFOAM: The Open Source CFD Toolbox
   \\    /   O peration     | Website:  https://openfoam.org
    \\  /    A nd           | Version:  7
     \\/     M anipulation  |
\*---------------------------------------------------------------------------*/
FoamFile
{
    version     2.0;
    format      ascii;
    class       volScalarField;
    location    "3";
    object      Ux;
}
// * * * * * * * * * * * * * * * * * * * * * * * * * * * * * * * * * * * * * //

dimensions      [0 1 -1 0 0 0 0];

internalField   nonuniform List<scalar> 
4000
(
0.53756
0.552164
0.517048
0.522868
0.521057
0.521989
0.521383
0.521233
0.52089
0.520682
0.520477
0.520323
0.52019
0.520082
0.519991
0.519916
0.519852
0.519797
0.519751
0.519712
0.519678
0.519649
0.519624
0.519603
0.519584
0.519569
0.519555
0.519544
0.519534
0.519526
0.519519
0.519513
0.519507
0.519503
0.519499
0.519496
0.519494
0.519491
0.51949
0.519488
0.519487
0.519486
0.519485
0.519484
0.519483
0.519483
0.519482
0.519482
0.519482
0.519481
0.519481
0.519481
0.519481
0.519481
0.51948
0.51948
0.51948
0.51948
0.51948
0.51948
0.51948
0.51948
0.51948
0.51948
0.51948
0.51948
0.51948
0.51948
0.51948
0.51948
0.51948
0.51948
0.51948
0.51948
0.51948
0.51948
0.51948
0.51948
0.51948
0.51948
0.519479
0.519479
0.519479
0.519479
0.519478
0.519478
0.519477
0.519476
0.519474
0.519472
0.519468
0.519463
0.519457
0.51945
0.519443
0.519435
0.519441
0.519359
0.519227
0.518637
0.864904
0.911539
0.861932
0.871315
0.867931
0.869519
0.868561
0.868393
0.867881
0.867586
0.867283
0.867058
0.866862
0.866704
0.86657
0.866459
0.866364
0.866284
0.866216
0.866157
0.866107
0.866064
0.866026
0.865994
0.865966
0.865942
0.865922
0.865904
0.865889
0.865876
0.865864
0.865855
0.865847
0.865839
0.865834
0.865828
0.865824
0.86582
0.865817
0.865815
0.865812
0.86581
0.865809
0.865807
0.865806
0.865805
0.865804
0.865804
0.865803
0.865802
0.865802
0.865802
0.865801
0.865801
0.865801
0.865801
0.865801
0.8658
0.8658
0.8658
0.8658
0.8658
0.8658
0.8658
0.8658
0.8658
0.8658
0.8658
0.8658
0.8658
0.8658
0.8658
0.8658
0.8658
0.8658
0.8658
0.865799
0.865799
0.865799
0.865799
0.865799
0.865799
0.865799
0.865798
0.865797
0.865797
0.865795
0.865793
0.865791
0.865787
0.865782
0.865775
0.865766
0.865753
0.865741
0.865723
0.865717
0.865545
0.865251
0.863185
0.960306
1.02531
0.976297
0.987378
0.983069
0.98497
0.983896
0.983802
0.98328
0.983004
0.982704
0.982486
0.982294
0.98214
0.982009
0.981901
0.981808
0.98173
0.981663
0.981605
0.981556
0.981513
0.981475
0.981443
0.981415
0.981391
0.98137
0.981352
0.981336
0.981323
0.981311
0.981301
0.981292
0.981284
0.981278
0.981272
0.981268
0.981264
0.98126
0.981257
0.981255
0.981252
0.981251
0.981249
0.981247
0.981246
0.981245
0.981244
0.981244
0.981243
0.981243
0.981242
0.981242
0.981241
0.981241
0.981241
0.981241
0.981241
0.981241
0.981241
0.981241
0.98124
0.98124
0.98124
0.98124
0.98124
0.98124
0.98124
0.98124
0.98124
0.98124
0.98124
0.98124
0.98124
0.98124
0.98124
0.98124
0.981239
0.981239
0.981239
0.981239
0.981239
0.981239
0.981238
0.981238
0.981237
0.981235
0.981233
0.981231
0.981227
0.981222
0.981215
0.981205
0.981192
0.981178
0.981151
0.981131
0.980908
0.980541
0.977593
0.984959
1.05948
1.01374
1.02589
1.02097
1.02308
1.02197
1.02197
1.02149
1.02127
1.021
1.02082
1.02065
1.02052
1.0204
1.02031
1.02023
1.02016
1.0201
1.02005
1.02001
1.01997
1.01994
1.01991
1.01988
1.01986
1.01984
1.01983
1.01981
1.0198
1.01979
1.01978
1.01977
1.01976
1.01976
1.01975
1.01975
1.01974
1.01974
1.01974
1.01974
1.01973
1.01973
1.01973
1.01973
1.01973
1.01973
1.01972
1.01972
1.01972
1.01972
1.01972
1.01972
1.01972
1.01972
1.01972
1.01972
1.01972
1.01972
1.01972
1.01972
1.01972
1.01972
1.01972
1.01972
1.01972
1.01972
1.01972
1.01972
1.01972
1.01972
1.01972
1.01972
1.01972
1.01972
1.01972
1.01972
1.01972
1.01972
1.01972
1.01972
1.01972
1.01972
1.01972
1.01972
1.01972
1.01972
1.01971
1.01971
1.01971
1.0197
1.0197
1.01969
1.01968
1.01966
1.01963
1.0196
1.01935
1.01899
1.01589
0.988567
1.06794
1.02558
1.03849
1.03315
1.03543
1.0343
1.03441
1.03398
1.03382
1.0336
1.03345
1.03332
1.03321
1.03312
1.03304
1.03298
1.03292
1.03287
1.03283
1.0328
1.03276
1.03274
1.03271
1.03269
1.03267
1.03266
1.03264
1.03263
1.03262
1.03261
1.0326
1.03259
1.03259
1.03258
1.03258
1.03257
1.03257
1.03257
1.03256
1.03256
1.03256
1.03256
1.03256
1.03255
1.03255
1.03255
1.03255
1.03255
1.03255
1.03255
1.03255
1.03255
1.03255
1.03255
1.03255
1.03255
1.03255
1.03255
1.03255
1.03255
1.03255
1.03255
1.03255
1.03255
1.03255
1.03255
1.03255
1.03255
1.03255
1.03255
1.03255
1.03255
1.03255
1.03255
1.03255
1.03255
1.03255
1.03255
1.03255
1.03255
1.03255
1.03255
1.03255
1.03255
1.03254
1.03254
1.03254
1.03254
1.03254
1.03253
1.03253
1.03252
1.03251
1.03249
1.03246
1.03242
1.03218
1.03186
1.02902
0.986394
1.06821
1.02896
1.04242
1.03679
1.03921
1.03808
1.03829
1.03791
1.03781
1.03764
1.03753
1.03742
1.03734
1.03727
1.03722
1.03717
1.03712
1.03709
1.03705
1.03703
1.037
1.03698
1.03696
1.03694
1.03693
1.03692
1.0369
1.03689
1.03689
1.03688
1.03687
1.03686
1.03686
1.03685
1.03685
1.03685
1.03684
1.03684
1.03684
1.03684
1.03683
1.03683
1.03683
1.03683
1.03683
1.03683
1.03683
1.03683
1.03683
1.03683
1.03682
1.03682
1.03682
1.03682
1.03682
1.03682
1.03682
1.03682
1.03682
1.03682
1.03682
1.03682
1.03682
1.03682
1.03682
1.03682
1.03682
1.03682
1.03682
1.03682
1.03682
1.03682
1.03682
1.03682
1.03682
1.03682
1.03682
1.03682
1.03682
1.03682
1.03682
1.03682
1.03682
1.03682
1.03682
1.03682
1.03682
1.03682
1.03681
1.03681
1.03681
1.0368
1.03679
1.03678
1.03674
1.0367
1.03647
1.03621
1.03382
0.983101
1.0661
1.02959
1.04347
1.03762
1.04015
1.03902
1.03932
1.039
1.03896
1.03883
1.03876
1.03868
1.03863
1.03858
1.03854
1.0385
1.03847
1.03845
1.03842
1.0384
1.03839
1.03837
1.03836
1.03834
1.03833
1.03832
1.03831
1.03831
1.0383
1.03829
1.03829
1.03828
1.03828
1.03827
1.03827
1.03827
1.03827
1.03826
1.03826
1.03826
1.03826
1.03826
1.03826
1.03825
1.03825
1.03825
1.03825
1.03825
1.03825
1.03825
1.03825
1.03825
1.03825
1.03825
1.03825
1.03825
1.03825
1.03825
1.03825
1.03825
1.03825
1.03825
1.03825
1.03825
1.03825
1.03825
1.03825
1.03825
1.03825
1.03825
1.03825
1.03825
1.03825
1.03825
1.03825
1.03825
1.03825
1.03825
1.03825
1.03825
1.03825
1.03825
1.03825
1.03825
1.03825
1.03825
1.03824
1.03824
1.03824
1.03824
1.03824
1.03823
1.03822
1.03821
1.03818
1.03814
1.03794
1.03774
1.03587
0.980018
1.06348
1.02937
1.04355
1.03755
1.04016
1.03904
1.03943
1.03916
1.03917
1.03908
1.03904
1.039
1.03897
1.03894
1.03891
1.03889
1.03887
1.03886
1.03884
1.03883
1.03882
1.03881
1.0388
1.03879
1.03878
1.03878
1.03877
1.03877
1.03876
1.03876
1.03875
1.03875
1.03875
1.03874
1.03874
1.03874
1.03874
1.03874
1.03873
1.03873
1.03873
1.03873
1.03873
1.03873
1.03873
1.03873
1.03873
1.03873
1.03873
1.03872
1.03872
1.03872
1.03872
1.03872
1.03872
1.03872
1.03872
1.03872
1.03872
1.03872
1.03872
1.03872
1.03872
1.03872
1.03872
1.03872
1.03872
1.03872
1.03872
1.03872
1.03872
1.03872
1.03872
1.03872
1.03872
1.03872
1.03872
1.03872
1.03872
1.03872
1.03872
1.03872
1.03872
1.03872
1.03872
1.03872
1.03872
1.03872
1.03872
1.03872
1.03871
1.03871
1.0387
1.03869
1.03866
1.03863
1.03847
1.03834
1.03701
0.977435
1.06096
1.02893
1.04333
1.03721
1.03988
1.03877
1.03924
1.03901
1.03908
1.03902
1.03902
1.039
1.03899
1.03898
1.03897
1.03896
1.03896
1.03895
1.03895
1.03894
1.03893
1.03893
1.03893
1.03892
1.03892
1.03891
1.03891
1.03891
1.03891
1.0389
1.0389
1.0389
1.0389
1.0389
1.03889
1.03889
1.03889
1.03889
1.03889
1.03889
1.03889
1.03889
1.03889
1.03889
1.03888
1.03888
1.03888
1.03888
1.03888
1.03888
1.03888
1.03888
1.03888
1.03888
1.03888
1.03888
1.03888
1.03888
1.03888
1.03888
1.03888
1.03888
1.03888
1.03888
1.03888
1.03888
1.03888
1.03888
1.03888
1.03888
1.03888
1.03888
1.03888
1.03888
1.03888
1.03888
1.03888
1.03888
1.03888
1.03888
1.03888
1.03888
1.03888
1.03888
1.03888
1.03888
1.03888
1.03888
1.03888
1.03888
1.03888
1.03887
1.03887
1.03886
1.03884
1.03881
1.03869
1.03863
1.03784
0.975341
1.0587
1.02847
1.04304
1.03682
1.03954
1.03844
1.03896
1.03878
1.0389
1.03887
1.0389
1.03891
1.03892
1.03892
1.03893
1.03894
1.03894
1.03894
1.03894
1.03894
1.03895
1.03895
1.03895
1.03895
1.03895
1.03895
1.03895
1.03895
1.03894
1.03894
1.03894
1.03894
1.03894
1.03894
1.03894
1.03894
1.03894
1.03894
1.03894
1.03894
1.03894
1.03894
1.03894
1.03894
1.03894
1.03894
1.03894
1.03894
1.03894
1.03894
1.03893
1.03893
1.03893
1.03893
1.03893
1.03893
1.03893
1.03893
1.03893
1.03893
1.03893
1.03893
1.03893
1.03893
1.03893
1.03893
1.03893
1.03893
1.03893
1.03893
1.03893
1.03893
1.03893
1.03893
1.03893
1.03893
1.03893
1.03893
1.03893
1.03893
1.03893
1.03893
1.03893
1.03893
1.03893
1.03893
1.03893
1.03893
1.03893
1.03893
1.03893
1.03893
1.03893
1.03892
1.03891
1.03889
1.03882
1.03882
1.03856
0.973661
1.05672
1.02804
1.04273
1.03644
1.03919
1.0381
1.03868
1.03854
1.03869
1.0387
1.03876
1.03879
1.03882
1.03884
1.03886
1.03887
1.03889
1.0389
1.03891
1.03892
1.03892
1.03893
1.03893
1.03894
1.03894
1.03894
1.03894
1.03895
1.03895
1.03895
1.03895
1.03895
1.03895
1.03895
1.03895
1.03895
1.03895
1.03895
1.03895
1.03895
1.03895
1.03895
1.03895
1.03895
1.03895
1.03895
1.03895
1.03895
1.03895
1.03895
1.03895
1.03895
1.03895
1.03895
1.03895
1.03895
1.03895
1.03895
1.03895
1.03895
1.03895
1.03895
1.03895
1.03895
1.03895
1.03895
1.03895
1.03895
1.03895
1.03895
1.03895
1.03895
1.03895
1.03895
1.03895
1.03895
1.03895
1.03895
1.03895
1.03895
1.03895
1.03895
1.03895
1.03895
1.03895
1.03895
1.03895
1.03895
1.03895
1.03895
1.03895
1.03895
1.03895
1.03895
1.03895
1.03893
1.03892
1.03898
1.03921
0.972314
1.055
1.02768
1.04245
1.0361
1.03887
1.03778
1.03842
1.03831
1.0385
1.03854
1.03862
1.03867
1.03871
1.03875
1.03878
1.03881
1.03883
1.03885
1.03886
1.03888
1.03889
1.0389
1.03891
1.03892
1.03892
1.03893
1.03893
1.03894
1.03894
1.03894
1.03895
1.03895
1.03895
1.03895
1.03895
1.03895
1.03895
1.03895
1.03896
1.03896
1.03896
1.03896
1.03896
1.03896
1.03896
1.03896
1.03896
1.03896
1.03896
1.03896
1.03896
1.03896
1.03896
1.03896
1.03896
1.03896
1.03896
1.03896
1.03896
1.03896
1.03896
1.03896
1.03896
1.03896
1.03896
1.03896
1.03896
1.03896
1.03896
1.03896
1.03896
1.03896
1.03896
1.03896
1.03896
1.03896
1.03896
1.03896
1.03896
1.03896
1.03896
1.03896
1.03896
1.03896
1.03896
1.03896
1.03896
1.03896
1.03896
1.03896
1.03896
1.03896
1.03897
1.03897
1.03897
1.03896
1.03901
1.03912
1.03982
0.971235
1.05354
1.02737
1.0422
1.03581
1.03858
1.0375
1.03817
1.0381
1.03832
1.03838
1.03849
1.03855
1.03862
1.03866
1.03871
1.03874
1.03877
1.0388
1.03882
1.03884
1.03886
1.03887
1.03888
1.03889
1.0389
1.03891
1.03892
1.03892
1.03893
1.03893
1.03894
1.03894
1.03894
1.03895
1.03895
1.03895
1.03895
1.03895
1.03895
1.03895
1.03896
1.03896
1.03896
1.03896
1.03896
1.03896
1.03896
1.03896
1.03896
1.03896
1.03896
1.03896
1.03896
1.03896
1.03896
1.03896
1.03896
1.03896
1.03896
1.03896
1.03896
1.03896
1.03896
1.03896
1.03896
1.03896
1.03896
1.03896
1.03896
1.03896
1.03896
1.03896
1.03896
1.03896
1.03896
1.03896
1.03896
1.03896
1.03896
1.03896
1.03896
1.03896
1.03896
1.03896
1.03896
1.03896
1.03896
1.03896
1.03896
1.03897
1.03897
1.03897
1.03898
1.03898
1.03899
1.03899
1.0391
1.03926
1.04037
0.970373
1.0523
1.0271
1.04199
1.03556
1.03832
1.03724
1.03796
1.03791
1.03816
1.03825
1.03837
1.03845
1.03853
1.03859
1.03864
1.03868
1.03872
1.03875
1.03878
1.0388
1.03882
1.03884
1.03886
1.03887
1.03888
1.03889
1.0389
1.03891
1.03892
1.03892
1.03893
1.03893
1.03894
1.03894
1.03894
1.03895
1.03895
1.03895
1.03895
1.03895
1.03895
1.03895
1.03896
1.03896
1.03896
1.03896
1.03896
1.03896
1.03896
1.03896
1.03896
1.03896
1.03896
1.03896
1.03896
1.03896
1.03896
1.03896
1.03896
1.03896
1.03896
1.03896
1.03896
1.03896
1.03896
1.03896
1.03896
1.03896
1.03896
1.03896
1.03896
1.03896
1.03896
1.03896
1.03896
1.03896
1.03896
1.03896
1.03896
1.03896
1.03896
1.03896
1.03896
1.03896
1.03896
1.03896
1.03896
1.03896
1.03897
1.03897
1.03897
1.03898
1.03898
1.03899
1.03901
1.03902
1.03917
1.03938
1.04087
0.969691
1.05127
1.02689
1.0418
1.03534
1.0381
1.03703
1.03777
1.03775
1.03802
1.03813
1.03827
1.03836
1.03845
1.03852
1.03858
1.03863
1.03867
1.03871
1.03874
1.03877
1.03879
1.03881
1.03883
1.03885
1.03886
1.03888
1.03889
1.0389
1.03891
1.03891
1.03892
1.03893
1.03893
1.03893
1.03894
1.03894
1.03894
1.03895
1.03895
1.03895
1.03895
1.03895
1.03895
1.03895
1.03896
1.03896
1.03896
1.03896
1.03896
1.03896
1.03896
1.03896
1.03896
1.03896
1.03896
1.03896
1.03896
1.03896
1.03896
1.03896
1.03896
1.03896
1.03896
1.03896
1.03896
1.03896
1.03896
1.03896
1.03896
1.03896
1.03896
1.03896
1.03896
1.03896
1.03896
1.03896
1.03896
1.03896
1.03896
1.03896
1.03896
1.03896
1.03896
1.03896
1.03896
1.03896
1.03896
1.03897
1.03897
1.03897
1.03897
1.03898
1.03899
1.039
1.03903
1.03905
1.03925
1.03949
1.04131
0.969158
1.05043
1.02671
1.04165
1.03517
1.03792
1.03685
1.03762
1.03761
1.03791
1.03803
1.03818
1.03829
1.03838
1.03846
1.03853
1.03858
1.03863
1.03867
1.03871
1.03874
1.03877
1.03879
1.03881
1.03883
1.03885
1.03886
1.03888
1.03889
1.0389
1.0389
1.03891
1.03892
1.03892
1.03893
1.03893
1.03894
1.03894
1.03894
1.03895
1.03895
1.03895
1.03895
1.03895
1.03895
1.03895
1.03896
1.03896
1.03896
1.03896
1.03896
1.03896
1.03896
1.03896
1.03896
1.03896
1.03896
1.03896
1.03896
1.03896
1.03896
1.03896
1.03896
1.03896
1.03896
1.03896
1.03896
1.03896
1.03896
1.03896
1.03896
1.03896
1.03896
1.03896
1.03896
1.03896
1.03896
1.03896
1.03896
1.03896
1.03896
1.03896
1.03896
1.03896
1.03896
1.03896
1.03896
1.03896
1.03897
1.03897
1.03897
1.03898
1.03898
1.03899
1.039
1.03904
1.03907
1.03931
1.03959
1.04168
0.968754
1.04978
1.02658
1.04153
1.03504
1.03777
1.0367
1.03749
1.0375
1.03781
1.03794
1.03811
1.03822
1.03833
1.03841
1.03848
1.03855
1.0386
1.03864
1.03868
1.03872
1.03875
1.03877
1.0388
1.03882
1.03884
1.03885
1.03887
1.03888
1.03889
1.0389
1.03891
1.03891
1.03892
1.03893
1.03893
1.03893
1.03894
1.03894
1.03894
1.03895
1.03895
1.03895
1.03895
1.03895
1.03895
1.03895
1.03896
1.03896
1.03896
1.03896
1.03896
1.03896
1.03896
1.03896
1.03896
1.03896
1.03896
1.03896
1.03896
1.03896
1.03896
1.03896
1.03896
1.03896
1.03896
1.03896
1.03896
1.03896
1.03896
1.03896
1.03896
1.03896
1.03896
1.03896
1.03896
1.03896
1.03896
1.03896
1.03896
1.03896
1.03896
1.03896
1.03896
1.03896
1.03896
1.03896
1.03896
1.03897
1.03897
1.03897
1.03898
1.03898
1.039
1.03901
1.03906
1.03909
1.03936
1.03967
1.04198
0.968463
1.04929
1.02647
1.04145
1.03494
1.03766
1.03659
1.0374
1.03741
1.03774
1.03788
1.03806
1.03818
1.03829
1.03838
1.03845
1.03852
1.03857
1.03862
1.03866
1.0387
1.03873
1.03876
1.03878
1.03881
1.03883
1.03884
1.03886
1.03887
1.03888
1.03889
1.0389
1.03891
1.03892
1.03892
1.03893
1.03893
1.03894
1.03894
1.03894
1.03894
1.03895
1.03895
1.03895
1.03895
1.03895
1.03895
1.03896
1.03896
1.03896
1.03896
1.03896
1.03896
1.03896
1.03896
1.03896
1.03896
1.03896
1.03896
1.03896
1.03896
1.03896
1.03896
1.03896
1.03896
1.03896
1.03896
1.03896
1.03896
1.03896
1.03896
1.03896
1.03896
1.03896
1.03896
1.03896
1.03896
1.03896
1.03896
1.03896
1.03896
1.03896
1.03896
1.03896
1.03896
1.03896
1.03896
1.03896
1.03897
1.03897
1.03897
1.03898
1.03899
1.039
1.03902
1.03907
1.0391
1.0394
1.03973
1.04221
0.968274
1.04897
1.02641
1.04139
1.03487
1.03759
1.03652
1.03734
1.03736
1.03769
1.03784
1.03802
1.03815
1.03826
1.03835
1.03843
1.0385
1.03856
1.03861
1.03865
1.03869
1.03872
1.03875
1.03878
1.0388
1.03882
1.03884
1.03885
1.03887
1.03888
1.03889
1.0389
1.03891
1.03891
1.03892
1.03893
1.03893
1.03893
1.03894
1.03894
1.03894
1.03895
1.03895
1.03895
1.03895
1.03895
1.03895
1.03895
1.03896
1.03896
1.03896
1.03896
1.03896
1.03896
1.03896
1.03896
1.03896
1.03896
1.03896
1.03896
1.03896
1.03896
1.03896
1.03896
1.03896
1.03896
1.03896
1.03896
1.03896
1.03896
1.03896
1.03896
1.03896
1.03896
1.03896
1.03896
1.03896
1.03896
1.03896
1.03896
1.03896
1.03896
1.03896
1.03896
1.03896
1.03896
1.03896
1.03897
1.03897
1.03897
1.03897
1.03898
1.03899
1.039
1.03902
1.03907
1.03911
1.03943
1.03977
1.04236
0.968182
1.04881
1.02637
1.04136
1.03484
1.03755
1.03649
1.03731
1.03733
1.03767
1.03782
1.038
1.03813
1.03825
1.03834
1.03842
1.03849
1.03855
1.0386
1.03864
1.03868
1.03872
1.03875
1.03877
1.0388
1.03882
1.03883
1.03885
1.03886
1.03888
1.03889
1.0389
1.0389
1.03891
1.03892
1.03892
1.03893
1.03893
1.03894
1.03894
1.03894
1.03895
1.03895
1.03895
1.03895
1.03895
1.03895
1.03895
1.03896
1.03896
1.03896
1.03896
1.03896
1.03896
1.03896
1.03896
1.03896
1.03896
1.03896
1.03896
1.03896
1.03896
1.03896
1.03896
1.03896
1.03896
1.03896
1.03896
1.03896
1.03896
1.03896
1.03896
1.03896
1.03896
1.03896
1.03896
1.03896
1.03896
1.03896
1.03896
1.03896
1.03896
1.03896
1.03896
1.03896
1.03896
1.03896
1.03897
1.03897
1.03897
1.03897
1.03898
1.03899
1.039
1.03902
1.03908
1.03912
1.03944
1.03979
1.04244
0.968182
1.04881
1.02637
1.04136
1.03484
1.03755
1.03649
1.03731
1.03733
1.03767
1.03782
1.038
1.03813
1.03825
1.03834
1.03842
1.03849
1.03855
1.0386
1.03864
1.03868
1.03872
1.03875
1.03877
1.0388
1.03882
1.03883
1.03885
1.03886
1.03888
1.03889
1.0389
1.0389
1.03891
1.03892
1.03892
1.03893
1.03893
1.03894
1.03894
1.03894
1.03895
1.03895
1.03895
1.03895
1.03895
1.03895
1.03895
1.03896
1.03896
1.03896
1.03896
1.03896
1.03896
1.03896
1.03896
1.03896
1.03896
1.03896
1.03896
1.03896
1.03896
1.03896
1.03896
1.03896
1.03896
1.03896
1.03896
1.03896
1.03896
1.03896
1.03896
1.03896
1.03896
1.03896
1.03896
1.03896
1.03896
1.03896
1.03896
1.03896
1.03896
1.03896
1.03896
1.03896
1.03896
1.03896
1.03897
1.03897
1.03897
1.03897
1.03898
1.03899
1.039
1.03902
1.03908
1.03912
1.03944
1.03979
1.04244
0.968274
1.04897
1.02641
1.04139
1.03487
1.03759
1.03652
1.03734
1.03736
1.03769
1.03784
1.03802
1.03815
1.03826
1.03835
1.03843
1.0385
1.03856
1.03861
1.03865
1.03869
1.03872
1.03875
1.03878
1.0388
1.03882
1.03884
1.03885
1.03887
1.03888
1.03889
1.0389
1.03891
1.03891
1.03892
1.03893
1.03893
1.03893
1.03894
1.03894
1.03894
1.03895
1.03895
1.03895
1.03895
1.03895
1.03895
1.03895
1.03896
1.03896
1.03896
1.03896
1.03896
1.03896
1.03896
1.03896
1.03896
1.03896
1.03896
1.03896
1.03896
1.03896
1.03896
1.03896
1.03896
1.03896
1.03896
1.03896
1.03896
1.03896
1.03896
1.03896
1.03896
1.03896
1.03896
1.03896
1.03896
1.03896
1.03896
1.03896
1.03896
1.03896
1.03896
1.03896
1.03896
1.03896
1.03896
1.03897
1.03897
1.03897
1.03897
1.03898
1.03899
1.039
1.03902
1.03907
1.03911
1.03943
1.03977
1.04236
0.968463
1.04929
1.02647
1.04145
1.03494
1.03766
1.03659
1.0374
1.03741
1.03774
1.03788
1.03806
1.03818
1.03829
1.03838
1.03845
1.03852
1.03857
1.03862
1.03866
1.0387
1.03873
1.03876
1.03879
1.03881
1.03883
1.03884
1.03886
1.03887
1.03888
1.03889
1.0389
1.03891
1.03892
1.03892
1.03893
1.03893
1.03894
1.03894
1.03894
1.03894
1.03895
1.03895
1.03895
1.03895
1.03895
1.03895
1.03896
1.03896
1.03896
1.03896
1.03896
1.03896
1.03896
1.03896
1.03896
1.03896
1.03896
1.03896
1.03896
1.03896
1.03896
1.03896
1.03896
1.03896
1.03896
1.03896
1.03896
1.03896
1.03896
1.03896
1.03896
1.03896
1.03896
1.03896
1.03896
1.03896
1.03896
1.03896
1.03896
1.03896
1.03896
1.03896
1.03896
1.03896
1.03896
1.03896
1.03897
1.03897
1.03897
1.03897
1.03898
1.03899
1.039
1.03902
1.03907
1.0391
1.0394
1.03973
1.04221
0.968754
1.04978
1.02657
1.04153
1.03504
1.03777
1.0367
1.03749
1.0375
1.03781
1.03794
1.03811
1.03822
1.03833
1.03841
1.03849
1.03855
1.0386
1.03864
1.03868
1.03872
1.03875
1.03877
1.0388
1.03882
1.03884
1.03885
1.03887
1.03888
1.03889
1.0389
1.03891
1.03891
1.03892
1.03893
1.03893
1.03893
1.03894
1.03894
1.03894
1.03895
1.03895
1.03895
1.03895
1.03895
1.03895
1.03895
1.03896
1.03896
1.03896
1.03896
1.03896
1.03896
1.03896
1.03896
1.03896
1.03896
1.03896
1.03896
1.03896
1.03896
1.03896
1.03896
1.03896
1.03896
1.03896
1.03896
1.03896
1.03896
1.03896
1.03896
1.03896
1.03896
1.03896
1.03896
1.03896
1.03896
1.03896
1.03896
1.03896
1.03896
1.03896
1.03896
1.03896
1.03896
1.03896
1.03896
1.03896
1.03897
1.03897
1.03897
1.03898
1.03898
1.039
1.03901
1.03906
1.03909
1.03936
1.03967
1.04198
0.969158
1.05043
1.02671
1.04165
1.03517
1.03792
1.03685
1.03762
1.03761
1.03791
1.03803
1.03818
1.03829
1.03838
1.03846
1.03853
1.03858
1.03863
1.03867
1.03871
1.03874
1.03877
1.03879
1.03881
1.03883
1.03885
1.03886
1.03888
1.03889
1.0389
1.03891
1.03891
1.03892
1.03892
1.03893
1.03893
1.03894
1.03894
1.03894
1.03895
1.03895
1.03895
1.03895
1.03895
1.03895
1.03895
1.03896
1.03896
1.03896
1.03896
1.03896
1.03896
1.03896
1.03896
1.03896
1.03896
1.03896
1.03896
1.03896
1.03896
1.03896
1.03896
1.03896
1.03896
1.03896
1.03896
1.03896
1.03896
1.03896
1.03896
1.03896
1.03896
1.03896
1.03896
1.03896
1.03896
1.03896
1.03896
1.03896
1.03896
1.03896
1.03896
1.03896
1.03896
1.03896
1.03896
1.03896
1.03896
1.03897
1.03897
1.03897
1.03898
1.03898
1.03899
1.03901
1.03904
1.03907
1.03931
1.03959
1.04168
0.969691
1.05127
1.02689
1.0418
1.03534
1.0381
1.03703
1.03777
1.03774
1.03802
1.03813
1.03827
1.03836
1.03845
1.03852
1.03858
1.03863
1.03867
1.03871
1.03874
1.03877
1.03879
1.03882
1.03883
1.03885
1.03886
1.03888
1.03889
1.0389
1.03891
1.03891
1.03892
1.03893
1.03893
1.03893
1.03894
1.03894
1.03894
1.03895
1.03895
1.03895
1.03895
1.03895
1.03895
1.03895
1.03896
1.03896
1.03896
1.03896
1.03896
1.03896
1.03896
1.03896
1.03896
1.03896
1.03896
1.03896
1.03896
1.03896
1.03896
1.03896
1.03896
1.03896
1.03896
1.03896
1.03896
1.03896
1.03896
1.03896
1.03896
1.03896
1.03896
1.03896
1.03896
1.03896
1.03896
1.03896
1.03896
1.03896
1.03896
1.03896
1.03896
1.03896
1.03896
1.03896
1.03896
1.03896
1.03896
1.03897
1.03897
1.03897
1.03897
1.03898
1.03899
1.039
1.03903
1.03905
1.03925
1.03949
1.04131
0.970373
1.0523
1.0271
1.04198
1.03556
1.03832
1.03724
1.03796
1.03791
1.03816
1.03825
1.03837
1.03845
1.03853
1.03859
1.03864
1.03868
1.03872
1.03875
1.03878
1.0388
1.03882
1.03884
1.03886
1.03887
1.03888
1.03889
1.0389
1.03891
1.03892
1.03892
1.03893
1.03893
1.03894
1.03894
1.03894
1.03895
1.03895
1.03895
1.03895
1.03895
1.03895
1.03895
1.03896
1.03896
1.03896
1.03896
1.03896
1.03896
1.03896
1.03896
1.03896
1.03896
1.03896
1.03896
1.03896
1.03896
1.03896
1.03896
1.03896
1.03896
1.03896
1.03896
1.03896
1.03896
1.03896
1.03896
1.03896
1.03896
1.03896
1.03896
1.03896
1.03896
1.03896
1.03896
1.03896
1.03896
1.03896
1.03896
1.03896
1.03896
1.03896
1.03896
1.03896
1.03896
1.03896
1.03896
1.03896
1.03896
1.03897
1.03897
1.03897
1.03898
1.03898
1.03899
1.03901
1.03902
1.03917
1.03938
1.04087
0.971235
1.05354
1.02737
1.0422
1.03581
1.03857
1.03749
1.03817
1.0381
1.03832
1.03838
1.03849
1.03855
1.03862
1.03867
1.03871
1.03874
1.03877
1.0388
1.03882
1.03884
1.03886
1.03887
1.03888
1.03889
1.0389
1.03891
1.03892
1.03892
1.03893
1.03893
1.03894
1.03894
1.03894
1.03895
1.03895
1.03895
1.03895
1.03895
1.03895
1.03895
1.03896
1.03896
1.03896
1.03896
1.03896
1.03896
1.03896
1.03896
1.03896
1.03896
1.03896
1.03896
1.03896
1.03896
1.03896
1.03896
1.03896
1.03896
1.03896
1.03896
1.03896
1.03896
1.03896
1.03896
1.03896
1.03896
1.03896
1.03896
1.03896
1.03896
1.03896
1.03896
1.03896
1.03896
1.03896
1.03896
1.03896
1.03896
1.03896
1.03896
1.03896
1.03896
1.03896
1.03896
1.03896
1.03896
1.03896
1.03896
1.03896
1.03897
1.03897
1.03897
1.03898
1.03898
1.03899
1.03899
1.0391
1.03926
1.04037
0.972314
1.055
1.02768
1.04245
1.0361
1.03887
1.03778
1.03842
1.03831
1.0385
1.03854
1.03862
1.03867
1.03872
1.03875
1.03878
1.03881
1.03883
1.03885
1.03886
1.03888
1.03889
1.0389
1.03891
1.03892
1.03892
1.03893
1.03893
1.03894
1.03894
1.03894
1.03895
1.03895
1.03895
1.03895
1.03895
1.03895
1.03895
1.03895
1.03896
1.03896
1.03896
1.03896
1.03896
1.03896
1.03896
1.03896
1.03896
1.03896
1.03896
1.03896
1.03896
1.03896
1.03896
1.03896
1.03896
1.03896
1.03896
1.03896
1.03896
1.03896
1.03896
1.03896
1.03896
1.03896
1.03896
1.03896
1.03896
1.03896
1.03896
1.03896
1.03896
1.03896
1.03896
1.03896
1.03896
1.03896
1.03896
1.03896
1.03896
1.03896
1.03896
1.03896
1.03896
1.03896
1.03896
1.03896
1.03896
1.03896
1.03896
1.03896
1.03896
1.03897
1.03897
1.03897
1.03897
1.03896
1.03901
1.03912
1.03982
0.973661
1.05672
1.02804
1.04273
1.03644
1.03919
1.0381
1.03868
1.03854
1.03869
1.0387
1.03876
1.03879
1.03882
1.03884
1.03886
1.03888
1.03889
1.0389
1.03891
1.03892
1.03892
1.03893
1.03893
1.03894
1.03894
1.03894
1.03895
1.03895
1.03895
1.03895
1.03895
1.03895
1.03895
1.03895
1.03895
1.03895
1.03895
1.03895
1.03895
1.03895
1.03895
1.03895
1.03895
1.03895
1.03895
1.03895
1.03895
1.03895
1.03895
1.03895
1.03895
1.03895
1.03895
1.03895
1.03895
1.03895
1.03895
1.03895
1.03895
1.03895
1.03895
1.03895
1.03895
1.03895
1.03895
1.03895
1.03895
1.03895
1.03895
1.03895
1.03895
1.03895
1.03895
1.03895
1.03895
1.03895
1.03895
1.03895
1.03895
1.03895
1.03895
1.03895
1.03895
1.03895
1.03895
1.03895
1.03895
1.03895
1.03895
1.03895
1.03895
1.03895
1.03895
1.03895
1.03895
1.03893
1.03892
1.03898
1.03921
0.975341
1.0587
1.02846
1.04303
1.03682
1.03954
1.03844
1.03896
1.03878
1.0389
1.03887
1.0389
1.03891
1.03892
1.03893
1.03893
1.03894
1.03894
1.03894
1.03894
1.03895
1.03895
1.03895
1.03895
1.03895
1.03895
1.03895
1.03895
1.03895
1.03894
1.03894
1.03894
1.03894
1.03894
1.03894
1.03894
1.03894
1.03894
1.03894
1.03894
1.03894
1.03894
1.03894
1.03894
1.03894
1.03894
1.03894
1.03894
1.03894
1.03894
1.03894
1.03894
1.03894
1.03894
1.03893
1.03893
1.03893
1.03893
1.03893
1.03893
1.03893
1.03893
1.03893
1.03893
1.03893
1.03893
1.03893
1.03893
1.03893
1.03893
1.03893
1.03893
1.03893
1.03893
1.03893
1.03893
1.03893
1.03893
1.03893
1.03893
1.03893
1.03893
1.03893
1.03893
1.03893
1.03893
1.03893
1.03893
1.03893
1.03893
1.03893
1.03893
1.03893
1.03893
1.03892
1.03891
1.03889
1.03882
1.03882
1.03856
0.977434
1.06096
1.02893
1.04333
1.03721
1.03988
1.03877
1.03923
1.03901
1.03908
1.03902
1.03902
1.039
1.03899
1.03898
1.03897
1.03896
1.03896
1.03895
1.03895
1.03894
1.03894
1.03893
1.03893
1.03892
1.03892
1.03892
1.03891
1.03891
1.03891
1.0389
1.0389
1.0389
1.0389
1.0389
1.03889
1.03889
1.03889
1.03889
1.03889
1.03889
1.03889
1.03889
1.03889
1.03889
1.03888
1.03888
1.03888
1.03888
1.03888
1.03888
1.03888
1.03888
1.03888
1.03888
1.03888
1.03888
1.03888
1.03888
1.03888
1.03888
1.03888
1.03888
1.03888
1.03888
1.03888
1.03888
1.03888
1.03888
1.03888
1.03888
1.03888
1.03888
1.03888
1.03888
1.03888
1.03888
1.03888
1.03888
1.03888
1.03888
1.03888
1.03888
1.03888
1.03888
1.03888
1.03888
1.03888
1.03888
1.03888
1.03888
1.03888
1.03887
1.03887
1.03886
1.03884
1.03881
1.0387
1.03863
1.03784
0.980018
1.06348
1.02937
1.04355
1.03755
1.04016
1.03904
1.03943
1.03915
1.03917
1.03908
1.03904
1.039
1.03897
1.03894
1.03891
1.03889
1.03887
1.03886
1.03884
1.03883
1.03882
1.03881
1.0388
1.03879
1.03878
1.03878
1.03877
1.03877
1.03876
1.03876
1.03875
1.03875
1.03875
1.03874
1.03874
1.03874
1.03874
1.03874
1.03873
1.03873
1.03873
1.03873
1.03873
1.03873
1.03873
1.03873
1.03873
1.03873
1.03873
1.03873
1.03873
1.03872
1.03872
1.03872
1.03872
1.03872
1.03872
1.03872
1.03872
1.03872
1.03872
1.03872
1.03872
1.03872
1.03872
1.03872
1.03872
1.03872
1.03872
1.03872
1.03872
1.03872
1.03872
1.03872
1.03872
1.03872
1.03872
1.03872
1.03872
1.03872
1.03872
1.03872
1.03872
1.03872
1.03872
1.03872
1.03872
1.03872
1.03872
1.03872
1.03872
1.03871
1.0387
1.03869
1.03867
1.03863
1.03847
1.03834
1.03701
0.983101
1.0661
1.02959
1.04347
1.03762
1.04015
1.03902
1.03932
1.039
1.03896
1.03883
1.03876
1.03868
1.03863
1.03858
1.03854
1.0385
1.03847
1.03845
1.03842
1.0384
1.03839
1.03837
1.03836
1.03834
1.03833
1.03832
1.03831
1.03831
1.0383
1.03829
1.03829
1.03828
1.03828
1.03827
1.03827
1.03827
1.03827
1.03826
1.03826
1.03826
1.03826
1.03826
1.03826
1.03825
1.03825
1.03825
1.03825
1.03825
1.03825
1.03825
1.03825
1.03825
1.03825
1.03825
1.03825
1.03825
1.03825
1.03825
1.03825
1.03825
1.03825
1.03825
1.03825
1.03825
1.03825
1.03825
1.03825
1.03825
1.03825
1.03825
1.03825
1.03825
1.03825
1.03825
1.03825
1.03825
1.03825
1.03825
1.03825
1.03825
1.03825
1.03825
1.03825
1.03825
1.03825
1.03825
1.03825
1.03824
1.03824
1.03824
1.03824
1.03823
1.03822
1.03821
1.03818
1.03814
1.03794
1.03774
1.03587
0.986394
1.06821
1.02896
1.04242
1.03679
1.03921
1.03808
1.03829
1.03791
1.03781
1.03764
1.03753
1.03742
1.03734
1.03727
1.03722
1.03717
1.03712
1.03709
1.03705
1.03703
1.037
1.03698
1.03696
1.03694
1.03693
1.03692
1.03691
1.0369
1.03689
1.03688
1.03687
1.03686
1.03686
1.03685
1.03685
1.03685
1.03684
1.03684
1.03684
1.03684
1.03683
1.03683
1.03683
1.03683
1.03683
1.03683
1.03683
1.03683
1.03683
1.03683
1.03683
1.03682
1.03682
1.03682
1.03682
1.03682
1.03682
1.03682
1.03682
1.03682
1.03682
1.03682
1.03682
1.03682
1.03682
1.03682
1.03682
1.03682
1.03682
1.03682
1.03682
1.03682
1.03682
1.03682
1.03682
1.03682
1.03682
1.03682
1.03682
1.03682
1.03682
1.03682
1.03682
1.03682
1.03682
1.03682
1.03682
1.03682
1.03681
1.03681
1.03681
1.0368
1.03679
1.03678
1.03674
1.0367
1.03647
1.03621
1.03382
0.988567
1.06794
1.02558
1.03849
1.03315
1.03543
1.0343
1.03441
1.03398
1.03382
1.0336
1.03345
1.03332
1.03321
1.03312
1.03304
1.03298
1.03292
1.03287
1.03283
1.0328
1.03277
1.03274
1.03271
1.03269
1.03267
1.03266
1.03264
1.03263
1.03262
1.03261
1.0326
1.03259
1.03259
1.03258
1.03258
1.03257
1.03257
1.03257
1.03256
1.03256
1.03256
1.03256
1.03256
1.03255
1.03255
1.03255
1.03255
1.03255
1.03255
1.03255
1.03255
1.03255
1.03255
1.03255
1.03255
1.03255
1.03255
1.03255
1.03255
1.03255
1.03255
1.03255
1.03255
1.03255
1.03255
1.03255
1.03255
1.03255
1.03255
1.03255
1.03255
1.03255
1.03255
1.03255
1.03255
1.03255
1.03255
1.03255
1.03255
1.03255
1.03255
1.03255
1.03255
1.03255
1.03254
1.03254
1.03254
1.03254
1.03254
1.03253
1.03253
1.03252
1.03251
1.03249
1.03246
1.03242
1.03218
1.03186
1.02902
0.984959
1.05948
1.01373
1.02589
1.02097
1.02308
1.02197
1.02197
1.02149
1.02127
1.021
1.02082
1.02065
1.02052
1.0204
1.02031
1.02023
1.02016
1.0201
1.02005
1.02001
1.01997
1.01994
1.01991
1.01989
1.01986
1.01984
1.01983
1.01981
1.0198
1.01979
1.01978
1.01977
1.01976
1.01976
1.01975
1.01975
1.01974
1.01974
1.01974
1.01974
1.01973
1.01973
1.01973
1.01973
1.01973
1.01973
1.01973
1.01972
1.01972
1.01972
1.01972
1.01972
1.01972
1.01972
1.01972
1.01972
1.01972
1.01972
1.01972
1.01972
1.01972
1.01972
1.01972
1.01972
1.01972
1.01972
1.01972
1.01972
1.01972
1.01972
1.01972
1.01972
1.01972
1.01972
1.01972
1.01972
1.01972
1.01972
1.01972
1.01972
1.01972
1.01972
1.01972
1.01972
1.01972
1.01972
1.01971
1.01971
1.01971
1.0197
1.0197
1.01969
1.01968
1.01966
1.01963
1.0196
1.01935
1.01899
1.01589
0.960306
1.02531
0.976297
0.987378
0.983069
0.98497
0.983896
0.983802
0.983279
0.983004
0.982704
0.982486
0.982294
0.98214
0.98201
0.981901
0.981809
0.98173
0.981663
0.981606
0.981556
0.981513
0.981476
0.981444
0.981416
0.981391
0.981371
0.981352
0.981337
0.981323
0.981311
0.981301
0.981292
0.981285
0.981278
0.981272
0.981268
0.981264
0.98126
0.981257
0.981255
0.981252
0.98125
0.981249
0.981248
0.981246
0.981245
0.981245
0.981244
0.981243
0.981243
0.981242
0.981242
0.981242
0.981241
0.981241
0.981241
0.981241
0.981241
0.98124
0.98124
0.98124
0.98124
0.98124
0.98124
0.98124
0.98124
0.98124
0.98124
0.98124
0.98124
0.98124
0.98124
0.98124
0.98124
0.98124
0.98124
0.98124
0.981239
0.981239
0.981239
0.981239
0.981239
0.981238
0.981238
0.981237
0.981235
0.981234
0.981231
0.981227
0.981222
0.981215
0.981205
0.981192
0.981178
0.981152
0.981131
0.980908
0.980542
0.977594
0.864904
0.911539
0.861932
0.871316
0.867931
0.869519
0.868561
0.868393
0.867881
0.867586
0.867283
0.867059
0.866863
0.866704
0.866571
0.866459
0.866365
0.866284
0.866216
0.866157
0.866107
0.866064
0.866026
0.865994
0.865966
0.865943
0.865922
0.865904
0.865889
0.865876
0.865864
0.865855
0.865847
0.865839
0.865833
0.865828
0.865824
0.86582
0.865817
0.865814
0.865812
0.86581
0.865809
0.865807
0.865806
0.865805
0.865804
0.865804
0.865803
0.865803
0.865802
0.865802
0.865802
0.865801
0.865801
0.865801
0.865801
0.8658
0.8658
0.8658
0.8658
0.8658
0.8658
0.8658
0.8658
0.8658
0.8658
0.8658
0.8658
0.8658
0.8658
0.8658
0.8658
0.8658
0.8658
0.8658
0.8658
0.865799
0.865799
0.865799
0.865799
0.865799
0.865799
0.865798
0.865797
0.865797
0.865795
0.865793
0.865791
0.865787
0.865782
0.865775
0.865766
0.865753
0.865741
0.865723
0.865717
0.865545
0.865252
0.863185
0.53756
0.552164
0.517048
0.522869
0.521057
0.52199
0.521383
0.521233
0.520891
0.520683
0.520478
0.520324
0.520191
0.520083
0.519992
0.519916
0.519852
0.519798
0.519751
0.519712
0.519678
0.519649
0.519624
0.519603
0.519584
0.519569
0.519555
0.519544
0.519534
0.519526
0.519518
0.519512
0.519507
0.519503
0.519499
0.519496
0.519494
0.519491
0.51949
0.519488
0.519487
0.519486
0.519485
0.519484
0.519483
0.519483
0.519482
0.519482
0.519482
0.519481
0.519481
0.519481
0.519481
0.519481
0.519481
0.51948
0.51948
0.51948
0.51948
0.51948
0.51948
0.51948
0.51948
0.51948
0.51948
0.51948
0.51948
0.51948
0.51948
0.51948
0.51948
0.51948
0.51948
0.51948
0.51948
0.51948
0.51948
0.51948
0.51948
0.51948
0.519479
0.519479
0.519479
0.519479
0.519478
0.519478
0.519477
0.519476
0.519474
0.519472
0.519468
0.519463
0.519457
0.51945
0.519443
0.519435
0.519441
0.519359
0.519227
0.518637
)
;

boundaryField
{
    inlet
    {
        type            calculated;
        value           uniform 1;
    }
    outlet
    {
        type            calculated;
        value           nonuniform List<scalar> 
40
(
0.518637
0.863185
0.977593
1.01589
1.02902
1.03382
1.03587
1.03701
1.03784
1.03856
1.03921
1.03982
1.04037
1.04087
1.04131
1.04168
1.04198
1.04221
1.04236
1.04244
1.04244
1.04236
1.04221
1.04198
1.04168
1.04131
1.04087
1.04037
1.03982
1.03921
1.03856
1.03784
1.03701
1.03587
1.03382
1.02902
1.01589
0.977594
0.863185
0.518637
)
;
    }
    lowerWall
    {
        type            calculated;
        value           uniform 0;
    }
    upperWall
    {
        type            calculated;
        value           uniform 0;
    }
    frontAndBack
    {
        type            empty;
    }
}


// ************************************************************************* //
