/*--------------------------------*- C++ -*----------------------------------*\
  =========                 |
  \\      /  F ield         | OpenFOAM: The Open Source CFD Toolbox
   \\    /   O peration     | Website:  https://openfoam.org
    \\  /    A nd           | Version:  7
     \\/     M anipulation  |
\*---------------------------------------------------------------------------*/
FoamFile
{
    version     2.0;
    format      ascii;
    class       volVectorField;
    location    "1.5";
    object      B;
}
// * * * * * * * * * * * * * * * * * * * * * * * * * * * * * * * * * * * * * //

dimensions      [1 0 -2 0 0 -1 0];

internalField   nonuniform List<vector> 
4000
(
(0.473699 20.0304 0)
(0.49977 19.9951 0)
(0.486464 19.9891 0)
(0.492103 19.9897 0)
(0.49181 19.9913 0)
(0.493069 19.9931 0)
(0.493115 19.9946 0)
(0.493371 19.9957 0)
(0.493417 19.9966 0)
(0.493497 19.9973 0)
(0.493533 19.9979 0)
(0.493568 19.9983 0)
(0.493587 19.9987 0)
(0.493601 19.999 0)
(0.493607 19.9992 0)
(0.493608 19.9994 0)
(0.493606 19.9995 0)
(0.4936 19.9996 0)
(0.493593 19.9997 0)
(0.493585 19.9998 0)
(0.493576 19.9998 0)
(0.493567 19.9999 0)
(0.493559 19.9999 0)
(0.493551 19.9999 0)
(0.493544 19.9999 0)
(0.493538 20 0)
(0.493533 20 0)
(0.493528 20 0)
(0.493524 20 0)
(0.493521 20 0)
(0.493518 20 0)
(0.493515 20 0)
(0.493514 20 0)
(0.493512 20 0)
(0.493511 20 0)
(0.49351 20 0)
(0.493509 20 0)
(0.493508 20 0)
(0.493508 20 0)
(0.493508 20 0)
(0.493507 20 0)
(0.493507 20 0)
(0.493507 20 0)
(0.493507 20 0)
(0.493507 20 0)
(0.493507 20 0)
(0.493506 20 0)
(0.493506 20 0)
(0.493506 20 0)
(0.493506 20 0)
(0.493506 20 0)
(0.493506 20 0)
(0.493506 20 0)
(0.493506 20 0)
(0.493506 20 0)
(0.493506 20 0)
(0.493506 20 0)
(0.493506 20 0)
(0.493506 20 0)
(0.493506 20 0)
(0.493506 20 0)
(0.493506 20 0)
(0.493506 20 0)
(0.493506 20 0)
(0.493506 20 0)
(0.493506 20 0)
(0.493506 20 0)
(0.493506 20 0)
(0.493506 20 0)
(0.493506 20 0)
(0.493506 20 0)
(0.493506 20 0)
(0.493506 20 0)
(0.493506 20 0)
(0.493506 20 0)
(0.493506 20 0)
(0.493506 20 0)
(0.493506 20 0)
(0.493506 20 0)
(0.493506 20 0)
(0.493506 20 0)
(0.493506 20 0)
(0.493506 20 0)
(0.493506 20 0)
(0.493506 20 0)
(0.493506 20 0)
(0.493506 20 0)
(0.493506 20 0)
(0.493506 20 0)
(0.493506 20 0)
(0.493507 20 0)
(0.493508 20 0)
(0.493511 20 0)
(0.493516 20 0)
(0.493528 20 0)
(0.493549 19.9999 0)
(0.493591 20 0)
(0.493595 20.0001 0)
(0.493551 20.0004 0)
(0.492789 20.0007 0)
(0.720737 20.0007 0)
(0.770223 19.9736 0)
(0.768838 19.9673 0)
(0.779631 19.9701 0)
(0.780854 19.9751 0)
(0.783522 19.9805 0)
(0.784342 19.9848 0)
(0.785288 19.9883 0)
(0.785833 19.991 0)
(0.78633 19.9931 0)
(0.786692 19.9948 0)
(0.786991 19.9962 0)
(0.787221 19.9972 0)
(0.787402 19.9981 0)
(0.78754 19.9988 0)
(0.787645 19.9993 0)
(0.787723 19.9997 0)
(0.787781 20 0)
(0.787822 20.0003 0)
(0.787851 20.0005 0)
(0.78787 20.0007 0)
(0.787883 20.0008 0)
(0.78789 20.0009 0)
(0.787894 20.001 0)
(0.787896 20.001 0)
(0.787896 20.0011 0)
(0.787895 20.0011 0)
(0.787893 20.0011 0)
(0.787892 20.0011 0)
(0.78789 20.0012 0)
(0.787888 20.0012 0)
(0.787887 20.0012 0)
(0.787885 20.0012 0)
(0.787884 20.0012 0)
(0.787883 20.0012 0)
(0.787882 20.0012 0)
(0.787881 20.0012 0)
(0.787881 20.0012 0)
(0.78788 20.0012 0)
(0.78788 20.0012 0)
(0.78788 20.0012 0)
(0.787879 20.0012 0)
(0.787879 20.0012 0)
(0.787879 20.0012 0)
(0.787879 20.0012 0)
(0.787879 20.0012 0)
(0.787879 20.0012 0)
(0.787879 20.0012 0)
(0.787879 20.0012 0)
(0.787879 20.0012 0)
(0.787879 20.0012 0)
(0.787879 20.0012 0)
(0.787879 20.0012 0)
(0.787879 20.0012 0)
(0.787879 20.0012 0)
(0.787879 20.0012 0)
(0.787879 20.0012 0)
(0.787879 20.0012 0)
(0.787879 20.0012 0)
(0.787879 20.0012 0)
(0.787879 20.0012 0)
(0.787879 20.0012 0)
(0.787879 20.0012 0)
(0.787879 20.0012 0)
(0.787879 20.0012 0)
(0.787879 20.0012 0)
(0.787879 20.0012 0)
(0.787879 20.0012 0)
(0.787879 20.0012 0)
(0.787879 20.0012 0)
(0.787879 20.0012 0)
(0.787879 20.0012 0)
(0.787879 20.0012 0)
(0.787879 20.0012 0)
(0.787879 20.0012 0)
(0.787879 20.0012 0)
(0.787879 20.0012 0)
(0.787879 20.0012 0)
(0.787879 20.0012 0)
(0.787879 20.0012 0)
(0.787879 20.0012 0)
(0.787879 20.0012 0)
(0.787879 20.0012 0)
(0.787879 20.0012 0)
(0.787879 20.0012 0)
(0.78788 20.0012 0)
(0.787881 20.0012 0)
(0.787882 20.0012 0)
(0.787885 20.0012 0)
(0.787888 20.0012 0)
(0.787894 20.0012 0)
(0.787904 20.0011 0)
(0.78792 20.0011 0)
(0.787947 20.0011 0)
(0.787993 20.001 0)
(0.788067 20.001 0)
(0.788196 20.0011 0)
(0.788338 20.0014 0)
(0.788458 20.0022 0)
(0.787401 20.0032 0)
(0.755232 19.9322 0)
(0.80794 19.9406 0)
(0.821199 19.9425 0)
(0.835639 19.9489 0)
(0.83888 19.9578 0)
(0.842633 19.9667 0)
(0.844312 19.9739 0)
(0.845935 19.9796 0)
(0.847036 19.9841 0)
(0.847984 19.9877 0)
(0.848712 19.9905 0)
(0.849307 19.9927 0)
(0.849776 19.9945 0)
(0.85015 19.9959 0)
(0.850443 19.997 0)
(0.850673 19.9979 0)
(0.85085 19.9986 0)
(0.850986 19.9992 0)
(0.85109 19.9996 0)
(0.851168 20 0)
(0.851226 20.0002 0)
(0.851269 20.0005 0)
(0.851301 20.0006 0)
(0.851324 20.0007 0)
(0.85134 20.0008 0)
(0.851351 20.0009 0)
(0.851359 20.001 0)
(0.851364 20.001 0)
(0.851367 20.001 0)
(0.85137 20.0011 0)
(0.851371 20.0011 0)
(0.851372 20.0011 0)
(0.851372 20.0011 0)
(0.851372 20.0011 0)
(0.851372 20.0011 0)
(0.851372 20.0011 0)
(0.851372 20.0011 0)
(0.851372 20.0011 0)
(0.851372 20.0011 0)
(0.851371 20.0011 0)
(0.851371 20.0011 0)
(0.851371 20.0011 0)
(0.851371 20.0011 0)
(0.851371 20.0011 0)
(0.851371 20.0011 0)
(0.851371 20.0011 0)
(0.851371 20.0011 0)
(0.851371 20.0011 0)
(0.851371 20.0011 0)
(0.851371 20.0011 0)
(0.851371 20.0011 0)
(0.851371 20.0011 0)
(0.851371 20.0011 0)
(0.851371 20.0011 0)
(0.851371 20.0011 0)
(0.851371 20.0011 0)
(0.851371 20.0011 0)
(0.851371 20.0011 0)
(0.851371 20.0011 0)
(0.851371 20.0011 0)
(0.851371 20.0011 0)
(0.851371 20.0011 0)
(0.851371 20.0011 0)
(0.851371 20.0011 0)
(0.851371 20.0011 0)
(0.851371 20.0011 0)
(0.851371 20.0011 0)
(0.851371 20.0011 0)
(0.851371 20.0011 0)
(0.851371 20.0011 0)
(0.851371 20.0011 0)
(0.851371 20.0011 0)
(0.851371 20.0011 0)
(0.851371 20.0011 0)
(0.851371 20.0011 0)
(0.851371 20.0011 0)
(0.851371 20.0011 0)
(0.851371 20.0011 0)
(0.851371 20.0011 0)
(0.851371 20.0011 0)
(0.851371 20.0011 0)
(0.851371 20.0011 0)
(0.851372 20.0011 0)
(0.851372 20.0011 0)
(0.851373 20.0011 0)
(0.851374 20.0011 0)
(0.851376 20.0011 0)
(0.85138 20.0011 0)
(0.851385 20.0011 0)
(0.851393 20.0011 0)
(0.851405 20.0011 0)
(0.851425 20.001 0)
(0.851456 20.001 0)
(0.851507 20.0009 0)
(0.851589 20.0009 0)
(0.851725 20.0008 0)
(0.851959 20.0009 0)
(0.852312 20.0014 0)
(0.852787 20.0026 0)
(0.852464 20.0042 0)
(0.726939 19.8651 0)
(0.774707 19.9023 0)
(0.798032 19.9157 0)
(0.815208 19.9274 0)
(0.820442 19.9405 0)
(0.825127 19.9527 0)
(0.827598 19.9627 0)
(0.829821 19.9707 0)
(0.83143 19.977 0)
(0.832788 19.9819 0)
(0.833853 19.9859 0)
(0.834722 19.989 0)
(0.835413 19.9915 0)
(0.835967 19.9935 0)
(0.836405 19.9951 0)
(0.836752 19.9963 0)
(0.837023 19.9973 0)
(0.837234 19.9981 0)
(0.837398 19.9987 0)
(0.837524 19.9992 0)
(0.83762 19.9996 0)
(0.837693 19.9999 0)
(0.837748 20.0001 0)
(0.837789 20.0003 0)
(0.83782 20.0004 0)
(0.837843 20.0005 0)
(0.83786 20.0006 0)
(0.837872 20.0006 0)
(0.837881 20.0007 0)
(0.837888 20.0007 0)
(0.837892 20.0007 0)
(0.837895 20.0008 0)
(0.837898 20.0008 0)
(0.837899 20.0008 0)
(0.837901 20.0008 0)
(0.837901 20.0008 0)
(0.837902 20.0008 0)
(0.837902 20.0008 0)
(0.837902 20.0008 0)
(0.837903 20.0008 0)
(0.837903 20.0008 0)
(0.837903 20.0008 0)
(0.837903 20.0008 0)
(0.837903 20.0008 0)
(0.837903 20.0008 0)
(0.837903 20.0008 0)
(0.837903 20.0008 0)
(0.837903 20.0008 0)
(0.837903 20.0008 0)
(0.837903 20.0008 0)
(0.837903 20.0008 0)
(0.837903 20.0008 0)
(0.837903 20.0008 0)
(0.837903 20.0008 0)
(0.837903 20.0008 0)
(0.837903 20.0008 0)
(0.837903 20.0008 0)
(0.837903 20.0008 0)
(0.837903 20.0008 0)
(0.837903 20.0008 0)
(0.837903 20.0008 0)
(0.837903 20.0008 0)
(0.837903 20.0008 0)
(0.837903 20.0008 0)
(0.837903 20.0008 0)
(0.837903 20.0008 0)
(0.837903 20.0008 0)
(0.837903 20.0008 0)
(0.837903 20.0008 0)
(0.837903 20.0008 0)
(0.837903 20.0008 0)
(0.837903 20.0008 0)
(0.837903 20.0008 0)
(0.837903 20.0008 0)
(0.837903 20.0008 0)
(0.837903 20.0008 0)
(0.837903 20.0008 0)
(0.837903 20.0008 0)
(0.837903 20.0008 0)
(0.837903 20.0008 0)
(0.837903 20.0008 0)
(0.837904 20.0008 0)
(0.837904 20.0008 0)
(0.837905 20.0008 0)
(0.837907 20.0008 0)
(0.837909 20.0008 0)
(0.837912 20.0008 0)
(0.837917 20.0008 0)
(0.837925 20.0008 0)
(0.837937 20.0007 0)
(0.837955 20.0007 0)
(0.837985 20.0007 0)
(0.838031 20.0006 0)
(0.838105 20.0005 0)
(0.838225 20.0005 0)
(0.838428 20.0004 0)
(0.83878 20.0005 0)
(0.839384 20.0009 0)
(0.840314 20.0024 0)
(0.841163 20.0043 0)
(0.681502 19.8081 0)
(0.722089 19.863 0)
(0.751054 19.8881 0)
(0.770109 19.906 0)
(0.777084 19.9236 0)
(0.782563 19.9392 0)
(0.785714 19.9519 0)
(0.788441 19.9621 0)
(0.790479 19.9701 0)
(0.792184 19.9764 0)
(0.793536 19.9815 0)
(0.794638 19.9855 0)
(0.795519 19.9887 0)
(0.796226 19.9913 0)
(0.796789 19.9933 0)
(0.797236 19.9949 0)
(0.797587 19.9962 0)
(0.797863 19.9972 0)
(0.798079 19.998 0)
(0.798246 19.9986 0)
(0.798375 19.9991 0)
(0.798475 19.9994 0)
(0.798551 19.9997 0)
(0.798609 20 0)
(0.798652 20.0001 0)
(0.798686 20.0003 0)
(0.798711 20.0004 0)
(0.798729 20.0004 0)
(0.798743 20.0005 0)
(0.798753 20.0005 0)
(0.798761 20.0006 0)
(0.798767 20.0006 0)
(0.798771 20.0006 0)
(0.798774 20.0006 0)
(0.798776 20.0006 0)
(0.798777 20.0007 0)
(0.798778 20.0007 0)
(0.798779 20.0007 0)
(0.79878 20.0007 0)
(0.79878 20.0007 0)
(0.798781 20.0007 0)
(0.798781 20.0007 0)
(0.798781 20.0007 0)
(0.798781 20.0007 0)
(0.798781 20.0007 0)
(0.798781 20.0007 0)
(0.798781 20.0007 0)
(0.798781 20.0007 0)
(0.798781 20.0007 0)
(0.798781 20.0007 0)
(0.798781 20.0007 0)
(0.798781 20.0007 0)
(0.798781 20.0007 0)
(0.798781 20.0007 0)
(0.798781 20.0007 0)
(0.798781 20.0007 0)
(0.798781 20.0007 0)
(0.798781 20.0007 0)
(0.798781 20.0007 0)
(0.798781 20.0007 0)
(0.798781 20.0007 0)
(0.798781 20.0007 0)
(0.798781 20.0007 0)
(0.798781 20.0007 0)
(0.798781 20.0007 0)
(0.798781 20.0007 0)
(0.798781 20.0007 0)
(0.798781 20.0007 0)
(0.798781 20.0007 0)
(0.798781 20.0007 0)
(0.798781 20.0007 0)
(0.798781 20.0007 0)
(0.798781 20.0007 0)
(0.798781 20.0007 0)
(0.798781 20.0007 0)
(0.798782 20.0007 0)
(0.798782 20.0007 0)
(0.798782 20.0007 0)
(0.798782 20.0007 0)
(0.798782 20.0007 0)
(0.798782 20.0007 0)
(0.798783 20.0007 0)
(0.798784 20.0007 0)
(0.798785 20.0007 0)
(0.798787 20.0007 0)
(0.79879 20.0007 0)
(0.798794 20.0007 0)
(0.7988 20.0006 0)
(0.798811 20.0006 0)
(0.798826 20.0006 0)
(0.79885 20.0006 0)
(0.798888 20.0005 0)
(0.798947 20.0004 0)
(0.799044 20.0003 0)
(0.799202 20.0002 0)
(0.799473 20.0001 0)
(0.799949 20.0001 0)
(0.800814 20.0006 0)
(0.802217 20.002 0)
(0.80422 20.0039 0)
(0.632607 19.7598 0)
(0.666121 19.8246 0)
(0.697517 19.8603 0)
(0.71764 19.885 0)
(0.726001 19.9072 0)
(0.732119 19.9261 0)
(0.735823 19.9415 0)
(0.738951 19.9537 0)
(0.741332 19.9634 0)
(0.743313 19.9711 0)
(0.744895 19.9773 0)
(0.746184 19.9822 0)
(0.747218 19.9861 0)
(0.748049 19.9892 0)
(0.748713 19.9916 0)
(0.74924 19.9936 0)
(0.749657 19.9951 0)
(0.749986 19.9964 0)
(0.750244 19.9973 0)
(0.750445 19.9981 0)
(0.750601 19.9987 0)
(0.750722 19.9991 0)
(0.750815 19.9995 0)
(0.750886 19.9998 0)
(0.750941 20 0)
(0.750983 20.0001 0)
(0.751014 20.0003 0)
(0.751038 20.0004 0)
(0.751056 20.0004 0)
(0.75107 20.0005 0)
(0.75108 20.0005 0)
(0.751087 20.0006 0)
(0.751093 20.0006 0)
(0.751097 20.0006 0)
(0.7511 20.0006 0)
(0.751103 20.0006 0)
(0.751104 20.0006 0)
(0.751106 20.0006 0)
(0.751106 20.0006 0)
(0.751107 20.0006 0)
(0.751108 20.0007 0)
(0.751108 20.0007 0)
(0.751108 20.0007 0)
(0.751108 20.0007 0)
(0.751109 20.0007 0)
(0.751109 20.0007 0)
(0.751109 20.0007 0)
(0.751109 20.0007 0)
(0.751109 20.0007 0)
(0.751109 20.0007 0)
(0.751109 20.0007 0)
(0.751109 20.0007 0)
(0.751109 20.0007 0)
(0.751109 20.0007 0)
(0.751109 20.0007 0)
(0.751109 20.0007 0)
(0.751109 20.0007 0)
(0.751109 20.0007 0)
(0.751109 20.0007 0)
(0.751109 20.0007 0)
(0.751109 20.0007 0)
(0.751109 20.0007 0)
(0.751109 20.0007 0)
(0.751109 20.0007 0)
(0.751109 20.0007 0)
(0.751109 20.0007 0)
(0.751109 20.0007 0)
(0.751109 20.0007 0)
(0.751109 20.0007 0)
(0.751109 20.0007 0)
(0.751109 20.0007 0)
(0.751109 20.0007 0)
(0.751109 20.0007 0)
(0.751109 20.0007 0)
(0.751109 20.0007 0)
(0.751109 20.0007 0)
(0.751109 20.0007 0)
(0.751109 20.0007 0)
(0.751109 20.0007 0)
(0.75111 20.0007 0)
(0.75111 20.0007 0)
(0.751111 20.0007 0)
(0.751112 20.0006 0)
(0.751113 20.0006 0)
(0.751115 20.0006 0)
(0.751119 20.0006 0)
(0.751124 20.0006 0)
(0.751132 20.0006 0)
(0.751144 20.0006 0)
(0.751163 20.0006 0)
(0.751191 20.0005 0)
(0.751236 20.0005 0)
(0.751308 20.0004 0)
(0.751424 20.0002 0)
(0.751618 20.0001 0)
(0.751955 19.9999 0)
(0.752551 19.9999 0)
(0.75367 20.0002 0)
(0.755507 20.0015 0)
(0.758459 20.0031 0)
(0.584108 19.7185 0)
(0.611425 19.7881 0)
(0.643096 19.8331 0)
(0.663566 19.8646 0)
(0.672925 19.8913 0)
(0.679508 19.9134 0)
(0.683634 19.9313 0)
(0.687058 19.9456 0)
(0.689695 19.957 0)
(0.691882 19.966 0)
(0.693636 19.9732 0)
(0.695066 19.9789 0)
(0.696215 19.9835 0)
(0.697141 19.9871 0)
(0.69788 19.99 0)
(0.698469 19.9923 0)
(0.698936 19.9942 0)
(0.699305 19.9956 0)
(0.699594 19.9967 0)
(0.699821 19.9976 0)
(0.699998 19.9983 0)
(0.700136 19.9988 0)
(0.700242 19.9993 0)
(0.700324 19.9996 0)
(0.700387 19.9999 0)
(0.700435 20 0)
(0.700472 20.0002 0)
(0.7005 20.0003 0)
(0.700522 20.0004 0)
(0.700538 20.0005 0)
(0.70055 20.0005 0)
(0.700559 20.0005 0)
(0.700566 20.0006 0)
(0.700571 20.0006 0)
(0.700575 20.0006 0)
(0.700578 20.0006 0)
(0.70058 20.0006 0)
(0.700582 20.0006 0)
(0.700583 20.0006 0)
(0.700584 20.0006 0)
(0.700584 20.0006 0)
(0.700585 20.0006 0)
(0.700585 20.0006 0)
(0.700585 20.0006 0)
(0.700586 20.0007 0)
(0.700586 20.0007 0)
(0.700586 20.0007 0)
(0.700586 20.0007 0)
(0.700586 20.0007 0)
(0.700586 20.0007 0)
(0.700586 20.0007 0)
(0.700586 20.0007 0)
(0.700586 20.0007 0)
(0.700586 20.0007 0)
(0.700586 20.0007 0)
(0.700586 20.0007 0)
(0.700586 20.0007 0)
(0.700586 20.0007 0)
(0.700586 20.0007 0)
(0.700586 20.0007 0)
(0.700586 20.0007 0)
(0.700586 20.0007 0)
(0.700586 20.0007 0)
(0.700586 20.0007 0)
(0.700586 20.0007 0)
(0.700586 20.0007 0)
(0.700586 20.0007 0)
(0.700586 20.0007 0)
(0.700586 20.0007 0)
(0.700586 20.0007 0)
(0.700586 20.0007 0)
(0.700586 20.0007 0)
(0.700586 20.0007 0)
(0.700586 20.0007 0)
(0.700586 20.0007 0)
(0.700586 20.0007 0)
(0.700586 20.0007 0)
(0.700586 20.0007 0)
(0.700587 20.0007 0)
(0.700587 20.0007 0)
(0.700587 20.0006 0)
(0.700588 20.0006 0)
(0.700589 20.0006 0)
(0.700591 20.0006 0)
(0.700594 20.0006 0)
(0.700597 20.0006 0)
(0.700603 20.0006 0)
(0.700612 20.0006 0)
(0.700626 20.0006 0)
(0.700647 20.0005 0)
(0.700679 20.0005 0)
(0.70073 20.0004 0)
(0.700812 20.0003 0)
(0.700946 20.0001 0)
(0.701171 19.9999 0)
(0.701569 19.9997 0)
(0.702276 19.9996 0)
(0.703621 19.9997 0)
(0.705826 20.0007 0)
(0.70948 20.002 0)
(0.536855 19.683 0)
(0.558994 19.7541 0)
(0.589564 19.8069 0)
(0.609779 19.8448 0)
(0.619752 19.876 0)
(0.626619 19.9012 0)
(0.631033 19.9216 0)
(0.634653 19.9378 0)
(0.637461 19.9508 0)
(0.639786 19.9611 0)
(0.641656 19.9693 0)
(0.643181 19.9758 0)
(0.644409 19.981 0)
(0.645399 19.9852 0)
(0.64619 19.9885 0)
(0.646822 19.9911 0)
(0.647323 19.9932 0)
(0.647719 19.9948 0)
(0.648031 19.9961 0)
(0.648276 19.9971 0)
(0.648468 19.9979 0)
(0.648617 19.9986 0)
(0.648733 19.9991 0)
(0.648822 19.9994 0)
(0.648891 19.9997 0)
(0.648944 19.9999 0)
(0.648985 20.0001 0)
(0.649016 20.0002 0)
(0.64904 20.0003 0)
(0.649058 20.0004 0)
(0.649072 20.0005 0)
(0.649082 20.0005 0)
(0.64909 20.0006 0)
(0.649096 20.0006 0)
(0.6491 20.0006 0)
(0.649103 20.0006 0)
(0.649106 20.0006 0)
(0.649108 20.0006 0)
(0.649109 20.0006 0)
(0.64911 20.0006 0)
(0.649111 20.0006 0)
(0.649111 20.0006 0)
(0.649112 20.0006 0)
(0.649112 20.0006 0)
(0.649112 20.0006 0)
(0.649113 20.0006 0)
(0.649113 20.0006 0)
(0.649113 20.0006 0)
(0.649113 20.0006 0)
(0.649113 20.0006 0)
(0.649113 20.0006 0)
(0.649113 20.0006 0)
(0.649113 20.0006 0)
(0.649113 20.0006 0)
(0.649113 20.0006 0)
(0.649113 20.0006 0)
(0.649113 20.0006 0)
(0.649113 20.0006 0)
(0.649113 20.0006 0)
(0.649113 20.0006 0)
(0.649113 20.0006 0)
(0.649113 20.0006 0)
(0.649113 20.0006 0)
(0.649113 20.0006 0)
(0.649113 20.0006 0)
(0.649113 20.0006 0)
(0.649113 20.0006 0)
(0.649113 20.0006 0)
(0.649113 20.0006 0)
(0.649113 20.0006 0)
(0.649113 20.0006 0)
(0.649113 20.0006 0)
(0.649113 20.0006 0)
(0.649113 20.0006 0)
(0.649113 20.0006 0)
(0.649113 20.0006 0)
(0.649113 20.0006 0)
(0.649114 20.0006 0)
(0.649114 20.0006 0)
(0.649114 20.0006 0)
(0.649115 20.0006 0)
(0.649115 20.0006 0)
(0.649117 20.0006 0)
(0.649118 20.0006 0)
(0.649121 20.0006 0)
(0.649126 20.0006 0)
(0.649132 20.0006 0)
(0.649142 20.0006 0)
(0.649156 20.0006 0)
(0.649179 20.0005 0)
(0.649214 20.0005 0)
(0.64927 20.0004 0)
(0.649359 20.0002 0)
(0.649508 20 0)
(0.64976 19.9998 0)
(0.65021 19.9995 0)
(0.651012 19.9992 0)
(0.652546 19.9992 0)
(0.655035 19.9997 0)
(0.659159 20.0005 0)
(0.490836 19.6523 0)
(0.508734 19.7229 0)
(0.537374 19.782 0)
(0.556857 19.826 0)
(0.567089 19.8614 0)
(0.574061 19.8896 0)
(0.578634 19.9123 0)
(0.582351 19.9304 0)
(0.58525 19.9448 0)
(0.587646 19.9563 0)
(0.589579 19.9655 0)
(0.591155 19.9728 0)
(0.592427 19.9787 0)
(0.593452 19.9833 0)
(0.594273 19.987 0)
(0.594928 19.9899 0)
(0.595449 19.9923 0)
(0.595861 19.9941 0)
(0.596186 19.9956 0)
(0.596442 19.9967 0)
(0.596642 19.9976 0)
(0.596798 19.9983 0)
(0.59692 19.9988 0)
(0.597014 19.9993 0)
(0.597087 19.9996 0)
(0.597143 19.9998 0)
(0.597186 20 0)
(0.597219 20.0002 0)
(0.597244 20.0003 0)
(0.597264 20.0004 0)
(0.597278 20.0004 0)
(0.597289 20.0005 0)
(0.597298 20.0005 0)
(0.597304 20.0006 0)
(0.597309 20.0006 0)
(0.597313 20.0006 0)
(0.597315 20.0006 0)
(0.597317 20.0006 0)
(0.597319 20.0006 0)
(0.59732 20.0006 0)
(0.597321 20.0006 0)
(0.597322 20.0006 0)
(0.597322 20.0006 0)
(0.597322 20.0006 0)
(0.597323 20.0006 0)
(0.597323 20.0006 0)
(0.597323 20.0006 0)
(0.597323 20.0006 0)
(0.597323 20.0006 0)
(0.597323 20.0006 0)
(0.597323 20.0006 0)
(0.597323 20.0006 0)
(0.597323 20.0006 0)
(0.597323 20.0006 0)
(0.597323 20.0006 0)
(0.597323 20.0006 0)
(0.597323 20.0006 0)
(0.597323 20.0006 0)
(0.597323 20.0006 0)
(0.597323 20.0006 0)
(0.597323 20.0006 0)
(0.597323 20.0006 0)
(0.597323 20.0006 0)
(0.597323 20.0006 0)
(0.597323 20.0006 0)
(0.597323 20.0006 0)
(0.597323 20.0006 0)
(0.597323 20.0006 0)
(0.597323 20.0006 0)
(0.597323 20.0006 0)
(0.597323 20.0006 0)
(0.597323 20.0006 0)
(0.597323 20.0006 0)
(0.597323 20.0006 0)
(0.597324 20.0006 0)
(0.597324 20.0006 0)
(0.597324 20.0006 0)
(0.597324 20.0006 0)
(0.597324 20.0006 0)
(0.597324 20.0006 0)
(0.597325 20.0006 0)
(0.597326 20.0006 0)
(0.597327 20.0006 0)
(0.597329 20.0006 0)
(0.597332 20.0006 0)
(0.597337 20.0006 0)
(0.597343 20.0006 0)
(0.597353 20.0006 0)
(0.597369 20.0005 0)
(0.597393 20.0005 0)
(0.59743 20.0004 0)
(0.597489 20.0003 0)
(0.597584 20.0002 0)
(0.597743 19.9999 0)
(0.598016 19.9996 0)
(0.598508 19.9993 0)
(0.599383 19.9988 0)
(0.601058 19.9985 0)
(0.603743 19.9985 0)
(0.608134 19.9988 0)
(0.445843 19.6257 0)
(0.460297 19.6947 0)
(0.486541 19.7587 0)
(0.50493 19.8082 0)
(0.515105 19.8476 0)
(0.522012 19.8787 0)
(0.526619 19.9036 0)
(0.53034 19.9234 0)
(0.533255 19.9392 0)
(0.535661 19.9519 0)
(0.537605 19.9619 0)
(0.539192 19.97 0)
(0.540473 19.9764 0)
(0.541506 19.9815 0)
(0.542335 19.9856 0)
(0.542997 19.9888 0)
(0.543523 19.9914 0)
(0.54394 19.9934 0)
(0.544269 19.995 0)
(0.544528 19.9963 0)
(0.544731 19.9973 0)
(0.54489 19.998 0)
(0.545013 19.9986 0)
(0.545109 19.9991 0)
(0.545184 19.9995 0)
(0.545241 19.9997 0)
(0.545286 20 0)
(0.54532 20.0001 0)
(0.545346 20.0003 0)
(0.545366 20.0003 0)
(0.545381 20.0004 0)
(0.545392 20.0005 0)
(0.545401 20.0005 0)
(0.545408 20.0006 0)
(0.545413 20.0006 0)
(0.545417 20.0006 0)
(0.54542 20.0006 0)
(0.545422 20.0006 0)
(0.545423 20.0006 0)
(0.545425 20.0006 0)
(0.545425 20.0006 0)
(0.545426 20.0006 0)
(0.545427 20.0006 0)
(0.545427 20.0006 0)
(0.545427 20.0006 0)
(0.545427 20.0006 0)
(0.545428 20.0006 0)
(0.545428 20.0006 0)
(0.545428 20.0006 0)
(0.545428 20.0006 0)
(0.545428 20.0006 0)
(0.545428 20.0006 0)
(0.545428 20.0006 0)
(0.545428 20.0006 0)
(0.545428 20.0006 0)
(0.545428 20.0006 0)
(0.545428 20.0006 0)
(0.545428 20.0006 0)
(0.545428 20.0006 0)
(0.545428 20.0006 0)
(0.545428 20.0006 0)
(0.545428 20.0006 0)
(0.545428 20.0006 0)
(0.545428 20.0006 0)
(0.545428 20.0006 0)
(0.545428 20.0006 0)
(0.545428 20.0006 0)
(0.545428 20.0006 0)
(0.545428 20.0006 0)
(0.545428 20.0006 0)
(0.545428 20.0006 0)
(0.545428 20.0006 0)
(0.545428 20.0006 0)
(0.545428 20.0006 0)
(0.545428 20.0006 0)
(0.545428 20.0006 0)
(0.545428 20.0006 0)
(0.545429 20.0006 0)
(0.545429 20.0006 0)
(0.545429 20.0006 0)
(0.54543 20.0006 0)
(0.545431 20.0006 0)
(0.545432 20.0006 0)
(0.545434 20.0006 0)
(0.545437 20.0006 0)
(0.545442 20.0006 0)
(0.545448 20.0006 0)
(0.545459 20.0006 0)
(0.545475 20.0005 0)
(0.545499 20.0005 0)
(0.545537 20.0004 0)
(0.545597 20.0003 0)
(0.545696 20.0001 0)
(0.545862 19.9999 0)
(0.546148 19.9995 0)
(0.546669 19.999 0)
(0.547593 19.9984 0)
(0.549357 19.9978 0)
(0.552147 19.9972 0)
(0.55663 19.9969 0)
(0.401665 19.6027 0)
(0.413324 19.6694 0)
(0.436941 19.7373 0)
(0.45397 19.7917 0)
(0.463816 19.8348 0)
(0.470503 19.8686 0)
(0.475027 19.8955 0)
(0.478666 19.9169 0)
(0.481526 19.934 0)
(0.483884 19.9477 0)
(0.485792 19.9586 0)
(0.48735 19.9673 0)
(0.488609 19.9743 0)
(0.489626 19.9798 0)
(0.490441 19.9843 0)
(0.491093 19.9878 0)
(0.491612 19.9906 0)
(0.492023 19.9928 0)
(0.492348 19.9945 0)
(0.492603 19.9959 0)
(0.492804 19.9969 0)
(0.492961 19.9978 0)
(0.493084 19.9984 0)
(0.493179 19.9989 0)
(0.493253 19.9993 0)
(0.49331 19.9996 0)
(0.493354 19.9999 0)
(0.493388 20.0001 0)
(0.493414 20.0002 0)
(0.493434 20.0003 0)
(0.49345 20.0004 0)
(0.493461 20.0005 0)
(0.49347 20.0005 0)
(0.493477 20.0005 0)
(0.493482 20.0006 0)
(0.493486 20.0006 0)
(0.493489 20.0006 0)
(0.493491 20.0006 0)
(0.493493 20.0006 0)
(0.493494 20.0006 0)
(0.493495 20.0006 0)
(0.493496 20.0006 0)
(0.493496 20.0006 0)
(0.493496 20.0006 0)
(0.493497 20.0006 0)
(0.493497 20.0006 0)
(0.493497 20.0006 0)
(0.493497 20.0006 0)
(0.493497 20.0006 0)
(0.493497 20.0006 0)
(0.493498 20.0006 0)
(0.493498 20.0006 0)
(0.493498 20.0006 0)
(0.493498 20.0006 0)
(0.493498 20.0006 0)
(0.493498 20.0006 0)
(0.493498 20.0006 0)
(0.493498 20.0006 0)
(0.493498 20.0006 0)
(0.493498 20.0006 0)
(0.493498 20.0006 0)
(0.493498 20.0006 0)
(0.493498 20.0006 0)
(0.493498 20.0006 0)
(0.493498 20.0006 0)
(0.493498 20.0006 0)
(0.493498 20.0006 0)
(0.493498 20.0006 0)
(0.493498 20.0006 0)
(0.493498 20.0006 0)
(0.493498 20.0006 0)
(0.493498 20.0006 0)
(0.493498 20.0006 0)
(0.493498 20.0006 0)
(0.493498 20.0006 0)
(0.493498 20.0006 0)
(0.493498 20.0006 0)
(0.493498 20.0006 0)
(0.493498 20.0006 0)
(0.493499 20.0006 0)
(0.493499 20.0006 0)
(0.4935 20.0006 0)
(0.493502 20.0006 0)
(0.493504 20.0006 0)
(0.493507 20.0006 0)
(0.493511 20.0006 0)
(0.493518 20.0006 0)
(0.493528 20.0006 0)
(0.493544 20.0005 0)
(0.493568 20.0005 0)
(0.493606 20.0004 0)
(0.493666 20.0002 0)
(0.493766 20 0)
(0.493935 19.9998 0)
(0.494227 19.9993 0)
(0.494761 19.9988 0)
(0.495708 19.998 0)
(0.497506 19.997 0)
(0.500315 19.9959 0)
(0.504741 19.995 0)
(0.358122 19.5828 0)
(0.367508 19.647 0)
(0.388415 19.7179 0)
(0.403896 19.7766 0)
(0.413186 19.823 0)
(0.419513 19.8592 0)
(0.423847 19.888 0)
(0.427323 19.9109 0)
(0.430063 19.9292 0)
(0.43232 19.9438 0)
(0.434149 19.9555 0)
(0.435643 19.9649 0)
(0.436851 19.9723 0)
(0.437827 19.9783 0)
(0.43861 19.983 0)
(0.439237 19.9868 0)
(0.439735 19.9898 0)
(0.440131 19.9922 0)
(0.440444 19.994 0)
(0.44069 19.9955 0)
(0.440884 19.9966 0)
(0.441035 19.9975 0)
(0.441153 19.9983 0)
(0.441246 19.9988 0)
(0.441317 19.9992 0)
(0.441373 19.9996 0)
(0.441415 19.9998 0)
(0.441448 20 0)
(0.441474 20.0002 0)
(0.441493 20.0003 0)
(0.441508 20.0004 0)
(0.44152 20.0004 0)
(0.441528 20.0005 0)
(0.441535 20.0005 0)
(0.44154 20.0006 0)
(0.441544 20.0006 0)
(0.441547 20.0006 0)
(0.441549 20.0006 0)
(0.441551 20.0006 0)
(0.441552 20.0006 0)
(0.441553 20.0006 0)
(0.441553 20.0006 0)
(0.441554 20.0006 0)
(0.441554 20.0006 0)
(0.441555 20.0006 0)
(0.441555 20.0006 0)
(0.441555 20.0006 0)
(0.441555 20.0006 0)
(0.441555 20.0006 0)
(0.441555 20.0006 0)
(0.441555 20.0006 0)
(0.441555 20.0006 0)
(0.441555 20.0006 0)
(0.441555 20.0006 0)
(0.441555 20.0006 0)
(0.441555 20.0006 0)
(0.441555 20.0006 0)
(0.441555 20.0006 0)
(0.441555 20.0006 0)
(0.441555 20.0006 0)
(0.441555 20.0006 0)
(0.441555 20.0006 0)
(0.441555 20.0006 0)
(0.441555 20.0006 0)
(0.441555 20.0006 0)
(0.441555 20.0006 0)
(0.441555 20.0006 0)
(0.441555 20.0006 0)
(0.441556 20.0006 0)
(0.441556 20.0006 0)
(0.441556 20.0006 0)
(0.441556 20.0006 0)
(0.441556 20.0006 0)
(0.441556 20.0006 0)
(0.441556 20.0006 0)
(0.441556 20.0006 0)
(0.441556 20.0006 0)
(0.441556 20.0006 0)
(0.441556 20.0006 0)
(0.441557 20.0006 0)
(0.441557 20.0006 0)
(0.441558 20.0006 0)
(0.441559 20.0006 0)
(0.441561 20.0006 0)
(0.441564 20.0006 0)
(0.441568 20.0006 0)
(0.441575 20.0006 0)
(0.441585 20.0006 0)
(0.4416 20.0005 0)
(0.441624 20.0004 0)
(0.441661 20.0003 0)
(0.44172 20.0002 0)
(0.441817 20 0)
(0.441985 19.9997 0)
(0.442275 19.9992 0)
(0.442807 19.9985 0)
(0.443749 19.9976 0)
(0.445527 19.9962 0)
(0.448272 19.9945 0)
(0.452516 19.9931 0)
(0.315077 19.5657 0)
(0.322603 19.6273 0)
(0.340802 19.7006 0)
(0.354607 19.763 0)
(0.363155 19.8123 0)
(0.369 19.8507 0)
(0.373048 19.8812 0)
(0.37629 19.9054 0)
(0.378849 19.9248 0)
(0.380958 19.9403 0)
(0.382668 19.9527 0)
(0.384065 19.9626 0)
(0.385196 19.9706 0)
(0.38611 19.9769 0)
(0.386844 19.9819 0)
(0.387431 19.9859 0)
(0.387898 19.9891 0)
(0.388269 19.9916 0)
(0.388562 19.9936 0)
(0.388794 19.9951 0)
(0.388976 19.9964 0)
(0.389118 19.9973 0)
(0.389229 19.9981 0)
(0.389316 19.9987 0)
(0.389384 19.9991 0)
(0.389436 19.9995 0)
(0.389476 19.9998 0)
(0.389508 20 0)
(0.389532 20.0001 0)
(0.38955 20.0002 0)
(0.389564 20.0003 0)
(0.389575 20.0004 0)
(0.389583 20.0005 0)
(0.38959 20.0005 0)
(0.389594 20.0005 0)
(0.389598 20.0006 0)
(0.389601 20.0006 0)
(0.389603 20.0006 0)
(0.389605 20.0006 0)
(0.389606 20.0006 0)
(0.389607 20.0006 0)
(0.389607 20.0006 0)
(0.389608 20.0006 0)
(0.389608 20.0006 0)
(0.389609 20.0006 0)
(0.389609 20.0006 0)
(0.389609 20.0006 0)
(0.389609 20.0006 0)
(0.389609 20.0006 0)
(0.389609 20.0006 0)
(0.389609 20.0006 0)
(0.389609 20.0006 0)
(0.389609 20.0006 0)
(0.389609 20.0006 0)
(0.389609 20.0006 0)
(0.389609 20.0006 0)
(0.389609 20.0006 0)
(0.389609 20.0006 0)
(0.389609 20.0006 0)
(0.389609 20.0006 0)
(0.389609 20.0006 0)
(0.389609 20.0006 0)
(0.389609 20.0006 0)
(0.389609 20.0006 0)
(0.389609 20.0006 0)
(0.389609 20.0006 0)
(0.389609 20.0006 0)
(0.389609 20.0006 0)
(0.389609 20.0006 0)
(0.389609 20.0006 0)
(0.389609 20.0006 0)
(0.389609 20.0006 0)
(0.389609 20.0006 0)
(0.389609 20.0006 0)
(0.38961 20.0006 0)
(0.38961 20.0006 0)
(0.38961 20.0006 0)
(0.38961 20.0006 0)
(0.38961 20.0006 0)
(0.38961 20.0006 0)
(0.389611 20.0006 0)
(0.389612 20.0006 0)
(0.389613 20.0006 0)
(0.389615 20.0006 0)
(0.389618 20.0006 0)
(0.389622 20.0006 0)
(0.389628 20.0006 0)
(0.389637 20.0005 0)
(0.389652 20.0005 0)
(0.389674 20.0004 0)
(0.389709 20.0003 0)
(0.389765 20.0002 0)
(0.389858 19.9999 0)
(0.390019 19.9996 0)
(0.3903 19.9991 0)
(0.390814 19.9983 0)
(0.391723 19.9971 0)
(0.393429 19.9955 0)
(0.396034 19.9932 0)
(0.399994 19.9912 0)
(0.27242 19.5511 0)
(0.278411 19.6104 0)
(0.293956 19.6853 0)
(0.306001 19.7509 0)
(0.313657 19.8028 0)
(0.318917 19.8432 0)
(0.322594 19.8751 0)
(0.325536 19.9005 0)
(0.327863 19.9209 0)
(0.329779 19.9372 0)
(0.331334 19.9502 0)
(0.332606 19.9607 0)
(0.333636 19.969 0)
(0.334468 19.9756 0)
(0.335137 19.9809 0)
(0.335672 19.9851 0)
(0.336098 19.9885 0)
(0.336436 19.9911 0)
(0.336704 19.9932 0)
(0.336915 19.9948 0)
(0.337081 19.9961 0)
(0.337211 19.9971 0)
(0.337313 19.9979 0)
(0.337393 19.9986 0)
(0.337454 19.999 0)
(0.337502 19.9994 0)
(0.337539 19.9997 0)
(0.337568 19.9999 0)
(0.33759 20.0001 0)
(0.337607 20.0002 0)
(0.33762 20.0003 0)
(0.33763 20.0004 0)
(0.337638 20.0005 0)
(0.337644 20.0005 0)
(0.337648 20.0005 0)
(0.337652 20.0006 0)
(0.337654 20.0006 0)
(0.337656 20.0006 0)
(0.337658 20.0006 0)
(0.337659 20.0006 0)
(0.337659 20.0006 0)
(0.33766 20.0006 0)
(0.337661 20.0006 0)
(0.337661 20.0006 0)
(0.337661 20.0006 0)
(0.337661 20.0006 0)
(0.337662 20.0006 0)
(0.337662 20.0006 0)
(0.337662 20.0006 0)
(0.337662 20.0006 0)
(0.337662 20.0006 0)
(0.337662 20.0006 0)
(0.337662 20.0006 0)
(0.337662 20.0006 0)
(0.337662 20.0006 0)
(0.337662 20.0006 0)
(0.337662 20.0006 0)
(0.337662 20.0006 0)
(0.337662 20.0006 0)
(0.337662 20.0006 0)
(0.337662 20.0006 0)
(0.337662 20.0006 0)
(0.337662 20.0006 0)
(0.337662 20.0006 0)
(0.337662 20.0006 0)
(0.337662 20.0006 0)
(0.337662 20.0006 0)
(0.337662 20.0006 0)
(0.337662 20.0006 0)
(0.337662 20.0006 0)
(0.337662 20.0006 0)
(0.337662 20.0006 0)
(0.337662 20.0006 0)
(0.337662 20.0006 0)
(0.337662 20.0006 0)
(0.337662 20.0006 0)
(0.337662 20.0006 0)
(0.337662 20.0006 0)
(0.337663 20.0006 0)
(0.337663 20.0006 0)
(0.337663 20.0006 0)
(0.337664 20.0006 0)
(0.337665 20.0006 0)
(0.337667 20.0006 0)
(0.337669 20.0006 0)
(0.337673 20.0006 0)
(0.337679 20.0006 0)
(0.337688 20.0005 0)
(0.337701 20.0005 0)
(0.337721 20.0004 0)
(0.337753 20.0003 0)
(0.337805 20.0001 0)
(0.337892 19.9999 0)
(0.338042 19.9995 0)
(0.338304 19.9989 0)
(0.338786 19.9981 0)
(0.339635 19.9967 0)
(0.341221 19.9948 0)
(0.343618 19.992 0)
(0.347206 19.9895 0)
(0.230067 19.5389 0)
(0.234775 19.5961 0)
(0.247743 19.6723 0)
(0.257975 19.7405 0)
(0.264622 19.7946 0)
(0.269209 19.8366 0)
(0.272442 19.8699 0)
(0.275028 19.8963 0)
(0.277076 19.9175 0)
(0.278762 19.9344 0)
(0.280132 19.948 0)
(0.281252 19.9589 0)
(0.28216 19.9676 0)
(0.282894 19.9745 0)
(0.283483 19.9801 0)
(0.283955 19.9844 0)
(0.284331 19.9879 0)
(0.28463 19.9907 0)
(0.284866 19.9929 0)
(0.285053 19.9946 0)
(0.2852 19.9959 0)
(0.285315 19.997 0)
(0.285405 19.9978 0)
(0.285475 19.9984 0)
(0.28553 19.999 0)
(0.285572 19.9993 0)
(0.285605 19.9996 0)
(0.28563 19.9999 0)
(0.28565 20.0001 0)
(0.285665 20.0002 0)
(0.285677 20.0003 0)
(0.285686 20.0004 0)
(0.285693 20.0004 0)
(0.285698 20.0005 0)
(0.285702 20.0005 0)
(0.285705 20.0006 0)
(0.285707 20.0006 0)
(0.285709 20.0006 0)
(0.28571 20.0006 0)
(0.285711 20.0006 0)
(0.285712 20.0006 0)
(0.285712 20.0006 0)
(0.285713 20.0006 0)
(0.285713 20.0006 0)
(0.285713 20.0006 0)
(0.285714 20.0006 0)
(0.285714 20.0006 0)
(0.285714 20.0006 0)
(0.285714 20.0006 0)
(0.285714 20.0006 0)
(0.285714 20.0006 0)
(0.285714 20.0006 0)
(0.285714 20.0006 0)
(0.285714 20.0006 0)
(0.285714 20.0006 0)
(0.285714 20.0006 0)
(0.285714 20.0006 0)
(0.285714 20.0006 0)
(0.285714 20.0006 0)
(0.285714 20.0006 0)
(0.285714 20.0006 0)
(0.285714 20.0006 0)
(0.285714 20.0006 0)
(0.285714 20.0006 0)
(0.285714 20.0006 0)
(0.285714 20.0006 0)
(0.285714 20.0006 0)
(0.285714 20.0006 0)
(0.285714 20.0006 0)
(0.285714 20.0006 0)
(0.285714 20.0006 0)
(0.285714 20.0006 0)
(0.285714 20.0006 0)
(0.285714 20.0006 0)
(0.285714 20.0006 0)
(0.285714 20.0006 0)
(0.285714 20.0006 0)
(0.285715 20.0006 0)
(0.285715 20.0006 0)
(0.285715 20.0006 0)
(0.285715 20.0006 0)
(0.285716 20.0006 0)
(0.285717 20.0006 0)
(0.285719 20.0006 0)
(0.285721 20.0006 0)
(0.285724 20.0006 0)
(0.285729 20.0006 0)
(0.285737 20.0005 0)
(0.285749 20.0005 0)
(0.285767 20.0004 0)
(0.285795 20.0003 0)
(0.285842 20.0001 0)
(0.285919 19.9998 0)
(0.286054 19.9994 0)
(0.286291 19.9988 0)
(0.286726 19.9979 0)
(0.28749 19.9964 0)
(0.288911 19.9941 0)
(0.291042 19.9909 0)
(0.294187 19.9879 0)
(0.187949 19.5289 0)
(0.191568 19.5843 0)
(0.202042 19.6614 0)
(0.210431 19.7317 0)
(0.215978 19.7877 0)
(0.219822 19.8311 0)
(0.22255 19.8654 0)
(0.224731 19.8927 0)
(0.226461 19.9146 0)
(0.227885 19.9321 0)
(0.229043 19.9462 0)
(0.229989 19.9574 0)
(0.230757 19.9664 0)
(0.231377 19.9736 0)
(0.231876 19.9793 0)
(0.232276 19.9839 0)
(0.232594 19.9875 0)
(0.232847 19.9903 0)
(0.233047 19.9926 0)
(0.233205 19.9943 0)
(0.233329 19.9957 0)
(0.233427 19.9968 0)
(0.233503 19.9977 0)
(0.233563 19.9984 0)
(0.233609 19.9989 0)
(0.233645 19.9993 0)
(0.233673 19.9996 0)
(0.233695 19.9998 0)
(0.233711 20 0)
(0.233724 20.0002 0)
(0.233734 20.0003 0)
(0.233742 20.0004 0)
(0.233748 20.0004 0)
(0.233752 20.0005 0)
(0.233756 20.0005 0)
(0.233758 20.0006 0)
(0.23376 20.0006 0)
(0.233762 20.0006 0)
(0.233763 20.0006 0)
(0.233764 20.0006 0)
(0.233764 20.0006 0)
(0.233765 20.0006 0)
(0.233765 20.0006 0)
(0.233765 20.0006 0)
(0.233766 20.0006 0)
(0.233766 20.0006 0)
(0.233766 20.0006 0)
(0.233766 20.0006 0)
(0.233766 20.0006 0)
(0.233766 20.0006 0)
(0.233766 20.0006 0)
(0.233766 20.0006 0)
(0.233766 20.0006 0)
(0.233766 20.0006 0)
(0.233766 20.0006 0)
(0.233766 20.0006 0)
(0.233766 20.0006 0)
(0.233766 20.0006 0)
(0.233766 20.0006 0)
(0.233766 20.0006 0)
(0.233766 20.0006 0)
(0.233766 20.0006 0)
(0.233766 20.0006 0)
(0.233766 20.0006 0)
(0.233766 20.0006 0)
(0.233766 20.0006 0)
(0.233766 20.0006 0)
(0.233766 20.0006 0)
(0.233766 20.0006 0)
(0.233766 20.0006 0)
(0.233766 20.0006 0)
(0.233766 20.0006 0)
(0.233766 20.0006 0)
(0.233766 20.0006 0)
(0.233766 20.0006 0)
(0.233766 20.0006 0)
(0.233766 20.0006 0)
(0.233767 20.0006 0)
(0.233767 20.0006 0)
(0.233767 20.0006 0)
(0.233767 20.0006 0)
(0.233768 20.0006 0)
(0.233769 20.0006 0)
(0.23377 20.0006 0)
(0.233772 20.0006 0)
(0.233775 20.0006 0)
(0.233779 20.0006 0)
(0.233785 20.0005 0)
(0.233795 20.0005 0)
(0.233811 20.0004 0)
(0.233835 20.0003 0)
(0.233875 20.0001 0)
(0.233942 19.9998 0)
(0.234058 19.9994 0)
(0.234262 19.9987 0)
(0.234636 19.9977 0)
(0.235294 19.996 0)
(0.236512 19.9935 0)
(0.238324 19.9899 0)
(0.240971 19.9866 0)
(0.14601 19.521 0)
(0.148688 19.5749 0)
(0.156744 19.6526 0)
(0.163275 19.7246 0)
(0.167653 19.7821 0)
(0.170698 19.8267 0)
(0.172871 19.8618 0)
(0.174608 19.8898 0)
(0.175987 19.9123 0)
(0.177123 19.9303 0)
(0.178046 19.9447 0)
(0.178801 19.9563 0)
(0.179414 19.9655 0)
(0.179909 19.9729 0)
(0.180308 19.9787 0)
(0.180627 19.9834 0)
(0.180881 19.9871 0)
(0.181083 19.99 0)
(0.181243 19.9923 0)
(0.181369 19.9942 0)
(0.181468 19.9956 0)
(0.181546 19.9967 0)
(0.181607 19.9976 0)
(0.181655 19.9983 0)
(0.181692 19.9988 0)
(0.181721 19.9992 0)
(0.181744 19.9996 0)
(0.181761 19.9998 0)
(0.181774 20 0)
(0.181785 20.0002 0)
(0.181792 20.0003 0)
(0.181799 20.0004 0)
(0.181803 20.0004 0)
(0.181807 20.0005 0)
(0.18181 20.0005 0)
(0.181812 20.0005 0)
(0.181813 20.0006 0)
(0.181814 20.0006 0)
(0.181815 20.0006 0)
(0.181816 20.0006 0)
(0.181817 20.0006 0)
(0.181817 20.0006 0)
(0.181817 20.0006 0)
(0.181817 20.0006 0)
(0.181818 20.0006 0)
(0.181818 20.0006 0)
(0.181818 20.0006 0)
(0.181818 20.0006 0)
(0.181818 20.0006 0)
(0.181818 20.0006 0)
(0.181818 20.0006 0)
(0.181818 20.0006 0)
(0.181818 20.0006 0)
(0.181818 20.0006 0)
(0.181818 20.0006 0)
(0.181818 20.0006 0)
(0.181818 20.0006 0)
(0.181818 20.0006 0)
(0.181818 20.0006 0)
(0.181818 20.0006 0)
(0.181818 20.0006 0)
(0.181818 20.0006 0)
(0.181818 20.0006 0)
(0.181818 20.0006 0)
(0.181818 20.0006 0)
(0.181818 20.0006 0)
(0.181818 20.0006 0)
(0.181818 20.0006 0)
(0.181818 20.0006 0)
(0.181818 20.0006 0)
(0.181818 20.0006 0)
(0.181818 20.0006 0)
(0.181818 20.0006 0)
(0.181818 20.0006 0)
(0.181818 20.0006 0)
(0.181818 20.0006 0)
(0.181818 20.0006 0)
(0.181818 20.0006 0)
(0.181819 20.0006 0)
(0.181819 20.0006 0)
(0.181819 20.0006 0)
(0.18182 20.0006 0)
(0.18182 20.0006 0)
(0.181821 20.0006 0)
(0.181823 20.0006 0)
(0.181825 20.0006 0)
(0.181828 20.0006 0)
(0.181834 20.0005 0)
(0.181842 20.0005 0)
(0.181854 20.0004 0)
(0.181874 20.0003 0)
(0.181906 20.0001 0)
(0.181959 19.9998 0)
(0.182053 19.9993 0)
(0.182218 19.9986 0)
(0.182522 19.9975 0)
(0.183054 19.9958 0)
(0.184036 19.993 0)
(0.185489 19.9891 0)
(0.187592 19.9854 0)
(0.104203 19.5151 0)
(0.106045 19.5679 0)
(0.111749 19.6461 0)
(0.116416 19.7193 0)
(0.119576 19.7779 0)
(0.12178 19.8233 0)
(0.123359 19.8591 0)
(0.124622 19.8877 0)
(0.125625 19.9105 0)
(0.126451 19.9289 0)
(0.127123 19.9436 0)
(0.127672 19.9554 0)
(0.128118 19.9648 0)
(0.128479 19.9723 0)
(0.128769 19.9783 0)
(0.129001 19.983 0)
(0.129187 19.9868 0)
(0.129334 19.9898 0)
(0.12945 19.9921 0)
(0.129542 19.994 0)
(0.129615 19.9955 0)
(0.129672 19.9966 0)
(0.129716 19.9975 0)
(0.129751 19.9982 0)
(0.129778 19.9988 0)
(0.129799 19.9992 0)
(0.129816 19.9995 0)
(0.129828 19.9998 0)
(0.129838 20 0)
(0.129846 20.0001 0)
(0.129851 20.0003 0)
(0.129856 20.0004 0)
(0.129859 20.0004 0)
(0.129862 20.0005 0)
(0.129864 20.0005 0)
(0.129865 20.0005 0)
(0.129866 20.0006 0)
(0.129867 20.0006 0)
(0.129868 20.0006 0)
(0.129869 20.0006 0)
(0.129869 20.0006 0)
(0.129869 20.0006 0)
(0.129869 20.0006 0)
(0.12987 20.0006 0)
(0.12987 20.0006 0)
(0.12987 20.0006 0)
(0.12987 20.0006 0)
(0.12987 20.0006 0)
(0.12987 20.0006 0)
(0.12987 20.0006 0)
(0.12987 20.0006 0)
(0.12987 20.0006 0)
(0.12987 20.0006 0)
(0.12987 20.0006 0)
(0.12987 20.0006 0)
(0.12987 20.0006 0)
(0.12987 20.0006 0)
(0.12987 20.0006 0)
(0.12987 20.0006 0)
(0.12987 20.0006 0)
(0.12987 20.0006 0)
(0.12987 20.0006 0)
(0.12987 20.0006 0)
(0.12987 20.0006 0)
(0.12987 20.0006 0)
(0.12987 20.0006 0)
(0.12987 20.0006 0)
(0.12987 20.0006 0)
(0.12987 20.0006 0)
(0.12987 20.0006 0)
(0.12987 20.0006 0)
(0.12987 20.0006 0)
(0.12987 20.0006 0)
(0.12987 20.0006 0)
(0.12987 20.0006 0)
(0.12987 20.0006 0)
(0.12987 20.0006 0)
(0.12987 20.0006 0)
(0.12987 20.0006 0)
(0.129871 20.0006 0)
(0.129871 20.0006 0)
(0.129871 20.0006 0)
(0.129872 20.0006 0)
(0.129872 20.0006 0)
(0.129873 20.0006 0)
(0.129875 20.0006 0)
(0.129878 20.0006 0)
(0.129881 20.0005 0)
(0.129887 20.0005 0)
(0.129896 20.0004 0)
(0.129911 20.0002 0)
(0.129934 20 0)
(0.129974 19.9997 0)
(0.130043 19.9993 0)
(0.130164 19.9986 0)
(0.130388 19.9974 0)
(0.130779 19.9956 0)
(0.131499 19.9927 0)
(0.13256 19.9884 0)
(0.134085 19.9846 0)
(0.0624869 19.5112 0)
(0.0635643 19.5633 0)
(0.0669664 19.6418 0)
(0.069767 19.7158 0)
(0.0716756 19.7751 0)
(0.0730094 19.8211 0)
(0.0739674 19.8573 0)
(0.0747335 19.8862 0)
(0.0753428 19.9094 0)
(0.0758442 19.9279 0)
(0.0762521 19.9428 0)
(0.076586 19.9548 0)
(0.0768568 19.9643 0)
(0.0770761 19.9719 0)
(0.0772524 19.978 0)
(0.0773936 19.9828 0)
(0.0775063 19.9866 0)
(0.0775958 19.9896 0)
(0.0776667 19.992 0)
(0.0777227 19.9939 0)
(0.0777667 19.9954 0)
(0.0778014 19.9966 0)
(0.0778284 19.9975 0)
(0.0778496 19.9982 0)
(0.0778661 19.9987 0)
(0.0778789 19.9992 0)
(0.0778889 19.9995 0)
(0.0778965 19.9998 0)
(0.0779025 20 0)
(0.0779071 20.0001 0)
(0.0779106 20.0003 0)
(0.0779133 20.0003 0)
(0.0779154 20.0004 0)
(0.077917 20.0005 0)
(0.0779182 20.0005 0)
(0.0779191 20.0005 0)
(0.0779199 20.0006 0)
(0.0779204 20.0006 0)
(0.0779208 20.0006 0)
(0.0779211 20.0006 0)
(0.0779214 20.0006 0)
(0.0779216 20.0006 0)
(0.0779217 20.0006 0)
(0.0779218 20.0006 0)
(0.0779218 20.0006 0)
(0.0779219 20.0006 0)
(0.0779219 20.0006 0)
(0.0779219 20.0006 0)
(0.077922 20.0006 0)
(0.077922 20.0006 0)
(0.077922 20.0006 0)
(0.077922 20.0006 0)
(0.077922 20.0006 0)
(0.0779221 20.0006 0)
(0.0779221 20.0006 0)
(0.0779221 20.0006 0)
(0.0779221 20.0006 0)
(0.0779221 20.0006 0)
(0.0779221 20.0006 0)
(0.0779221 20.0006 0)
(0.0779221 20.0006 0)
(0.0779221 20.0006 0)
(0.0779221 20.0006 0)
(0.0779221 20.0006 0)
(0.0779221 20.0006 0)
(0.0779221 20.0006 0)
(0.0779221 20.0006 0)
(0.0779221 20.0006 0)
(0.0779221 20.0006 0)
(0.0779221 20.0006 0)
(0.0779221 20.0006 0)
(0.0779221 20.0006 0)
(0.0779221 20.0006 0)
(0.0779221 20.0006 0)
(0.0779221 20.0006 0)
(0.0779222 20.0006 0)
(0.0779222 20.0006 0)
(0.0779222 20.0006 0)
(0.0779223 20.0006 0)
(0.0779224 20.0006 0)
(0.0779225 20.0006 0)
(0.0779227 20.0006 0)
(0.077923 20.0006 0)
(0.0779234 20.0006 0)
(0.0779241 20.0006 0)
(0.0779251 20.0006 0)
(0.0779266 20.0006 0)
(0.0779289 20.0005 0)
(0.0779325 20.0005 0)
(0.077938 20.0004 0)
(0.0779467 20.0002 0)
(0.0779611 20 0)
(0.0779852 19.9997 0)
(0.0780274 19.9992 0)
(0.0781019 19.9985 0)
(0.0782388 19.9973 0)
(0.0784781 19.9954 0)
(0.0789174 19.9924 0)
(0.0795637 19.988 0)
(0.0804879 19.984 0)
(0.0208235 19.5093 0)
(0.0211782 19.561 0)
(0.0223088 19.6396 0)
(0.0232423 19.714 0)
(0.0238805 19.7736 0)
(0.0243269 19.8199 0)
(0.0246478 19.8564 0)
(0.0249044 19.8855 0)
(0.0251085 19.9088 0)
(0.0252764 19.9275 0)
(0.0254131 19.9425 0)
(0.025525 19.9545 0)
(0.0256159 19.9641 0)
(0.0256895 19.9717 0)
(0.0257487 19.9778 0)
(0.0257962 19.9827 0)
(0.0258341 19.9865 0)
(0.0258642 19.9896 0)
(0.0258881 19.992 0)
(0.025907 19.9939 0)
(0.0259218 19.9954 0)
(0.0259335 19.9965 0)
(0.0259426 19.9975 0)
(0.0259497 19.9982 0)
(0.0259553 19.9987 0)
(0.0259596 19.9992 0)
(0.0259629 19.9995 0)
(0.0259655 19.9998 0)
(0.0259675 20 0)
(0.025969 20.0001 0)
(0.0259702 20.0003 0)
(0.0259711 20.0003 0)
(0.0259718 20.0004 0)
(0.0259723 20.0005 0)
(0.0259727 20.0005 0)
(0.025973 20.0005 0)
(0.0259733 20.0006 0)
(0.0259735 20.0006 0)
(0.0259736 20.0006 0)
(0.0259737 20.0006 0)
(0.0259738 20.0006 0)
(0.0259739 20.0006 0)
(0.0259739 20.0006 0)
(0.0259739 20.0006 0)
(0.0259739 20.0006 0)
(0.025974 20.0006 0)
(0.025974 20.0006 0)
(0.025974 20.0006 0)
(0.025974 20.0006 0)
(0.025974 20.0006 0)
(0.025974 20.0006 0)
(0.025974 20.0006 0)
(0.025974 20.0006 0)
(0.025974 20.0006 0)
(0.025974 20.0006 0)
(0.025974 20.0006 0)
(0.025974 20.0006 0)
(0.025974 20.0006 0)
(0.025974 20.0006 0)
(0.025974 20.0006 0)
(0.025974 20.0006 0)
(0.025974 20.0006 0)
(0.025974 20.0006 0)
(0.025974 20.0006 0)
(0.025974 20.0006 0)
(0.025974 20.0006 0)
(0.025974 20.0006 0)
(0.025974 20.0006 0)
(0.025974 20.0006 0)
(0.025974 20.0006 0)
(0.025974 20.0006 0)
(0.025974 20.0006 0)
(0.0259741 20.0006 0)
(0.0259741 20.0006 0)
(0.0259741 20.0006 0)
(0.0259741 20.0006 0)
(0.0259741 20.0006 0)
(0.0259741 20.0006 0)
(0.0259741 20.0006 0)
(0.0259741 20.0006 0)
(0.0259742 20.0006 0)
(0.0259742 20.0006 0)
(0.0259743 20.0006 0)
(0.0259745 20.0006 0)
(0.0259747 20.0006 0)
(0.025975 20.0006 0)
(0.0259756 20.0006 0)
(0.0259763 20.0005 0)
(0.0259775 20.0005 0)
(0.0259793 20.0004 0)
(0.0259823 20.0002 0)
(0.0259871 20 0)
(0.0259952 19.9997 0)
(0.0260094 19.9992 0)
(0.0260345 19.9985 0)
(0.0260806 19.9973 0)
(0.0261612 19.9953 0)
(0.0263089 19.9923 0)
(0.0265259 19.9878 0)
(0.0268355 19.9837 0)
(-0.0208226 19.5093 0)
(-0.021177 19.561 0)
(-0.0223075 19.6396 0)
(-0.023241 19.714 0)
(-0.0238794 19.7736 0)
(-0.0243261 19.8199 0)
(-0.0246476 19.8564 0)
(-0.0249049 19.8855 0)
(-0.0251097 19.9088 0)
(-0.0252782 19.9275 0)
(-0.0254153 19.9425 0)
(-0.0255273 19.9545 0)
(-0.0256182 19.9641 0)
(-0.0256916 19.9717 0)
(-0.0257506 19.9778 0)
(-0.0257977 19.9827 0)
(-0.0258353 19.9865 0)
(-0.0258651 19.9896 0)
(-0.0258887 19.992 0)
(-0.0259073 19.9939 0)
(-0.025922 19.9954 0)
(-0.0259335 19.9965 0)
(-0.0259425 19.9975 0)
(-0.0259496 19.9982 0)
(-0.0259551 19.9987 0)
(-0.0259594 19.9992 0)
(-0.0259628 19.9995 0)
(-0.0259654 19.9998 0)
(-0.0259674 20 0)
(-0.0259689 20.0001 0)
(-0.0259701 20.0003 0)
(-0.0259711 20.0003 0)
(-0.0259718 20.0004 0)
(-0.0259723 20.0005 0)
(-0.0259727 20.0005 0)
(-0.025973 20.0005 0)
(-0.0259733 20.0006 0)
(-0.0259734 20.0006 0)
(-0.0259736 20.0006 0)
(-0.0259737 20.0006 0)
(-0.0259737 20.0006 0)
(-0.0259738 20.0006 0)
(-0.0259739 20.0006 0)
(-0.0259739 20.0006 0)
(-0.025974 20.0006 0)
(-0.025974 20.0006 0)
(-0.025974 20.0006 0)
(-0.025974 20.0006 0)
(-0.025974 20.0006 0)
(-0.025974 20.0006 0)
(-0.025974 20.0006 0)
(-0.025974 20.0006 0)
(-0.025974 20.0006 0)
(-0.025974 20.0006 0)
(-0.025974 20.0006 0)
(-0.025974 20.0006 0)
(-0.025974 20.0006 0)
(-0.025974 20.0006 0)
(-0.025974 20.0006 0)
(-0.025974 20.0006 0)
(-0.025974 20.0006 0)
(-0.025974 20.0006 0)
(-0.025974 20.0006 0)
(-0.025974 20.0006 0)
(-0.025974 20.0006 0)
(-0.025974 20.0006 0)
(-0.025974 20.0006 0)
(-0.025974 20.0006 0)
(-0.025974 20.0006 0)
(-0.025974 20.0006 0)
(-0.025974 20.0006 0)
(-0.025974 20.0006 0)
(-0.025974 20.0006 0)
(-0.025974 20.0006 0)
(-0.025974 20.0006 0)
(-0.025974 20.0006 0)
(-0.025974 20.0006 0)
(-0.025974 20.0006 0)
(-0.0259741 20.0006 0)
(-0.0259741 20.0006 0)
(-0.0259741 20.0006 0)
(-0.0259742 20.0006 0)
(-0.0259743 20.0006 0)
(-0.0259745 20.0006 0)
(-0.0259747 20.0006 0)
(-0.025975 20.0006 0)
(-0.0259756 20.0006 0)
(-0.0259763 20.0005 0)
(-0.0259775 20.0005 0)
(-0.0259794 20.0004 0)
(-0.0259824 20.0002 0)
(-0.0259872 20 0)
(-0.0259953 19.9997 0)
(-0.0260095 19.9992 0)
(-0.0260345 19.9985 0)
(-0.0260806 19.9973 0)
(-0.0261611 19.9953 0)
(-0.0263087 19.9923 0)
(-0.0265257 19.9878 0)
(-0.0268353 19.9837 0)
(-0.0624861 19.5112 0)
(-0.0635632 19.5633 0)
(-0.0669651 19.6418 0)
(-0.0697657 19.7158 0)
(-0.0716745 19.7751 0)
(-0.0730086 19.8211 0)
(-0.0739672 19.8573 0)
(-0.074734 19.8862 0)
(-0.075344 19.9094 0)
(-0.075846 19.9279 0)
(-0.0762543 19.9428 0)
(-0.0765883 19.9548 0)
(-0.0768591 19.9643 0)
(-0.0770781 19.9719 0)
(-0.0772542 19.978 0)
(-0.0773951 19.9828 0)
(-0.0775074 19.9866 0)
(-0.0775966 19.9896 0)
(-0.0776673 19.992 0)
(-0.077723 19.9939 0)
(-0.0777669 19.9954 0)
(-0.0778014 19.9966 0)
(-0.0778284 19.9975 0)
(-0.0778495 19.9982 0)
(-0.0778659 19.9987 0)
(-0.0778787 19.9992 0)
(-0.0778887 19.9995 0)
(-0.0778964 19.9998 0)
(-0.0779024 20 0)
(-0.077907 20.0001 0)
(-0.0779106 20.0003 0)
(-0.0779133 20.0003 0)
(-0.0779154 20.0004 0)
(-0.077917 20.0005 0)
(-0.0779182 20.0005 0)
(-0.0779191 20.0005 0)
(-0.0779198 20.0006 0)
(-0.0779204 20.0006 0)
(-0.0779208 20.0006 0)
(-0.0779211 20.0006 0)
(-0.0779213 20.0006 0)
(-0.0779215 20.0006 0)
(-0.0779216 20.0006 0)
(-0.0779218 20.0006 0)
(-0.0779219 20.0006 0)
(-0.0779219 20.0006 0)
(-0.077922 20.0006 0)
(-0.077922 20.0006 0)
(-0.077922 20.0006 0)
(-0.077922 20.0006 0)
(-0.0779221 20.0006 0)
(-0.0779221 20.0006 0)
(-0.0779221 20.0006 0)
(-0.0779221 20.0006 0)
(-0.0779221 20.0006 0)
(-0.0779221 20.0006 0)
(-0.0779221 20.0006 0)
(-0.0779221 20.0006 0)
(-0.0779221 20.0006 0)
(-0.0779221 20.0006 0)
(-0.0779221 20.0006 0)
(-0.0779221 20.0006 0)
(-0.0779221 20.0006 0)
(-0.0779221 20.0006 0)
(-0.0779221 20.0006 0)
(-0.0779221 20.0006 0)
(-0.0779221 20.0006 0)
(-0.0779221 20.0006 0)
(-0.0779221 20.0006 0)
(-0.0779221 20.0006 0)
(-0.0779221 20.0006 0)
(-0.0779221 20.0006 0)
(-0.0779221 20.0006 0)
(-0.0779221 20.0006 0)
(-0.0779221 20.0006 0)
(-0.0779221 20.0006 0)
(-0.0779221 20.0006 0)
(-0.0779222 20.0006 0)
(-0.0779222 20.0006 0)
(-0.0779223 20.0006 0)
(-0.0779225 20.0006 0)
(-0.0779227 20.0006 0)
(-0.077923 20.0006 0)
(-0.0779234 20.0006 0)
(-0.0779241 20.0006 0)
(-0.0779251 20.0006 0)
(-0.0779266 20.0006 0)
(-0.077929 20.0005 0)
(-0.0779325 20.0005 0)
(-0.077938 20.0004 0)
(-0.0779468 20.0002 0)
(-0.0779612 20 0)
(-0.0779853 19.9997 0)
(-0.0780275 19.9992 0)
(-0.0781019 19.9985 0)
(-0.0782387 19.9973 0)
(-0.078478 19.9954 0)
(-0.0789173 19.9924 0)
(-0.0795635 19.988 0)
(-0.0804877 19.984 0)
(-0.104202 19.5151 0)
(-0.106044 19.5679 0)
(-0.111748 19.6461 0)
(-0.116415 19.7193 0)
(-0.119575 19.7779 0)
(-0.12178 19.8233 0)
(-0.123359 19.8591 0)
(-0.124622 19.8876 0)
(-0.125626 19.9105 0)
(-0.126453 19.9289 0)
(-0.127125 19.9436 0)
(-0.127675 19.9554 0)
(-0.128121 19.9648 0)
(-0.128481 19.9723 0)
(-0.128771 19.9783 0)
(-0.129003 19.983 0)
(-0.129188 19.9868 0)
(-0.129335 19.9898 0)
(-0.129451 19.9921 0)
(-0.129543 19.994 0)
(-0.129615 19.9955 0)
(-0.129672 19.9966 0)
(-0.129716 19.9975 0)
(-0.129751 19.9982 0)
(-0.129778 19.9988 0)
(-0.129799 19.9992 0)
(-0.129815 19.9995 0)
(-0.129828 19.9998 0)
(-0.129838 20 0)
(-0.129845 20.0001 0)
(-0.129851 20.0003 0)
(-0.129856 20.0004 0)
(-0.129859 20.0004 0)
(-0.129862 20.0005 0)
(-0.129864 20.0005 0)
(-0.129865 20.0005 0)
(-0.129866 20.0006 0)
(-0.129867 20.0006 0)
(-0.129868 20.0006 0)
(-0.129869 20.0006 0)
(-0.129869 20.0006 0)
(-0.129869 20.0006 0)
(-0.129869 20.0006 0)
(-0.12987 20.0006 0)
(-0.12987 20.0006 0)
(-0.12987 20.0006 0)
(-0.12987 20.0006 0)
(-0.12987 20.0006 0)
(-0.12987 20.0006 0)
(-0.12987 20.0006 0)
(-0.12987 20.0006 0)
(-0.12987 20.0006 0)
(-0.12987 20.0006 0)
(-0.12987 20.0006 0)
(-0.12987 20.0006 0)
(-0.12987 20.0006 0)
(-0.12987 20.0006 0)
(-0.12987 20.0006 0)
(-0.12987 20.0006 0)
(-0.12987 20.0006 0)
(-0.12987 20.0006 0)
(-0.12987 20.0006 0)
(-0.12987 20.0006 0)
(-0.12987 20.0006 0)
(-0.12987 20.0006 0)
(-0.12987 20.0006 0)
(-0.12987 20.0006 0)
(-0.12987 20.0006 0)
(-0.12987 20.0006 0)
(-0.12987 20.0006 0)
(-0.12987 20.0006 0)
(-0.12987 20.0006 0)
(-0.12987 20.0006 0)
(-0.12987 20.0006 0)
(-0.12987 20.0006 0)
(-0.12987 20.0006 0)
(-0.12987 20.0006 0)
(-0.12987 20.0006 0)
(-0.12987 20.0006 0)
(-0.129871 20.0006 0)
(-0.129871 20.0006 0)
(-0.129871 20.0006 0)
(-0.129872 20.0006 0)
(-0.129872 20.0006 0)
(-0.129873 20.0006 0)
(-0.129875 20.0006 0)
(-0.129878 20.0006 0)
(-0.129881 20.0005 0)
(-0.129887 20.0005 0)
(-0.129896 20.0004 0)
(-0.129911 20.0002 0)
(-0.129934 20 0)
(-0.129974 19.9997 0)
(-0.130043 19.9993 0)
(-0.130164 19.9986 0)
(-0.130388 19.9974 0)
(-0.130779 19.9956 0)
(-0.131499 19.9927 0)
(-0.13256 19.9884 0)
(-0.134085 19.9846 0)
(-0.146009 19.521 0)
(-0.148687 19.5749 0)
(-0.156742 19.6526 0)
(-0.163274 19.7246 0)
(-0.167652 19.7821 0)
(-0.170698 19.8267 0)
(-0.172871 19.8618 0)
(-0.174608 19.8898 0)
(-0.175989 19.9123 0)
(-0.177125 19.9303 0)
(-0.178048 19.9447 0)
(-0.178804 19.9563 0)
(-0.179416 19.9655 0)
(-0.179911 19.9729 0)
(-0.180309 19.9787 0)
(-0.180628 19.9834 0)
(-0.180882 19.9871 0)
(-0.181084 19.99 0)
(-0.181243 19.9923 0)
(-0.181369 19.9942 0)
(-0.181469 19.9956 0)
(-0.181546 19.9967 0)
(-0.181607 19.9976 0)
(-0.181655 19.9983 0)
(-0.181692 19.9988 0)
(-0.181721 19.9992 0)
(-0.181743 19.9996 0)
(-0.181761 19.9998 0)
(-0.181774 20 0)
(-0.181784 20.0002 0)
(-0.181792 20.0003 0)
(-0.181799 20.0004 0)
(-0.181803 20.0004 0)
(-0.181807 20.0005 0)
(-0.18181 20.0005 0)
(-0.181812 20.0005 0)
(-0.181813 20.0006 0)
(-0.181814 20.0006 0)
(-0.181815 20.0006 0)
(-0.181816 20.0006 0)
(-0.181817 20.0006 0)
(-0.181817 20.0006 0)
(-0.181817 20.0006 0)
(-0.181817 20.0006 0)
(-0.181818 20.0006 0)
(-0.181818 20.0006 0)
(-0.181818 20.0006 0)
(-0.181818 20.0006 0)
(-0.181818 20.0006 0)
(-0.181818 20.0006 0)
(-0.181818 20.0006 0)
(-0.181818 20.0006 0)
(-0.181818 20.0006 0)
(-0.181818 20.0006 0)
(-0.181818 20.0006 0)
(-0.181818 20.0006 0)
(-0.181818 20.0006 0)
(-0.181818 20.0006 0)
(-0.181818 20.0006 0)
(-0.181818 20.0006 0)
(-0.181818 20.0006 0)
(-0.181818 20.0006 0)
(-0.181818 20.0006 0)
(-0.181818 20.0006 0)
(-0.181818 20.0006 0)
(-0.181818 20.0006 0)
(-0.181818 20.0006 0)
(-0.181818 20.0006 0)
(-0.181818 20.0006 0)
(-0.181818 20.0006 0)
(-0.181818 20.0006 0)
(-0.181818 20.0006 0)
(-0.181818 20.0006 0)
(-0.181818 20.0006 0)
(-0.181818 20.0006 0)
(-0.181818 20.0006 0)
(-0.181818 20.0006 0)
(-0.181818 20.0006 0)
(-0.181819 20.0006 0)
(-0.181819 20.0006 0)
(-0.181819 20.0006 0)
(-0.181819 20.0006 0)
(-0.18182 20.0006 0)
(-0.181821 20.0006 0)
(-0.181823 20.0006 0)
(-0.181825 20.0006 0)
(-0.181828 20.0006 0)
(-0.181834 20.0005 0)
(-0.181842 20.0005 0)
(-0.181854 20.0004 0)
(-0.181874 20.0003 0)
(-0.181906 20.0001 0)
(-0.181959 19.9998 0)
(-0.182053 19.9993 0)
(-0.182218 19.9986 0)
(-0.182522 19.9975 0)
(-0.183054 19.9958 0)
(-0.184036 19.993 0)
(-0.185489 19.9891 0)
(-0.187591 19.9854 0)
(-0.187948 19.5289 0)
(-0.191568 19.5843 0)
(-0.202041 19.6614 0)
(-0.21043 19.7317 0)
(-0.215977 19.7877 0)
(-0.219822 19.8311 0)
(-0.22255 19.8654 0)
(-0.224731 19.8927 0)
(-0.226462 19.9146 0)
(-0.227887 19.9321 0)
(-0.229045 19.9462 0)
(-0.229992 19.9574 0)
(-0.230759 19.9664 0)
(-0.231379 19.9736 0)
(-0.231878 19.9793 0)
(-0.232277 19.9839 0)
(-0.232595 19.9875 0)
(-0.232848 19.9903 0)
(-0.233048 19.9926 0)
(-0.233205 19.9943 0)
(-0.233329 19.9957 0)
(-0.233427 19.9968 0)
(-0.233503 19.9977 0)
(-0.233563 19.9984 0)
(-0.233609 19.9989 0)
(-0.233645 19.9993 0)
(-0.233673 19.9996 0)
(-0.233695 19.9998 0)
(-0.233711 20 0)
(-0.233724 20.0002 0)
(-0.233734 20.0003 0)
(-0.233742 20.0004 0)
(-0.233748 20.0004 0)
(-0.233752 20.0005 0)
(-0.233755 20.0005 0)
(-0.233758 20.0006 0)
(-0.23376 20.0006 0)
(-0.233762 20.0006 0)
(-0.233763 20.0006 0)
(-0.233764 20.0006 0)
(-0.233764 20.0006 0)
(-0.233765 20.0006 0)
(-0.233765 20.0006 0)
(-0.233765 20.0006 0)
(-0.233766 20.0006 0)
(-0.233766 20.0006 0)
(-0.233766 20.0006 0)
(-0.233766 20.0006 0)
(-0.233766 20.0006 0)
(-0.233766 20.0006 0)
(-0.233766 20.0006 0)
(-0.233766 20.0006 0)
(-0.233766 20.0006 0)
(-0.233766 20.0006 0)
(-0.233766 20.0006 0)
(-0.233766 20.0006 0)
(-0.233766 20.0006 0)
(-0.233766 20.0006 0)
(-0.233766 20.0006 0)
(-0.233766 20.0006 0)
(-0.233766 20.0006 0)
(-0.233766 20.0006 0)
(-0.233766 20.0006 0)
(-0.233766 20.0006 0)
(-0.233766 20.0006 0)
(-0.233766 20.0006 0)
(-0.233766 20.0006 0)
(-0.233766 20.0006 0)
(-0.233766 20.0006 0)
(-0.233766 20.0006 0)
(-0.233766 20.0006 0)
(-0.233766 20.0006 0)
(-0.233766 20.0006 0)
(-0.233766 20.0006 0)
(-0.233766 20.0006 0)
(-0.233766 20.0006 0)
(-0.233766 20.0006 0)
(-0.233766 20.0006 0)
(-0.233767 20.0006 0)
(-0.233767 20.0006 0)
(-0.233767 20.0006 0)
(-0.233768 20.0006 0)
(-0.233769 20.0006 0)
(-0.23377 20.0006 0)
(-0.233772 20.0006 0)
(-0.233775 20.0006 0)
(-0.233779 20.0006 0)
(-0.233785 20.0005 0)
(-0.233795 20.0005 0)
(-0.233811 20.0004 0)
(-0.233835 20.0003 0)
(-0.233875 20.0001 0)
(-0.233942 19.9998 0)
(-0.234058 19.9994 0)
(-0.234262 19.9987 0)
(-0.234636 19.9977 0)
(-0.235294 19.996 0)
(-0.236511 19.9935 0)
(-0.238324 19.9899 0)
(-0.24097 19.9866 0)
(-0.230066 19.5389 0)
(-0.234774 19.5961 0)
(-0.247742 19.6723 0)
(-0.257974 19.7405 0)
(-0.264621 19.7946 0)
(-0.269209 19.8366 0)
(-0.272443 19.8699 0)
(-0.275028 19.8963 0)
(-0.277077 19.9175 0)
(-0.278764 19.9344 0)
(-0.280134 19.948 0)
(-0.281254 19.9589 0)
(-0.282162 19.9676 0)
(-0.282896 19.9745 0)
(-0.283485 19.9801 0)
(-0.283957 19.9844 0)
(-0.284332 19.9879 0)
(-0.284631 19.9907 0)
(-0.284867 19.9929 0)
(-0.285053 19.9946 0)
(-0.2852 19.9959 0)
(-0.285315 19.997 0)
(-0.285405 19.9978 0)
(-0.285475 19.9984 0)
(-0.285529 19.999 0)
(-0.285572 19.9993 0)
(-0.285605 19.9996 0)
(-0.28563 19.9999 0)
(-0.28565 20.0001 0)
(-0.285665 20.0002 0)
(-0.285677 20.0003 0)
(-0.285686 20.0004 0)
(-0.285693 20.0004 0)
(-0.285698 20.0005 0)
(-0.285702 20.0005 0)
(-0.285705 20.0006 0)
(-0.285707 20.0006 0)
(-0.285709 20.0006 0)
(-0.28571 20.0006 0)
(-0.285711 20.0006 0)
(-0.285712 20.0006 0)
(-0.285712 20.0006 0)
(-0.285713 20.0006 0)
(-0.285713 20.0006 0)
(-0.285713 20.0006 0)
(-0.285714 20.0006 0)
(-0.285714 20.0006 0)
(-0.285714 20.0006 0)
(-0.285714 20.0006 0)
(-0.285714 20.0006 0)
(-0.285714 20.0006 0)
(-0.285714 20.0006 0)
(-0.285714 20.0006 0)
(-0.285714 20.0006 0)
(-0.285714 20.0006 0)
(-0.285714 20.0006 0)
(-0.285714 20.0006 0)
(-0.285714 20.0006 0)
(-0.285714 20.0006 0)
(-0.285714 20.0006 0)
(-0.285714 20.0006 0)
(-0.285714 20.0006 0)
(-0.285714 20.0006 0)
(-0.285714 20.0006 0)
(-0.285714 20.0006 0)
(-0.285714 20.0006 0)
(-0.285714 20.0006 0)
(-0.285714 20.0006 0)
(-0.285714 20.0006 0)
(-0.285714 20.0006 0)
(-0.285714 20.0006 0)
(-0.285714 20.0006 0)
(-0.285714 20.0006 0)
(-0.285714 20.0006 0)
(-0.285714 20.0006 0)
(-0.285714 20.0006 0)
(-0.285714 20.0006 0)
(-0.285715 20.0006 0)
(-0.285715 20.0006 0)
(-0.285715 20.0006 0)
(-0.285715 20.0006 0)
(-0.285716 20.0006 0)
(-0.285717 20.0006 0)
(-0.285719 20.0006 0)
(-0.285721 20.0006 0)
(-0.285724 20.0006 0)
(-0.285729 20.0006 0)
(-0.285737 20.0005 0)
(-0.285749 20.0005 0)
(-0.285767 20.0004 0)
(-0.285795 20.0003 0)
(-0.285842 20.0001 0)
(-0.28592 19.9998 0)
(-0.286054 19.9994 0)
(-0.286291 19.9988 0)
(-0.286726 19.9979 0)
(-0.28749 19.9964 0)
(-0.288911 19.9941 0)
(-0.291042 19.9909 0)
(-0.294187 19.9879 0)
(-0.272419 19.5511 0)
(-0.27841 19.6104 0)
(-0.293956 19.6853 0)
(-0.306 19.7509 0)
(-0.313656 19.8028 0)
(-0.318916 19.8432 0)
(-0.322594 19.8751 0)
(-0.325536 19.9005 0)
(-0.327864 19.9209 0)
(-0.329781 19.9372 0)
(-0.331336 19.9502 0)
(-0.332608 19.9607 0)
(-0.333638 19.969 0)
(-0.33447 19.9756 0)
(-0.335138 19.9809 0)
(-0.335673 19.9851 0)
(-0.336099 19.9885 0)
(-0.336437 19.9911 0)
(-0.336705 19.9932 0)
(-0.336915 19.9948 0)
(-0.337081 19.9961 0)
(-0.337211 19.9971 0)
(-0.337313 19.9979 0)
(-0.337392 19.9986 0)
(-0.337454 19.999 0)
(-0.337502 19.9994 0)
(-0.337539 19.9997 0)
(-0.337568 19.9999 0)
(-0.33759 20.0001 0)
(-0.337607 20.0002 0)
(-0.33762 20.0003 0)
(-0.33763 20.0004 0)
(-0.337638 20.0005 0)
(-0.337644 20.0005 0)
(-0.337648 20.0005 0)
(-0.337651 20.0006 0)
(-0.337654 20.0006 0)
(-0.337656 20.0006 0)
(-0.337657 20.0006 0)
(-0.337659 20.0006 0)
(-0.337659 20.0006 0)
(-0.33766 20.0006 0)
(-0.337661 20.0006 0)
(-0.337661 20.0006 0)
(-0.337661 20.0006 0)
(-0.337661 20.0006 0)
(-0.337662 20.0006 0)
(-0.337662 20.0006 0)
(-0.337662 20.0006 0)
(-0.337662 20.0006 0)
(-0.337662 20.0006 0)
(-0.337662 20.0006 0)
(-0.337662 20.0006 0)
(-0.337662 20.0006 0)
(-0.337662 20.0006 0)
(-0.337662 20.0006 0)
(-0.337662 20.0006 0)
(-0.337662 20.0006 0)
(-0.337662 20.0006 0)
(-0.337662 20.0006 0)
(-0.337662 20.0006 0)
(-0.337662 20.0006 0)
(-0.337662 20.0006 0)
(-0.337662 20.0006 0)
(-0.337662 20.0006 0)
(-0.337662 20.0006 0)
(-0.337662 20.0006 0)
(-0.337662 20.0006 0)
(-0.337662 20.0006 0)
(-0.337662 20.0006 0)
(-0.337662 20.0006 0)
(-0.337662 20.0006 0)
(-0.337662 20.0006 0)
(-0.337662 20.0006 0)
(-0.337662 20.0006 0)
(-0.337662 20.0006 0)
(-0.337662 20.0006 0)
(-0.337662 20.0006 0)
(-0.337663 20.0006 0)
(-0.337663 20.0006 0)
(-0.337663 20.0006 0)
(-0.337664 20.0006 0)
(-0.337665 20.0006 0)
(-0.337667 20.0006 0)
(-0.337669 20.0006 0)
(-0.337673 20.0006 0)
(-0.337679 20.0006 0)
(-0.337688 20.0005 0)
(-0.337701 20.0005 0)
(-0.337721 20.0004 0)
(-0.337753 20.0003 0)
(-0.337805 20.0001 0)
(-0.337892 19.9999 0)
(-0.338042 19.9995 0)
(-0.338304 19.9989 0)
(-0.338786 19.9981 0)
(-0.339635 19.9967 0)
(-0.341221 19.9948 0)
(-0.343618 19.992 0)
(-0.347206 19.9895 0)
(-0.315076 19.5657 0)
(-0.322602 19.6273 0)
(-0.340802 19.7006 0)
(-0.354606 19.763 0)
(-0.363154 19.8123 0)
(-0.369 19.8507 0)
(-0.373049 19.8812 0)
(-0.376291 19.9054 0)
(-0.378851 19.9248 0)
(-0.380959 19.9403 0)
(-0.38267 19.9527 0)
(-0.384067 19.9626 0)
(-0.385198 19.9706 0)
(-0.386112 19.9769 0)
(-0.386845 19.9819 0)
(-0.387432 19.9859 0)
(-0.387899 19.9891 0)
(-0.38827 19.9916 0)
(-0.388563 19.9936 0)
(-0.388794 19.9951 0)
(-0.388976 19.9964 0)
(-0.389118 19.9973 0)
(-0.389229 19.9981 0)
(-0.389316 19.9987 0)
(-0.389383 19.9991 0)
(-0.389436 19.9995 0)
(-0.389476 19.9998 0)
(-0.389507 20 0)
(-0.389531 20.0001 0)
(-0.38955 20.0002 0)
(-0.389564 20.0003 0)
(-0.389575 20.0004 0)
(-0.389583 20.0005 0)
(-0.38959 20.0005 0)
(-0.389594 20.0005 0)
(-0.389598 20.0006 0)
(-0.389601 20.0006 0)
(-0.389603 20.0006 0)
(-0.389605 20.0006 0)
(-0.389606 20.0006 0)
(-0.389607 20.0006 0)
(-0.389607 20.0006 0)
(-0.389608 20.0006 0)
(-0.389608 20.0006 0)
(-0.389609 20.0006 0)
(-0.389609 20.0006 0)
(-0.389609 20.0006 0)
(-0.389609 20.0006 0)
(-0.389609 20.0006 0)
(-0.389609 20.0006 0)
(-0.389609 20.0006 0)
(-0.389609 20.0006 0)
(-0.389609 20.0006 0)
(-0.389609 20.0006 0)
(-0.389609 20.0006 0)
(-0.389609 20.0006 0)
(-0.389609 20.0006 0)
(-0.389609 20.0006 0)
(-0.389609 20.0006 0)
(-0.389609 20.0006 0)
(-0.389609 20.0006 0)
(-0.389609 20.0006 0)
(-0.389609 20.0006 0)
(-0.389609 20.0006 0)
(-0.389609 20.0006 0)
(-0.389609 20.0006 0)
(-0.389609 20.0006 0)
(-0.389609 20.0006 0)
(-0.389609 20.0006 0)
(-0.389609 20.0006 0)
(-0.389609 20.0006 0)
(-0.389609 20.0006 0)
(-0.389609 20.0006 0)
(-0.389609 20.0006 0)
(-0.389609 20.0006 0)
(-0.38961 20.0006 0)
(-0.38961 20.0006 0)
(-0.38961 20.0006 0)
(-0.38961 20.0006 0)
(-0.38961 20.0006 0)
(-0.389611 20.0006 0)
(-0.389612 20.0006 0)
(-0.389613 20.0006 0)
(-0.389615 20.0006 0)
(-0.389618 20.0006 0)
(-0.389622 20.0006 0)
(-0.389628 20.0006 0)
(-0.389637 20.0005 0)
(-0.389652 20.0005 0)
(-0.389674 20.0004 0)
(-0.389709 20.0003 0)
(-0.389765 20.0002 0)
(-0.389858 19.9999 0)
(-0.390019 19.9996 0)
(-0.3903 19.9991 0)
(-0.390814 19.9983 0)
(-0.391723 19.9971 0)
(-0.393429 19.9955 0)
(-0.396034 19.9932 0)
(-0.399993 19.9912 0)
(-0.358122 19.5828 0)
(-0.367508 19.647 0)
(-0.388414 19.7179 0)
(-0.403895 19.7766 0)
(-0.413185 19.823 0)
(-0.419513 19.8592 0)
(-0.423847 19.888 0)
(-0.427324 19.9109 0)
(-0.430064 19.9292 0)
(-0.432322 19.9438 0)
(-0.434151 19.9555 0)
(-0.435645 19.9649 0)
(-0.436853 19.9723 0)
(-0.437829 19.9783 0)
(-0.438612 19.983 0)
(-0.439238 19.9868 0)
(-0.439736 19.9898 0)
(-0.440132 19.9922 0)
(-0.440444 19.994 0)
(-0.44069 19.9955 0)
(-0.440884 19.9966 0)
(-0.441035 19.9975 0)
(-0.441153 19.9983 0)
(-0.441245 19.9988 0)
(-0.441317 19.9992 0)
(-0.441372 19.9996 0)
(-0.441415 19.9998 0)
(-0.441448 20 0)
(-0.441474 20.0002 0)
(-0.441493 20.0003 0)
(-0.441508 20.0004 0)
(-0.44152 20.0004 0)
(-0.441528 20.0005 0)
(-0.441535 20.0005 0)
(-0.44154 20.0006 0)
(-0.441544 20.0006 0)
(-0.441547 20.0006 0)
(-0.441549 20.0006 0)
(-0.44155 20.0006 0)
(-0.441552 20.0006 0)
(-0.441553 20.0006 0)
(-0.441553 20.0006 0)
(-0.441554 20.0006 0)
(-0.441554 20.0006 0)
(-0.441555 20.0006 0)
(-0.441555 20.0006 0)
(-0.441555 20.0006 0)
(-0.441555 20.0006 0)
(-0.441555 20.0006 0)
(-0.441555 20.0006 0)
(-0.441555 20.0006 0)
(-0.441555 20.0006 0)
(-0.441555 20.0006 0)
(-0.441555 20.0006 0)
(-0.441555 20.0006 0)
(-0.441555 20.0006 0)
(-0.441555 20.0006 0)
(-0.441555 20.0006 0)
(-0.441555 20.0006 0)
(-0.441555 20.0006 0)
(-0.441555 20.0006 0)
(-0.441555 20.0006 0)
(-0.441555 20.0006 0)
(-0.441555 20.0006 0)
(-0.441555 20.0006 0)
(-0.441555 20.0006 0)
(-0.441555 20.0006 0)
(-0.441555 20.0006 0)
(-0.441555 20.0006 0)
(-0.441555 20.0006 0)
(-0.441555 20.0006 0)
(-0.441555 20.0006 0)
(-0.441556 20.0006 0)
(-0.441556 20.0006 0)
(-0.441556 20.0006 0)
(-0.441556 20.0006 0)
(-0.441556 20.0006 0)
(-0.441556 20.0006 0)
(-0.441556 20.0006 0)
(-0.441557 20.0006 0)
(-0.441557 20.0006 0)
(-0.441558 20.0006 0)
(-0.441559 20.0006 0)
(-0.441561 20.0006 0)
(-0.441564 20.0006 0)
(-0.441568 20.0006 0)
(-0.441575 20.0006 0)
(-0.441585 20.0006 0)
(-0.4416 20.0005 0)
(-0.441624 20.0004 0)
(-0.441661 20.0003 0)
(-0.44172 20.0002 0)
(-0.441817 20 0)
(-0.441985 19.9997 0)
(-0.442275 19.9992 0)
(-0.442807 19.9985 0)
(-0.443749 19.9976 0)
(-0.445527 19.9962 0)
(-0.448272 19.9945 0)
(-0.452516 19.9931 0)
(-0.401664 19.6027 0)
(-0.413323 19.6694 0)
(-0.436941 19.7373 0)
(-0.45397 19.7917 0)
(-0.463816 19.8348 0)
(-0.470503 19.8686 0)
(-0.475027 19.8955 0)
(-0.478667 19.9169 0)
(-0.481527 19.934 0)
(-0.483885 19.9477 0)
(-0.485794 19.9586 0)
(-0.487352 19.9673 0)
(-0.488611 19.9743 0)
(-0.489628 19.9798 0)
(-0.490443 19.9843 0)
(-0.491094 19.9878 0)
(-0.491612 19.9906 0)
(-0.492023 19.9928 0)
(-0.492348 19.9945 0)
(-0.492604 19.9959 0)
(-0.492804 19.9969 0)
(-0.492961 19.9978 0)
(-0.493084 19.9984 0)
(-0.493179 19.9989 0)
(-0.493253 19.9993 0)
(-0.49331 19.9996 0)
(-0.493354 19.9999 0)
(-0.493388 20.0001 0)
(-0.493414 20.0002 0)
(-0.493434 20.0003 0)
(-0.49345 20.0004 0)
(-0.493461 20.0005 0)
(-0.49347 20.0005 0)
(-0.493477 20.0005 0)
(-0.493482 20.0006 0)
(-0.493486 20.0006 0)
(-0.493489 20.0006 0)
(-0.493491 20.0006 0)
(-0.493493 20.0006 0)
(-0.493494 20.0006 0)
(-0.493495 20.0006 0)
(-0.493496 20.0006 0)
(-0.493496 20.0006 0)
(-0.493496 20.0006 0)
(-0.493497 20.0006 0)
(-0.493497 20.0006 0)
(-0.493497 20.0006 0)
(-0.493497 20.0006 0)
(-0.493497 20.0006 0)
(-0.493497 20.0006 0)
(-0.493498 20.0006 0)
(-0.493498 20.0006 0)
(-0.493498 20.0006 0)
(-0.493498 20.0006 0)
(-0.493498 20.0006 0)
(-0.493498 20.0006 0)
(-0.493498 20.0006 0)
(-0.493498 20.0006 0)
(-0.493498 20.0006 0)
(-0.493498 20.0006 0)
(-0.493498 20.0006 0)
(-0.493498 20.0006 0)
(-0.493498 20.0006 0)
(-0.493498 20.0006 0)
(-0.493498 20.0006 0)
(-0.493498 20.0006 0)
(-0.493498 20.0006 0)
(-0.493498 20.0006 0)
(-0.493498 20.0006 0)
(-0.493498 20.0006 0)
(-0.493498 20.0006 0)
(-0.493498 20.0006 0)
(-0.493498 20.0006 0)
(-0.493498 20.0006 0)
(-0.493498 20.0006 0)
(-0.493498 20.0006 0)
(-0.493498 20.0006 0)
(-0.493498 20.0006 0)
(-0.493498 20.0006 0)
(-0.493499 20.0006 0)
(-0.493499 20.0006 0)
(-0.4935 20.0006 0)
(-0.493502 20.0006 0)
(-0.493504 20.0006 0)
(-0.493507 20.0006 0)
(-0.493511 20.0006 0)
(-0.493518 20.0006 0)
(-0.493528 20.0006 0)
(-0.493544 20.0005 0)
(-0.493568 20.0005 0)
(-0.493606 20.0004 0)
(-0.493667 20.0002 0)
(-0.493766 20 0)
(-0.493935 19.9998 0)
(-0.494227 19.9993 0)
(-0.494761 19.9988 0)
(-0.495708 19.998 0)
(-0.497506 19.997 0)
(-0.500315 19.9959 0)
(-0.504741 19.995 0)
(-0.445843 19.6257 0)
(-0.460297 19.6947 0)
(-0.486541 19.7587 0)
(-0.50493 19.8082 0)
(-0.515105 19.8476 0)
(-0.522013 19.8787 0)
(-0.526619 19.9036 0)
(-0.530341 19.9234 0)
(-0.533257 19.9392 0)
(-0.535663 19.9518 0)
(-0.537607 19.9619 0)
(-0.539194 19.97 0)
(-0.540475 19.9764 0)
(-0.541508 19.9815 0)
(-0.542336 19.9856 0)
(-0.542998 19.9888 0)
(-0.543524 19.9914 0)
(-0.54394 19.9934 0)
(-0.544269 19.995 0)
(-0.544528 19.9963 0)
(-0.544731 19.9973 0)
(-0.54489 19.998 0)
(-0.545013 19.9986 0)
(-0.545109 19.9991 0)
(-0.545184 19.9995 0)
(-0.545241 19.9997 0)
(-0.545285 20 0)
(-0.545319 20.0001 0)
(-0.545346 20.0003 0)
(-0.545365 20.0003 0)
(-0.545381 20.0004 0)
(-0.545392 20.0005 0)
(-0.545401 20.0005 0)
(-0.545408 20.0006 0)
(-0.545413 20.0006 0)
(-0.545417 20.0006 0)
(-0.545419 20.0006 0)
(-0.545422 20.0006 0)
(-0.545423 20.0006 0)
(-0.545424 20.0006 0)
(-0.545425 20.0006 0)
(-0.545426 20.0006 0)
(-0.545427 20.0006 0)
(-0.545427 20.0006 0)
(-0.545427 20.0006 0)
(-0.545428 20.0006 0)
(-0.545428 20.0006 0)
(-0.545428 20.0006 0)
(-0.545428 20.0006 0)
(-0.545428 20.0006 0)
(-0.545428 20.0006 0)
(-0.545428 20.0006 0)
(-0.545428 20.0006 0)
(-0.545428 20.0006 0)
(-0.545428 20.0006 0)
(-0.545428 20.0006 0)
(-0.545428 20.0006 0)
(-0.545428 20.0006 0)
(-0.545428 20.0006 0)
(-0.545428 20.0006 0)
(-0.545428 20.0006 0)
(-0.545428 20.0006 0)
(-0.545428 20.0006 0)
(-0.545428 20.0006 0)
(-0.545428 20.0006 0)
(-0.545428 20.0006 0)
(-0.545428 20.0006 0)
(-0.545428 20.0006 0)
(-0.545428 20.0006 0)
(-0.545428 20.0006 0)
(-0.545428 20.0006 0)
(-0.545428 20.0006 0)
(-0.545428 20.0006 0)
(-0.545428 20.0006 0)
(-0.545428 20.0006 0)
(-0.545428 20.0006 0)
(-0.545428 20.0006 0)
(-0.545429 20.0006 0)
(-0.545429 20.0006 0)
(-0.545429 20.0006 0)
(-0.54543 20.0006 0)
(-0.545431 20.0006 0)
(-0.545432 20.0006 0)
(-0.545434 20.0006 0)
(-0.545437 20.0006 0)
(-0.545442 20.0006 0)
(-0.545448 20.0006 0)
(-0.545459 20.0006 0)
(-0.545475 20.0005 0)
(-0.545499 20.0005 0)
(-0.545537 20.0004 0)
(-0.545597 20.0003 0)
(-0.545696 20.0001 0)
(-0.545862 19.9999 0)
(-0.546148 19.9995 0)
(-0.546669 19.999 0)
(-0.547593 19.9984 0)
(-0.549357 19.9978 0)
(-0.552147 19.9972 0)
(-0.55663 19.9969 0)
(-0.490835 19.6523 0)
(-0.508734 19.7229 0)
(-0.537374 19.782 0)
(-0.556857 19.826 0)
(-0.567089 19.8614 0)
(-0.574062 19.8896 0)
(-0.578635 19.9123 0)
(-0.582352 19.9304 0)
(-0.585252 19.9448 0)
(-0.587648 19.9563 0)
(-0.589581 19.9655 0)
(-0.591157 19.9728 0)
(-0.592428 19.9787 0)
(-0.593453 19.9833 0)
(-0.594274 19.987 0)
(-0.594929 19.9899 0)
(-0.59545 19.9923 0)
(-0.595862 19.9941 0)
(-0.596187 19.9956 0)
(-0.596442 19.9967 0)
(-0.596642 19.9976 0)
(-0.596798 19.9983 0)
(-0.596919 19.9988 0)
(-0.597013 19.9993 0)
(-0.597086 19.9996 0)
(-0.597142 19.9998 0)
(-0.597186 20 0)
(-0.597219 20.0002 0)
(-0.597244 20.0003 0)
(-0.597263 20.0004 0)
(-0.597278 20.0004 0)
(-0.597289 20.0005 0)
(-0.597298 20.0005 0)
(-0.597304 20.0006 0)
(-0.597309 20.0006 0)
(-0.597313 20.0006 0)
(-0.597315 20.0006 0)
(-0.597317 20.0006 0)
(-0.597319 20.0006 0)
(-0.59732 20.0006 0)
(-0.597321 20.0006 0)
(-0.597322 20.0006 0)
(-0.597322 20.0006 0)
(-0.597322 20.0006 0)
(-0.597323 20.0006 0)
(-0.597323 20.0006 0)
(-0.597323 20.0006 0)
(-0.597323 20.0006 0)
(-0.597323 20.0006 0)
(-0.597323 20.0006 0)
(-0.597323 20.0006 0)
(-0.597323 20.0006 0)
(-0.597323 20.0006 0)
(-0.597323 20.0006 0)
(-0.597323 20.0006 0)
(-0.597323 20.0006 0)
(-0.597323 20.0006 0)
(-0.597323 20.0006 0)
(-0.597323 20.0006 0)
(-0.597323 20.0006 0)
(-0.597323 20.0006 0)
(-0.597323 20.0006 0)
(-0.597323 20.0006 0)
(-0.597323 20.0006 0)
(-0.597323 20.0006 0)
(-0.597323 20.0006 0)
(-0.597323 20.0006 0)
(-0.597323 20.0006 0)
(-0.597323 20.0006 0)
(-0.597323 20.0006 0)
(-0.597323 20.0006 0)
(-0.597323 20.0006 0)
(-0.597323 20.0006 0)
(-0.597323 20.0006 0)
(-0.597323 20.0006 0)
(-0.597324 20.0006 0)
(-0.597324 20.0006 0)
(-0.597324 20.0006 0)
(-0.597324 20.0006 0)
(-0.597324 20.0006 0)
(-0.597325 20.0006 0)
(-0.597326 20.0006 0)
(-0.597327 20.0006 0)
(-0.597329 20.0006 0)
(-0.597332 20.0006 0)
(-0.597337 20.0006 0)
(-0.597343 20.0006 0)
(-0.597353 20.0006 0)
(-0.597369 20.0005 0)
(-0.597393 20.0005 0)
(-0.59743 20.0004 0)
(-0.597489 20.0003 0)
(-0.597584 20.0002 0)
(-0.597743 19.9999 0)
(-0.598016 19.9996 0)
(-0.598508 19.9993 0)
(-0.599383 19.9988 0)
(-0.601058 19.9985 0)
(-0.603743 19.9985 0)
(-0.608134 19.9988 0)
(-0.536855 19.683 0)
(-0.558994 19.7541 0)
(-0.589564 19.8069 0)
(-0.609779 19.8448 0)
(-0.619753 19.876 0)
(-0.62662 19.9012 0)
(-0.631034 19.9216 0)
(-0.634654 19.9378 0)
(-0.637463 19.9508 0)
(-0.639788 19.9611 0)
(-0.641658 19.9693 0)
(-0.643183 19.9758 0)
(-0.644411 19.981 0)
(-0.6454 19.9852 0)
(-0.646191 19.9885 0)
(-0.646823 19.9911 0)
(-0.647323 19.9932 0)
(-0.64772 19.9948 0)
(-0.648032 19.9961 0)
(-0.648276 19.9971 0)
(-0.648468 19.9979 0)
(-0.648617 19.9986 0)
(-0.648732 19.9991 0)
(-0.648822 19.9994 0)
(-0.648891 19.9997 0)
(-0.648944 19.9999 0)
(-0.648985 20.0001 0)
(-0.649016 20.0002 0)
(-0.64904 20.0003 0)
(-0.649058 20.0004 0)
(-0.649072 20.0005 0)
(-0.649082 20.0005 0)
(-0.64909 20.0006 0)
(-0.649096 20.0006 0)
(-0.6491 20.0006 0)
(-0.649103 20.0006 0)
(-0.649106 20.0006 0)
(-0.649108 20.0006 0)
(-0.649109 20.0006 0)
(-0.64911 20.0006 0)
(-0.649111 20.0006 0)
(-0.649111 20.0006 0)
(-0.649112 20.0006 0)
(-0.649112 20.0006 0)
(-0.649112 20.0006 0)
(-0.649113 20.0006 0)
(-0.649113 20.0006 0)
(-0.649113 20.0006 0)
(-0.649113 20.0006 0)
(-0.649113 20.0006 0)
(-0.649113 20.0006 0)
(-0.649113 20.0006 0)
(-0.649113 20.0006 0)
(-0.649113 20.0006 0)
(-0.649113 20.0006 0)
(-0.649113 20.0006 0)
(-0.649113 20.0006 0)
(-0.649113 20.0006 0)
(-0.649113 20.0006 0)
(-0.649113 20.0006 0)
(-0.649113 20.0006 0)
(-0.649113 20.0006 0)
(-0.649113 20.0006 0)
(-0.649113 20.0006 0)
(-0.649113 20.0006 0)
(-0.649113 20.0006 0)
(-0.649113 20.0006 0)
(-0.649113 20.0006 0)
(-0.649113 20.0006 0)
(-0.649113 20.0006 0)
(-0.649113 20.0006 0)
(-0.649113 20.0006 0)
(-0.649113 20.0006 0)
(-0.649113 20.0006 0)
(-0.649113 20.0006 0)
(-0.649113 20.0006 0)
(-0.649113 20.0006 0)
(-0.649113 20.0006 0)
(-0.649114 20.0006 0)
(-0.649114 20.0006 0)
(-0.649115 20.0006 0)
(-0.649115 20.0006 0)
(-0.649117 20.0006 0)
(-0.649118 20.0006 0)
(-0.649121 20.0006 0)
(-0.649126 20.0006 0)
(-0.649132 20.0006 0)
(-0.649142 20.0006 0)
(-0.649156 20.0006 0)
(-0.649179 20.0005 0)
(-0.649214 20.0005 0)
(-0.64927 20.0004 0)
(-0.649359 20.0002 0)
(-0.649508 20 0)
(-0.64976 19.9998 0)
(-0.65021 19.9995 0)
(-0.651012 19.9992 0)
(-0.652546 19.9992 0)
(-0.655035 19.9997 0)
(-0.659159 20.0005 0)
(-0.584108 19.7185 0)
(-0.611425 19.7881 0)
(-0.643097 19.8331 0)
(-0.663566 19.8646 0)
(-0.672926 19.8913 0)
(-0.679509 19.9134 0)
(-0.683635 19.9313 0)
(-0.687059 19.9456 0)
(-0.689696 19.957 0)
(-0.691884 19.966 0)
(-0.693638 19.9732 0)
(-0.695068 19.9789 0)
(-0.696217 19.9835 0)
(-0.697142 19.9871 0)
(-0.697881 19.99 0)
(-0.69847 19.9923 0)
(-0.698937 19.9942 0)
(-0.699305 19.9956 0)
(-0.699595 19.9967 0)
(-0.699821 19.9976 0)
(-0.699998 19.9983 0)
(-0.700136 19.9988 0)
(-0.700242 19.9993 0)
(-0.700324 19.9996 0)
(-0.700387 19.9999 0)
(-0.700435 20 0)
(-0.700472 20.0002 0)
(-0.7005 20.0003 0)
(-0.700522 20.0004 0)
(-0.700538 20.0005 0)
(-0.70055 20.0005 0)
(-0.700559 20.0005 0)
(-0.700566 20.0006 0)
(-0.700571 20.0006 0)
(-0.700575 20.0006 0)
(-0.700578 20.0006 0)
(-0.70058 20.0006 0)
(-0.700582 20.0006 0)
(-0.700583 20.0006 0)
(-0.700584 20.0006 0)
(-0.700584 20.0006 0)
(-0.700585 20.0006 0)
(-0.700585 20.0006 0)
(-0.700585 20.0006 0)
(-0.700586 20.0007 0)
(-0.700586 20.0007 0)
(-0.700586 20.0007 0)
(-0.700586 20.0007 0)
(-0.700586 20.0007 0)
(-0.700586 20.0007 0)
(-0.700586 20.0007 0)
(-0.700586 20.0007 0)
(-0.700586 20.0007 0)
(-0.700586 20.0007 0)
(-0.700586 20.0007 0)
(-0.700586 20.0007 0)
(-0.700586 20.0007 0)
(-0.700586 20.0007 0)
(-0.700586 20.0007 0)
(-0.700586 20.0007 0)
(-0.700586 20.0007 0)
(-0.700586 20.0007 0)
(-0.700586 20.0007 0)
(-0.700586 20.0007 0)
(-0.700586 20.0007 0)
(-0.700586 20.0007 0)
(-0.700586 20.0007 0)
(-0.700586 20.0007 0)
(-0.700586 20.0007 0)
(-0.700586 20.0007 0)
(-0.700586 20.0007 0)
(-0.700586 20.0007 0)
(-0.700586 20.0007 0)
(-0.700586 20.0007 0)
(-0.700586 20.0007 0)
(-0.700586 20.0007 0)
(-0.700586 20.0007 0)
(-0.700586 20.0007 0)
(-0.700587 20.0007 0)
(-0.700587 20.0007 0)
(-0.700587 20.0006 0)
(-0.700588 20.0006 0)
(-0.700589 20.0006 0)
(-0.700591 20.0006 0)
(-0.700594 20.0006 0)
(-0.700597 20.0006 0)
(-0.700603 20.0006 0)
(-0.700612 20.0006 0)
(-0.700626 20.0006 0)
(-0.700647 20.0005 0)
(-0.700679 20.0005 0)
(-0.70073 20.0004 0)
(-0.700812 20.0003 0)
(-0.700946 20.0001 0)
(-0.701171 19.9999 0)
(-0.701569 19.9997 0)
(-0.702276 19.9996 0)
(-0.703621 19.9997 0)
(-0.705826 20.0007 0)
(-0.70948 20.002 0)
(-0.632607 19.7598 0)
(-0.666121 19.8246 0)
(-0.697518 19.8604 0)
(-0.71764 19.885 0)
(-0.726002 19.9072 0)
(-0.73212 19.9261 0)
(-0.735824 19.9415 0)
(-0.738952 19.9537 0)
(-0.741333 19.9634 0)
(-0.743315 19.9711 0)
(-0.744896 19.9773 0)
(-0.746185 19.9822 0)
(-0.747219 19.9861 0)
(-0.748051 19.9892 0)
(-0.748714 19.9916 0)
(-0.749241 19.9936 0)
(-0.749658 19.9951 0)
(-0.749986 19.9964 0)
(-0.750244 19.9973 0)
(-0.750445 19.9981 0)
(-0.750601 19.9987 0)
(-0.750721 19.9991 0)
(-0.750815 19.9995 0)
(-0.750886 19.9998 0)
(-0.750941 20 0)
(-0.750982 20.0002 0)
(-0.751014 20.0003 0)
(-0.751038 20.0004 0)
(-0.751056 20.0004 0)
(-0.75107 20.0005 0)
(-0.75108 20.0005 0)
(-0.751087 20.0006 0)
(-0.751093 20.0006 0)
(-0.751097 20.0006 0)
(-0.7511 20.0006 0)
(-0.751103 20.0006 0)
(-0.751104 20.0006 0)
(-0.751105 20.0006 0)
(-0.751106 20.0006 0)
(-0.751107 20.0006 0)
(-0.751108 20.0007 0)
(-0.751108 20.0007 0)
(-0.751108 20.0007 0)
(-0.751108 20.0007 0)
(-0.751109 20.0007 0)
(-0.751109 20.0007 0)
(-0.751109 20.0007 0)
(-0.751109 20.0007 0)
(-0.751109 20.0007 0)
(-0.751109 20.0007 0)
(-0.751109 20.0007 0)
(-0.751109 20.0007 0)
(-0.751109 20.0007 0)
(-0.751109 20.0007 0)
(-0.751109 20.0007 0)
(-0.751109 20.0007 0)
(-0.751109 20.0007 0)
(-0.751109 20.0007 0)
(-0.751109 20.0007 0)
(-0.751109 20.0007 0)
(-0.751109 20.0007 0)
(-0.751109 20.0007 0)
(-0.751109 20.0007 0)
(-0.751109 20.0007 0)
(-0.751109 20.0007 0)
(-0.751109 20.0007 0)
(-0.751109 20.0007 0)
(-0.751109 20.0007 0)
(-0.751109 20.0007 0)
(-0.751109 20.0007 0)
(-0.751109 20.0007 0)
(-0.751109 20.0007 0)
(-0.751109 20.0007 0)
(-0.751109 20.0007 0)
(-0.751109 20.0007 0)
(-0.751109 20.0007 0)
(-0.751109 20.0007 0)
(-0.751109 20.0007 0)
(-0.751109 20.0007 0)
(-0.75111 20.0007 0)
(-0.75111 20.0007 0)
(-0.751111 20.0007 0)
(-0.751112 20.0006 0)
(-0.751113 20.0006 0)
(-0.751115 20.0006 0)
(-0.751119 20.0006 0)
(-0.751124 20.0006 0)
(-0.751132 20.0006 0)
(-0.751144 20.0006 0)
(-0.751163 20.0006 0)
(-0.751191 20.0005 0)
(-0.751236 20.0005 0)
(-0.751308 20.0004 0)
(-0.751424 20.0002 0)
(-0.751618 20.0001 0)
(-0.751955 19.9999 0)
(-0.752551 19.9999 0)
(-0.75367 20.0002 0)
(-0.755507 20.0015 0)
(-0.758459 20.0031 0)
(-0.681502 19.8081 0)
(-0.722089 19.863 0)
(-0.751055 19.8881 0)
(-0.77011 19.906 0)
(-0.777085 19.9236 0)
(-0.782564 19.9392 0)
(-0.785716 19.9519 0)
(-0.788442 19.9621 0)
(-0.790481 19.9701 0)
(-0.792185 19.9764 0)
(-0.793537 19.9815 0)
(-0.794639 19.9855 0)
(-0.79552 19.9887 0)
(-0.796227 19.9913 0)
(-0.79679 19.9933 0)
(-0.797236 19.9949 0)
(-0.797588 19.9962 0)
(-0.797864 19.9972 0)
(-0.798079 19.998 0)
(-0.798246 19.9986 0)
(-0.798375 19.9991 0)
(-0.798474 19.9994 0)
(-0.79855 19.9997 0)
(-0.798608 20 0)
(-0.798652 20.0001 0)
(-0.798685 20.0003 0)
(-0.79871 20.0004 0)
(-0.798729 20.0004 0)
(-0.798743 20.0005 0)
(-0.798753 20.0006 0)
(-0.798761 20.0006 0)
(-0.798766 20.0006 0)
(-0.798771 20.0006 0)
(-0.798774 20.0006 0)
(-0.798776 20.0006 0)
(-0.798777 20.0007 0)
(-0.798778 20.0007 0)
(-0.798779 20.0007 0)
(-0.79878 20.0007 0)
(-0.79878 20.0007 0)
(-0.798781 20.0007 0)
(-0.798781 20.0007 0)
(-0.798781 20.0007 0)
(-0.798781 20.0007 0)
(-0.798781 20.0007 0)
(-0.798781 20.0007 0)
(-0.798781 20.0007 0)
(-0.798781 20.0007 0)
(-0.798781 20.0007 0)
(-0.798781 20.0007 0)
(-0.798781 20.0007 0)
(-0.798781 20.0007 0)
(-0.798781 20.0007 0)
(-0.798781 20.0007 0)
(-0.798781 20.0007 0)
(-0.798781 20.0007 0)
(-0.798781 20.0007 0)
(-0.798781 20.0007 0)
(-0.798781 20.0007 0)
(-0.798781 20.0007 0)
(-0.798781 20.0007 0)
(-0.798781 20.0007 0)
(-0.798781 20.0007 0)
(-0.798781 20.0007 0)
(-0.798781 20.0007 0)
(-0.798781 20.0007 0)
(-0.798781 20.0007 0)
(-0.798781 20.0007 0)
(-0.798781 20.0007 0)
(-0.798781 20.0007 0)
(-0.798781 20.0007 0)
(-0.798781 20.0007 0)
(-0.798781 20.0007 0)
(-0.798781 20.0007 0)
(-0.798781 20.0007 0)
(-0.798781 20.0007 0)
(-0.798781 20.0007 0)
(-0.798782 20.0007 0)
(-0.798782 20.0007 0)
(-0.798782 20.0007 0)
(-0.798782 20.0007 0)
(-0.798783 20.0007 0)
(-0.798784 20.0007 0)
(-0.798785 20.0007 0)
(-0.798787 20.0007 0)
(-0.79879 20.0007 0)
(-0.798794 20.0007 0)
(-0.798801 20.0006 0)
(-0.798811 20.0006 0)
(-0.798826 20.0006 0)
(-0.79885 20.0006 0)
(-0.798888 20.0005 0)
(-0.798948 20.0004 0)
(-0.799044 20.0003 0)
(-0.799202 20.0002 0)
(-0.799473 20.0001 0)
(-0.799949 20.0001 0)
(-0.800814 20.0006 0)
(-0.802217 20.002 0)
(-0.804221 20.0039 0)
(-0.726939 19.8651 0)
(-0.774707 19.9023 0)
(-0.798032 19.9157 0)
(-0.815209 19.9274 0)
(-0.820443 19.9405 0)
(-0.825128 19.9527 0)
(-0.8276 19.9627 0)
(-0.829823 19.9707 0)
(-0.831432 19.977 0)
(-0.83279 19.9819 0)
(-0.833855 19.9859 0)
(-0.834724 19.989 0)
(-0.835415 19.9915 0)
(-0.835968 19.9935 0)
(-0.836406 19.9951 0)
(-0.836752 19.9963 0)
(-0.837023 19.9973 0)
(-0.837234 19.9981 0)
(-0.837398 19.9987 0)
(-0.837524 19.9992 0)
(-0.83762 19.9996 0)
(-0.837693 19.9999 0)
(-0.837748 20.0001 0)
(-0.837789 20.0003 0)
(-0.83782 20.0004 0)
(-0.837843 20.0005 0)
(-0.83786 20.0006 0)
(-0.837872 20.0006 0)
(-0.837881 20.0007 0)
(-0.837887 20.0007 0)
(-0.837892 20.0007 0)
(-0.837895 20.0008 0)
(-0.837898 20.0008 0)
(-0.837899 20.0008 0)
(-0.8379 20.0008 0)
(-0.837901 20.0008 0)
(-0.837902 20.0008 0)
(-0.837902 20.0008 0)
(-0.837902 20.0008 0)
(-0.837903 20.0008 0)
(-0.837903 20.0008 0)
(-0.837903 20.0008 0)
(-0.837903 20.0008 0)
(-0.837903 20.0008 0)
(-0.837903 20.0008 0)
(-0.837903 20.0008 0)
(-0.837903 20.0008 0)
(-0.837903 20.0008 0)
(-0.837903 20.0008 0)
(-0.837903 20.0008 0)
(-0.837903 20.0008 0)
(-0.837903 20.0008 0)
(-0.837903 20.0008 0)
(-0.837903 20.0008 0)
(-0.837903 20.0008 0)
(-0.837903 20.0008 0)
(-0.837903 20.0008 0)
(-0.837903 20.0008 0)
(-0.837903 20.0008 0)
(-0.837903 20.0008 0)
(-0.837903 20.0008 0)
(-0.837903 20.0008 0)
(-0.837903 20.0008 0)
(-0.837903 20.0008 0)
(-0.837903 20.0008 0)
(-0.837903 20.0008 0)
(-0.837903 20.0008 0)
(-0.837903 20.0008 0)
(-0.837903 20.0008 0)
(-0.837903 20.0008 0)
(-0.837903 20.0008 0)
(-0.837903 20.0008 0)
(-0.837903 20.0008 0)
(-0.837903 20.0008 0)
(-0.837903 20.0008 0)
(-0.837903 20.0008 0)
(-0.837903 20.0008 0)
(-0.837903 20.0008 0)
(-0.837903 20.0008 0)
(-0.837903 20.0008 0)
(-0.837903 20.0008 0)
(-0.837904 20.0008 0)
(-0.837904 20.0008 0)
(-0.837905 20.0008 0)
(-0.837907 20.0008 0)
(-0.837909 20.0008 0)
(-0.837912 20.0008 0)
(-0.837917 20.0008 0)
(-0.837925 20.0008 0)
(-0.837937 20.0007 0)
(-0.837956 20.0007 0)
(-0.837985 20.0007 0)
(-0.838031 20.0006 0)
(-0.838105 20.0005 0)
(-0.838225 20.0005 0)
(-0.838428 20.0004 0)
(-0.83878 20.0005 0)
(-0.839384 20.0009 0)
(-0.840314 20.0024 0)
(-0.841163 20.0043 0)
(-0.755232 19.9322 0)
(-0.80794 19.9406 0)
(-0.8212 19.9425 0)
(-0.83564 19.9489 0)
(-0.838882 19.9578 0)
(-0.842635 19.9667 0)
(-0.844314 19.9739 0)
(-0.845937 19.9796 0)
(-0.847038 19.9841 0)
(-0.847986 19.9877 0)
(-0.848714 19.9905 0)
(-0.849309 19.9927 0)
(-0.849778 19.9945 0)
(-0.850151 19.9959 0)
(-0.850444 19.997 0)
(-0.850673 19.9979 0)
(-0.850851 19.9986 0)
(-0.850987 19.9992 0)
(-0.85109 19.9996 0)
(-0.851168 20 0)
(-0.851226 20.0002 0)
(-0.851269 20.0005 0)
(-0.851301 20.0006 0)
(-0.851323 20.0007 0)
(-0.851339 20.0008 0)
(-0.851351 20.0009 0)
(-0.851358 20.001 0)
(-0.851364 20.001 0)
(-0.851367 20.001 0)
(-0.851369 20.0011 0)
(-0.851371 20.0011 0)
(-0.851371 20.0011 0)
(-0.851372 20.0011 0)
(-0.851372 20.0011 0)
(-0.851372 20.0011 0)
(-0.851372 20.0011 0)
(-0.851372 20.0011 0)
(-0.851372 20.0011 0)
(-0.851371 20.0011 0)
(-0.851371 20.0011 0)
(-0.851371 20.0011 0)
(-0.851371 20.0011 0)
(-0.851371 20.0011 0)
(-0.851371 20.0011 0)
(-0.851371 20.0011 0)
(-0.851371 20.0011 0)
(-0.851371 20.0011 0)
(-0.851371 20.0011 0)
(-0.851371 20.0011 0)
(-0.851371 20.0011 0)
(-0.851371 20.0011 0)
(-0.851371 20.0011 0)
(-0.851371 20.0011 0)
(-0.851371 20.0011 0)
(-0.851371 20.0011 0)
(-0.851371 20.0011 0)
(-0.851371 20.0011 0)
(-0.851371 20.0011 0)
(-0.851371 20.0011 0)
(-0.851371 20.0011 0)
(-0.851371 20.0011 0)
(-0.851371 20.0011 0)
(-0.851371 20.0011 0)
(-0.851371 20.0011 0)
(-0.851371 20.0011 0)
(-0.851371 20.0011 0)
(-0.851371 20.0011 0)
(-0.851371 20.0011 0)
(-0.851371 20.0011 0)
(-0.851371 20.0011 0)
(-0.851371 20.0011 0)
(-0.851371 20.0011 0)
(-0.851371 20.0011 0)
(-0.851371 20.0011 0)
(-0.851371 20.0011 0)
(-0.851371 20.0011 0)
(-0.851371 20.0011 0)
(-0.851371 20.0011 0)
(-0.851371 20.0011 0)
(-0.851371 20.0011 0)
(-0.851371 20.0011 0)
(-0.851371 20.0011 0)
(-0.851372 20.0011 0)
(-0.851372 20.0011 0)
(-0.851373 20.0011 0)
(-0.851374 20.0011 0)
(-0.851376 20.0011 0)
(-0.85138 20.0011 0)
(-0.851385 20.0011 0)
(-0.851393 20.0011 0)
(-0.851405 20.0011 0)
(-0.851425 20.001 0)
(-0.851456 20.001 0)
(-0.851507 20.0009 0)
(-0.851589 20.0009 0)
(-0.851725 20.0008 0)
(-0.851959 20.0009 0)
(-0.852312 20.0014 0)
(-0.852787 20.0026 0)
(-0.852464 20.0042 0)
(-0.720737 20.0007 0)
(-0.770224 19.9736 0)
(-0.768839 19.9673 0)
(-0.779632 19.9701 0)
(-0.780855 19.9751 0)
(-0.783524 19.9805 0)
(-0.784344 19.9848 0)
(-0.78529 19.9883 0)
(-0.785835 19.991 0)
(-0.786333 19.9931 0)
(-0.786694 19.9948 0)
(-0.786994 19.9962 0)
(-0.787223 19.9972 0)
(-0.787403 19.9981 0)
(-0.787541 19.9988 0)
(-0.787646 19.9993 0)
(-0.787724 19.9997 0)
(-0.787781 20 0)
(-0.787822 20.0003 0)
(-0.787851 20.0005 0)
(-0.78787 20.0007 0)
(-0.787882 20.0008 0)
(-0.78789 20.0009 0)
(-0.787894 20.001 0)
(-0.787895 20.001 0)
(-0.787895 20.0011 0)
(-0.787894 20.0011 0)
(-0.787893 20.0011 0)
(-0.787891 20.0011 0)
(-0.78789 20.0012 0)
(-0.787888 20.0012 0)
(-0.787886 20.0012 0)
(-0.787885 20.0012 0)
(-0.787884 20.0012 0)
(-0.787883 20.0012 0)
(-0.787882 20.0012 0)
(-0.787881 20.0012 0)
(-0.787881 20.0012 0)
(-0.78788 20.0012 0)
(-0.78788 20.0012 0)
(-0.78788 20.0012 0)
(-0.787879 20.0012 0)
(-0.787879 20.0012 0)
(-0.787879 20.0012 0)
(-0.787879 20.0012 0)
(-0.787879 20.0012 0)
(-0.787879 20.0012 0)
(-0.787879 20.0012 0)
(-0.787879 20.0012 0)
(-0.787879 20.0012 0)
(-0.787879 20.0012 0)
(-0.787879 20.0012 0)
(-0.787879 20.0012 0)
(-0.787879 20.0012 0)
(-0.787879 20.0012 0)
(-0.787879 20.0012 0)
(-0.787879 20.0012 0)
(-0.787879 20.0012 0)
(-0.787879 20.0012 0)
(-0.787879 20.0012 0)
(-0.787879 20.0012 0)
(-0.787879 20.0012 0)
(-0.787879 20.0012 0)
(-0.787879 20.0012 0)
(-0.787879 20.0012 0)
(-0.787879 20.0012 0)
(-0.787879 20.0012 0)
(-0.787879 20.0012 0)
(-0.787879 20.0012 0)
(-0.787879 20.0012 0)
(-0.787879 20.0012 0)
(-0.787879 20.0012 0)
(-0.787879 20.0012 0)
(-0.787879 20.0012 0)
(-0.787879 20.0012 0)
(-0.787879 20.0012 0)
(-0.787879 20.0012 0)
(-0.787879 20.0012 0)
(-0.787879 20.0012 0)
(-0.787879 20.0012 0)
(-0.787879 20.0012 0)
(-0.787879 20.0012 0)
(-0.787879 20.0012 0)
(-0.787879 20.0012 0)
(-0.787879 20.0012 0)
(-0.78788 20.0012 0)
(-0.787881 20.0012 0)
(-0.787882 20.0012 0)
(-0.787885 20.0012 0)
(-0.787888 20.0012 0)
(-0.787894 20.0012 0)
(-0.787904 20.0011 0)
(-0.787921 20.0011 0)
(-0.787947 20.0011 0)
(-0.787993 20.001 0)
(-0.788067 20.001 0)
(-0.788196 20.0011 0)
(-0.788338 20.0014 0)
(-0.788458 20.0022 0)
(-0.787402 20.0032 0)
(-0.473699 20.0304 0)
(-0.499771 19.9951 0)
(-0.486465 19.9891 0)
(-0.492104 19.9897 0)
(-0.491811 19.9913 0)
(-0.49307 19.9931 0)
(-0.493117 19.9946 0)
(-0.493373 19.9957 0)
(-0.493418 19.9966 0)
(-0.493499 19.9973 0)
(-0.493535 19.9979 0)
(-0.493569 19.9983 0)
(-0.493589 19.9987 0)
(-0.493602 19.999 0)
(-0.493607 19.9992 0)
(-0.493609 19.9994 0)
(-0.493606 19.9995 0)
(-0.4936 19.9996 0)
(-0.493593 19.9997 0)
(-0.493584 19.9998 0)
(-0.493576 19.9998 0)
(-0.493567 19.9999 0)
(-0.493559 19.9999 0)
(-0.493551 19.9999 0)
(-0.493544 19.9999 0)
(-0.493538 20 0)
(-0.493532 20 0)
(-0.493528 20 0)
(-0.493524 20 0)
(-0.49352 20 0)
(-0.493518 20 0)
(-0.493515 20 0)
(-0.493513 20 0)
(-0.493512 20 0)
(-0.493511 20 0)
(-0.49351 20 0)
(-0.493509 20 0)
(-0.493508 20 0)
(-0.493508 20 0)
(-0.493508 20 0)
(-0.493507 20 0)
(-0.493507 20 0)
(-0.493507 20 0)
(-0.493507 20 0)
(-0.493507 20 0)
(-0.493507 20 0)
(-0.493506 20 0)
(-0.493506 20 0)
(-0.493506 20 0)
(-0.493506 20 0)
(-0.493506 20 0)
(-0.493506 20 0)
(-0.493506 20 0)
(-0.493506 20 0)
(-0.493506 20 0)
(-0.493506 20 0)
(-0.493506 20 0)
(-0.493506 20 0)
(-0.493506 20 0)
(-0.493506 20 0)
(-0.493506 20 0)
(-0.493506 20 0)
(-0.493506 20 0)
(-0.493506 20 0)
(-0.493506 20 0)
(-0.493506 20 0)
(-0.493506 20 0)
(-0.493506 20 0)
(-0.493506 20 0)
(-0.493506 20 0)
(-0.493506 20 0)
(-0.493506 20 0)
(-0.493506 20 0)
(-0.493506 20 0)
(-0.493506 20 0)
(-0.493506 20 0)
(-0.493506 20 0)
(-0.493506 20 0)
(-0.493506 20 0)
(-0.493506 20 0)
(-0.493506 20 0)
(-0.493506 20 0)
(-0.493506 20 0)
(-0.493506 20 0)
(-0.493506 20 0)
(-0.493506 20 0)
(-0.493506 20 0)
(-0.493506 20 0)
(-0.493506 20 0)
(-0.493506 20 0)
(-0.493507 20 0)
(-0.493508 20 0)
(-0.493511 20 0)
(-0.493516 20 0)
(-0.493528 20 0)
(-0.493549 19.9999 0)
(-0.493591 20 0)
(-0.493595 20.0001 0)
(-0.493551 20.0004 0)
(-0.492789 20.0007 0)
)
;

boundaryField
{
    inlet
    {
        type            zeroGradient;
    }
    outlet
    {
        type            zeroGradient;
    }
    lowerWall
    {
        type            fixedValue;
        value           uniform (0 20 0);
    }
    upperWall
    {
        type            fixedValue;
        value           uniform (0 20 0);
    }
    frontAndBack
    {
        type            empty;
    }
}


// ************************************************************************* //
