/*--------------------------------*- C++ -*----------------------------------*\
  =========                 |
  \\      /  F ield         | OpenFOAM: The Open Source CFD Toolbox
   \\    /   O peration     | Website:  https://openfoam.org
    \\  /    A nd           | Version:  7
     \\/     M anipulation  |
\*---------------------------------------------------------------------------*/
FoamFile
{
    version     2.0;
    format      ascii;
    class       surfaceScalarField;
    location    "1.5";
    object      phi;
}
// * * * * * * * * * * * * * * * * * * * * * * * * * * * * * * * * * * * * * //

dimensions      [0 3 -1 0 0 0 0];

internalField   nonuniform List<scalar> 
7860
(
0.00283437
0.00216563
0.00262126
0.000213111
0.00260891
1.23488e-05
0.00260641
2.49173e-06
0.00260914
-2.72392e-06
0.00260787
1.26559e-06
0.00260678
1.09692e-06
0.00260521
1.57002e-06
0.00260398
1.22463e-06
0.00260289
1.09183e-06
0.00260201
8.77172e-07
0.00260127
7.40194e-07
0.00260066
6.11909e-07
0.00260014
5.15383e-07
0.00259971
4.33116e-07
0.00259934
3.66737e-07
0.00259903
3.10694e-07
0.00259877
2.65164e-07
0.00259854
2.25653e-07
0.00259835
1.91869e-07
0.00259819
1.62692e-07
0.00259805
1.37706e-07
0.00259793
1.16191e-07
0.00259784
9.73271e-08
0.00259776
8.06023e-08
0.00259769
6.74797e-08
0.00259763
5.54737e-08
0.00259759
4.58402e-08
0.00259755
3.69662e-08
0.00259752
3.01803e-08
0.0025975
2.4211e-08
0.00259748
1.9409e-08
0.00259746
1.55908e-08
0.00259745
1.24691e-08
0.00259744
9.81961e-09
0.00259743
8.14912e-09
0.00259742
6.02952e-09
0.00259742
5.3322e-09
0.00259742
3.92691e-09
0.00259741
3.34103e-09
0.00259741
2.19419e-09
0.00259741
1.8743e-09
0.00259741
1.38678e-09
0.00259741
1.30222e-09
0.0025974
7.45089e-10
0.0025974
6.07692e-10
0.0025974
2.59166e-10
0.0025974
7.22886e-10
0.0025974
6.00685e-11
0.0025974
2.8679e-10
0.0025974
3.54299e-12
0.0025974
3.68657e-10
0.0025974
1.47487e-10
0.0025974
2.46673e-10
0.0025974
-9.12293e-11
0.0025974
4.08512e-10
0.0025974
2.92029e-11
0.0025974
2.20203e-10
0.0025974
-4.82935e-11
0.0025974
3.79655e-10
0.0025974
1.58138e-12
0.0025974
1.97289e-10
0.0025974
-9.38924e-11
0.0025974
1.16618e-10
0.0025974
-1.62677e-10
0.0025974
6.50526e-11
0.0025974
-3.20576e-10
0.0025974
2.49006e-11
0.0025974
-2.54127e-10
0.0025974
-4.68319e-11
0.0025974
-2.57946e-10
0.0025974
8.36867e-11
0.0025974
-1.16578e-10
0.0025974
1.47105e-10
0.0025974
-8.85607e-11
0.0025974
1.77619e-10
0.0025974
5.38263e-11
0.0025974
3.11483e-10
0.0025974
9.36524e-11
0.0025974
4.57816e-10
0.0025974
4.70586e-10
0.0025974
8.99056e-10
0.0025974
1.05827e-09
0.0025974
1.71555e-09
0.00259739
2.41077e-09
0.00259739
3.65528e-09
0.00259739
4.93664e-09
0.00259738
7.2791e-09
0.00259737
1.01989e-08
0.00259735
1.43668e-08
0.00259733
1.9833e-08
0.00259731
2.65527e-08
0.00259727
3.38006e-08
0.00259724
3.78117e-08
0.0025972
3.35606e-08
0.00259718
2.26849e-08
0.00259708
1.01495e-07
0.00259638
6.95931e-07
0.00259378
2.60233e-06
-1.19034e-06
0.00456769
0.00259794
0.00437543
0.000405375
0.00434663
4.11453e-05
0.00434288
6.23874e-06
0.00434591
-5.74719e-06
0.00434439
2.78219e-06
0.00434277
2.71403e-06
0.00434057
3.76969e-06
0.00433878
3.01444e-06
0.0043372
2.67568e-06
0.00433591
2.16504e-06
0.00433483
1.82576e-06
0.00433392
1.51275e-06
0.00433316
1.27576e-06
0.00433252
1.07367e-06
0.00433198
9.11199e-07
0.00433151
7.7446e-07
0.00433111
6.62007e-07
0.00433078
5.65114e-07
0.00433049
4.82197e-07
0.00433024
4.10459e-07
0.00433003
3.48497e-07
0.00432985
2.9449e-07
0.0043297
2.48297e-07
0.00432957
2.0675e-07
0.00432947
1.73333e-07
0.00432938
1.43039e-07
0.00432931
1.18327e-07
0.00432925
9.60905e-08
0.0043292
7.85421e-08
0.00432916
6.34511e-08
0.00432913
5.12276e-08
0.0043291
4.11246e-08
0.00432908
3.33461e-08
0.00432906
2.61745e-08
0.00432905
2.19287e-08
0.00432904
1.66267e-08
0.00432903
1.41688e-08
0.00432903
1.05085e-08
0.00432902
8.79029e-09
0.00432902
6.19079e-09
0.00432901
5.22253e-09
0.00432901
3.72454e-09
0.00432901
3.3016e-09
0.00432901
1.94012e-09
0.00432901
1.96099e-09
0.00432901
7.17504e-10
0.00432901
1.57357e-09
0.00432901
2.95756e-10
0.00432901
7.91969e-10
0.00432901
2.04746e-10
0.00432901
7.85552e-10
0.00432901
2.77155e-10
0.004329
8.55423e-10
0.004329
-4.37091e-11
0.004329
8.691e-10
0.004329
1.79837e-10
0.004329
8.07672e-10
0.004329
8.15143e-12
0.004329
8.21867e-10
0.004329
-2.07818e-12
0.004329
4.70851e-10
0.004329
-2.2708e-10
0.004329
1.85994e-10
0.004329
-5.63748e-10
0.004329
6.82984e-11
0.004329
-7.57076e-10
0.004329
-1.08043e-10
0.004329
-6.66406e-10
0.004329
-1.74045e-11
0.004329
-5.346e-10
0.004329
2.30381e-10
0.004329
-2.40522e-10
0.004329
3.36739e-10
0.004329
-9.38624e-11
0.004329
4.60748e-10
0.004329
4.689e-11
0.004329
7.33505e-10
0.004329
3.36749e-10
0.004329
1.1354e-09
0.004329
1.16259e-09
0.004329
2.18051e-09
0.004329
2.7229e-09
0.004329
4.40146e-09
0.00432899
5.99851e-09
0.00432899
9.11462e-09
0.00432898
1.25223e-08
0.00432897
1.82819e-08
0.00432895
2.57108e-08
0.00432893
3.62163e-08
0.0043289
4.98477e-08
0.00432886
6.69923e-08
0.00432881
8.65581e-08
0.00432874
1.00493e-07
0.00432867
1.0504e-07
0.00432858
1.11455e-07
0.00432827
4.17098e-07
0.00432694
2.02796e-06
0.00432236
7.18197e-06
7.90981e-06
0.00507208
0.00252586
0.00495552
0.00052193
0.00492286
7.38071e-05
0.00492062
8.47757e-06
0.00492247
-7.59873e-06
0.00492134
3.91607e-06
0.00491968
4.36976e-06
0.00491762
5.83102e-06
0.00491587
4.76864e-06
0.00491433
4.20761e-06
0.00491307
3.42507e-06
0.00491201
2.88485e-06
0.00491113
2.39474e-06
0.00491039
2.01953e-06
0.00490976
1.70312e-06
0.00490922
1.44759e-06
0.00490876
1.23322e-06
0.00490837
1.05591e-06
0.00490803
9.03565e-07
0.00490774
7.7319e-07
0.00490749
6.60112e-07
0.00490728
5.62129e-07
0.00490709
4.76245e-07
0.00490694
4.03233e-07
0.00490681
3.37292e-07
0.0049067
2.83212e-07
0.00490661
2.34593e-07
0.00490653
1.94447e-07
0.00490647
1.58702e-07
0.00490642
1.30096e-07
0.00490638
1.05479e-07
0.00490634
8.55397e-08
0.00490631
6.87508e-08
0.00490629
5.6073e-08
0.00490627
4.41352e-08
0.00490626
3.68445e-08
0.00490625
2.83595e-08
0.00490624
2.37492e-08
0.00490623
1.78422e-08
0.00490622
1.48857e-08
0.00490622
1.08221e-08
0.00490622
9.03624e-09
0.00490621
6.36961e-09
0.00490621
5.50428e-09
0.00490621
3.30916e-09
0.00490621
3.41275e-09
0.00490621
1.24146e-09
0.00490621
2.22784e-09
0.00490621
5.55653e-10
0.00490621
1.2339e-09
0.00490621
3.90063e-10
0.00490621
1.11929e-09
0.00490621
3.48241e-10
0.00490621
1.50688e-09
0.00490621
1.59856e-10
0.0049062
1.29254e-09
0.0049062
3.99239e-10
0.0049062
1.42917e-09
0.0049062
1.14004e-10
0.0049062
1.15629e-09
0.0049062
-2.86344e-11
0.0049062
6.84153e-10
0.0049062
-3.62143e-10
0.0049062
2.21303e-10
0.0049062
-9.61754e-10
0.0049062
3.91067e-11
0.0049062
-1.07462e-09
0.0049062
-1.93054e-10
0.0049062
-9.6078e-10
0.0049062
1.04394e-10
0.0049062
-6.83523e-10
0.0049062
4.19168e-10
0.0049062
-2.75677e-10
0.0049062
5.28752e-10
0.0049062
-4.00208e-11
0.0049062
7.64415e-10
0.0049062
6.43864e-11
0.0049062
1.15879e-09
0.0049062
6.8694e-10
0.0049062
1.8489e-09
0.0049062
1.9358e-09
0.0049062
3.53417e-09
0.0049062
4.52229e-09
0.0049062
7.22136e-09
0.00490619
9.73127e-09
0.00490619
1.4694e-08
0.00490618
2.03432e-08
0.00490617
2.94545e-08
0.00490615
4.1378e-08
0.00490613
5.82181e-08
0.0049061
8.00768e-08
0.00490606
1.08065e-07
0.004906
1.41874e-07
0.00490593
1.70599e-07
0.00490584
2.01122e-07
0.00490569
2.57106e-07
0.00490522
8.91161e-07
0.0049036
3.64775e-06
0.00489776
1.30247e-05
2.27386e-05
0.00520996
0.00231591
0.00513965
0.000592234
0.00511259
0.000100868
0.00511148
9.59271e-06
0.00511258
-8.70286e-06
0.00511177
4.73063e-06
0.00511031
5.82018e-06
0.00510858
7.56136e-06
0.00510707
6.28091e-06
0.00510576
5.52177e-06
0.00510467
4.51427e-06
0.00510375
3.79982e-06
0.00510299
3.15891e-06
0.00510234
2.6657e-06
0.00510179
2.25145e-06
0.00510132
1.91602e-06
0.00510092
1.63553e-06
0.00510058
1.40287e-06
0.00510028
1.20306e-06
0.00510002
1.03208e-06
0.00509979
8.83475e-07
0.0050996
7.54493e-07
0.00509944
6.41065e-07
0.0050993
5.44562e-07
0.00509918
4.5723e-07
0.00509908
3.84623e-07
0.00509899
3.19707e-07
0.00509892
2.65706e-07
0.00509886
2.17683e-07
0.00509881
1.79001e-07
0.00509877
1.45516e-07
0.00509874
1.18414e-07
0.00509871
9.5367e-08
0.00509869
7.79933e-08
0.00509867
6.15897e-08
0.00509866
5.1163e-08
0.00509865
3.97558e-08
0.00509864
3.30925e-08
0.00509863
2.51654e-08
0.00509862
2.10382e-08
0.00509862
1.55267e-08
0.00509862
1.28748e-08
0.00509861
9.0702e-09
0.00509861
7.74393e-09
0.00509861
4.72071e-09
0.00509861
4.72401e-09
0.00509861
1.75589e-09
0.00509861
2.72884e-09
0.00509861
7.81292e-10
0.00509861
1.5518e-09
0.00509861
4.67647e-10
0.00509861
1.3787e-09
0.00509861
3.81778e-10
0.00509861
2.07811e-09
0.00509861
4.3301e-10
0.0050986
1.6813e-09
0.0050986
6.08142e-10
0.0050986
1.93534e-09
0.0050986
1.79685e-10
0.0050986
1.36168e-09
0.0050986
-9.18198e-11
0.0050986
8.18387e-10
0.0050986
-5.02175e-10
0.0050986
2.49587e-10
0.0050986
-1.26893e-09
0.0050986
4.11863e-11
0.0050986
-1.24203e-09
0.0050986
-1.5395e-10
0.0050986
-1.08933e-09
0.0050986
2.99981e-10
0.0050986
-7.11023e-10
0.0050986
6.2579e-10
0.0050986
-2.42358e-10
0.0050986
7.16771e-10
0.0050986
2.08925e-11
0.0050986
1.05555e-09
0.0050986
1.28916e-10
0.0050986
1.56321e-09
0.0050986
1.08729e-09
0.0050986
2.54414e-09
0.0050986
2.7279e-09
0.0050986
4.86046e-09
0.0050986
6.26142e-09
0.0050986
9.85601e-09
0.00509859
1.3225e-08
0.00509859
1.9816e-08
0.00509858
2.74888e-08
0.00509857
3.95244e-08
0.00509856
5.53567e-08
0.00509854
7.77978e-08
0.00509851
1.07124e-07
0.00509847
1.45296e-07
0.00509842
1.94024e-07
0.00509835
2.41607e-07
0.00509824
3.12332e-07
0.00509805
4.42153e-07
0.00509749
1.45879e-06
0.00509583
5.3009e-06
0.00508957
1.92886e-05
3.78144e-05
0.00523333
0.00208257
0.00519424
0.00063132
0.00517361
0.000121507
0.0051733
9.89806e-06
0.00517394
-9.34132e-06
0.00517343
5.23849e-06
0.00517226
6.98969e-06
0.0051709
8.92005e-06
0.00516969
7.49263e-06
0.00516864
6.5745e-06
0.00516776
5.39234e-06
0.00516702
4.53902e-06
0.0051664
3.77829e-06
0.00516588
3.18913e-06
0.00516543
2.69756e-06
0.00516505
2.29962e-06
0.00516472
1.9665e-06
0.00516443
1.68983e-06
0.00516418
1.45206e-06
0.00516396
1.24855e-06
0.00516377
1.07146e-06
0.00516361
9.17533e-07
0.00516347
7.81748e-07
0.00516335
6.65856e-07
0.00516325
5.60897e-07
0.00516316
4.72727e-07
0.00516308
3.94167e-07
0.00516302
3.28553e-07
0.00516297
2.69957e-07
0.00516293
2.22658e-07
0.00516289
1.8144e-07
0.00516286
1.48091e-07
0.00516284
1.19534e-07
0.00516282
9.79009e-08
0.0051628
7.75493e-08
0.00516279
6.41733e-08
0.00516278
5.02384e-08
0.00516277
4.17795e-08
0.00516276
3.20834e-08
0.00516276
2.68606e-08
0.00516275
1.99935e-08
0.00516275
1.6516e-08
0.00516275
1.17117e-08
0.00516274
9.91957e-09
0.00516274
6.10041e-09
0.00516274
5.90076e-09
0.00516274
2.30399e-09
0.00516274
3.17881e-09
0.00516274
1.01263e-09
0.00516274
1.79185e-09
0.00516274
4.69371e-10
0.00516274
1.60725e-09
0.00516274
3.94247e-10
0.00516274
2.51809e-09
0.00516274
7.19962e-10
0.00516274
2.0093e-09
0.00516274
7.31483e-10
0.00516274
2.27631e-09
0.00516274
1.80254e-10
0.00516274
1.45829e-09
0.00516274
-1.9115e-10
0.00516274
8.79795e-10
0.00516274
-6.47249e-10
0.00516274
2.86471e-10
0.00516274
-1.48045e-09
0.00516274
5.9657e-11
0.00516274
-1.30956e-09
0.00516274
-3.89901e-11
0.00516274
-1.13443e-09
0.00516274
4.9372e-10
0.00516274
-7.04012e-10
0.00516274
7.77033e-10
0.00516274
-2.2509e-10
0.00516274
8.41018e-10
0.00516274
2.09106e-11
0.00516274
1.27857e-09
0.00516274
1.93131e-10
0.00516274
1.89439e-09
0.00516274
1.46419e-09
0.00516274
3.17172e-09
0.00516274
3.46779e-09
0.00516274
6.06854e-09
0.00516273
7.80479e-09
0.00516273
1.21436e-08
0.00516273
1.62766e-08
0.00516272
2.42106e-08
0.00516272
3.35663e-08
0.00516271
4.79867e-08
0.0051627
6.69986e-08
0.00516268
9.41342e-08
0.00516266
1.29933e-07
0.00516263
1.77273e-07
0.00516258
2.40818e-07
0.00516251
3.10047e-07
0.00516239
4.3049e-07
0.00516219
6.49404e-07
0.0051616
2.04295e-06
0.00516004
6.86762e-06
0.00515415
2.51725e-05
5.09454e-05
0.00522263
0.00185995
0.0052066
0.000647342
0.0051919
0.000136212
0.00519214
9.6599e-06
0.00519249
-9.69879e-06
0.00519225
5.47768e-06
0.00519138
7.8609e-06
0.00519039
9.90709e-06
0.00518949
8.39828e-06
0.0051887
7.36108e-06
0.00518804
6.05462e-06
0.00518748
5.09816e-06
0.00518701
4.24922e-06
0.00518661
3.58877e-06
0.00518627
3.03988e-06
0.00518597
2.59543e-06
0.00518572
2.22327e-06
0.00518549
1.91392e-06
0.00518529
1.64772e-06
0.00518512
1.41979e-06
0.00518497
1.22132e-06
0.00518484
1.04853e-06
0.00518473
8.95587e-07
0.00518463
7.64577e-07
0.00518455
6.45936e-07
0.00518447
5.45462e-07
0.00518441
4.55895e-07
0.00518436
3.80857e-07
0.00518432
3.14005e-07
0.00518428
2.59697e-07
0.00518425
2.12138e-07
0.00518422
1.73567e-07
0.0051842
1.40399e-07
0.00518419
1.15105e-07
0.00518417
9.14291e-08
0.00518416
7.55073e-08
0.00518415
5.94324e-08
0.00518414
4.94855e-08
0.00518414
3.8246e-08
0.00518413
3.20273e-08
0.00518413
2.4028e-08
0.00518413
1.98206e-08
0.00518412
1.41919e-08
0.00518412
1.19489e-08
0.00518412
7.4225e-09
0.00518412
7.01381e-09
0.00518412
2.93425e-09
0.00518412
3.64136e-09
0.00518412
1.26341e-09
0.00518412
1.99836e-09
0.00518412
4.42887e-10
0.00518412
1.80425e-09
0.00518412
3.76148e-10
0.00518412
2.79773e-09
0.00518412
9.70961e-10
0.00518412
2.25485e-09
0.00518412
7.30191e-10
0.00518412
2.45553e-09
0.00518411
1.44318e-10
0.00518411
1.4934e-09
0.00518411
-2.99939e-10
0.00518411
8.87695e-10
0.00518411
-7.75604e-10
0.00518411
3.4747e-10
0.00518411
-1.61264e-09
0.00518411
6.19898e-11
0.00518411
-1.34922e-09
0.00518411
7.73095e-11
0.00518411
-1.18643e-09
0.00518412
5.89202e-10
0.00518412
-7.65571e-10
0.00518412
7.8331e-10
0.00518412
-3.13738e-10
0.00518412
8.28335e-10
0.00518412
-1.05804e-10
0.00518412
1.3736e-09
0.00518412
2.03185e-10
0.00518412
2.1087e-09
0.00518412
1.77234e-09
0.00518412
3.70598e-09
0.00518411
4.11423e-09
0.00518411
7.09799e-09
0.00518411
9.08788e-09
0.00518411
1.40086e-08
0.00518411
1.87774e-08
0.0051841
2.77462e-08
0.0051841
3.83958e-08
0.00518409
5.46557e-08
0.00518408
7.61248e-08
0.00518407
1.07026e-07
0.00518405
1.48227e-07
0.00518403
2.03533e-07
0.00518399
2.81202e-07
0.00518392
3.72632e-07
0.00518381
5.47666e-07
0.0051836
8.60052e-07
0.00518303
2.61342e-06
0.00518165
8.24664e-06
0.0051766
3.02175e-05
6.15783e-05
0.00520397
0.00165598
0.00520552
0.000645792
0.00519614
0.00014559
0.00519673
9.0696e-06
0.0051969
-9.87238e-06
0.00519689
5.48723e-06
0.00519631
8.44135e-06
0.00519567
1.05454e-05
0.00519506
9.00987e-06
0.00519453
7.89288e-06
0.00519407
6.50861e-06
0.00519369
5.48341e-06
0.00519336
4.57646e-06
0.00519308
3.8683e-06
0.00519284
3.28114e-06
0.00519263
2.80536e-06
0.00519245
2.40693e-06
0.00519229
2.07567e-06
0.00519214
1.79017e-06
0.00519202
1.54548e-06
0.00519191
1.33244e-06
0.00519181
1.14655e-06
0.00519172
9.81455e-07
0.00519165
8.39551e-07
0.00519158
7.11078e-07
0.00519153
6.01683e-07
0.00519148
5.03952e-07
0.00519144
4.21969e-07
0.0051914
3.48883e-07
0.00519138
2.89248e-07
0.00519135
2.36852e-07
0.00519133
1.94147e-07
0.00519131
1.57346e-07
0.0051913
1.29134e-07
0.00519129
1.02815e-07
0.00519128
8.48655e-08
0.00519127
6.7026e-08
0.00519126
5.58995e-08
0.00519126
4.33729e-08
0.00519126
3.63384e-08
0.00519125
2.74213e-08
0.00519125
2.26474e-08
0.00519125
1.63934e-08
0.00519125
1.37585e-08
0.00519124
8.6606e-09
0.00519124
8.07832e-09
0.00519124
3.62726e-09
0.00519124
4.11628e-09
0.00519124
1.51589e-09
0.00519124
2.18246e-09
0.00519124
4.01045e-10
0.00519124
1.95223e-09
0.00519124
3.30878e-10
0.00519124
2.91507e-09
0.00519124
1.15055e-09
0.00519124
2.43113e-09
0.00519124
6.35623e-10
0.00519124
2.52482e-09
0.00519124
1.2422e-10
0.00519124
1.5267e-09
0.00519124
-3.71647e-10
0.00519124
8.88168e-10
0.00519124
-8.55644e-10
0.00519124
4.43171e-10
0.00519124
-1.67991e-09
0.00519124
3.13472e-11
0.00519124
-1.41183e-09
0.00519124
1.38192e-10
0.00519124
-1.30844e-09
0.00519124
5.2118e-10
0.00519124
-9.61301e-10
0.00519124
5.98758e-10
0.00519124
-5.58647e-10
0.00519124
6.43419e-10
0.00519124
-3.8608e-10
0.00519124
1.31558e-09
0.00519124
1.46406e-10
0.00519124
2.20808e-09
0.00519124
2.00357e-09
0.00519124
4.15167e-09
0.00519124
4.6601e-09
0.00519124
7.92781e-09
0.00519124
1.00911e-08
0.00519124
1.54257e-08
0.00519124
2.06516e-08
0.00519123
3.03219e-08
0.00519123
4.19221e-08
0.00519122
5.95061e-08
0.00519122
8.27648e-08
0.00519121
1.16509e-07
0.00519119
1.61994e-07
0.00519117
2.23912e-07
0.00519114
3.14338e-07
0.00519109
4.27624e-07
0.00519098
6.57157e-07
0.00519078
1.06039e-06
0.00519026
3.13113e-06
0.00518913
9.37972e-06
0.00518513
3.42137e-05
6.96155e-05
0.00518539
0.00147059
0.00520057
0.000630607
0.0051959
0.000150258
0.0051967
8.27239e-06
0.00519673
-9.90582e-06
0.00519691
5.31085e-06
0.0051966
8.74971e-06
0.00519628
1.08649e-05
0.00519594
9.34687e-06
0.00519565
8.18686e-06
0.00519539
6.76663e-06
0.00519517
5.70468e-06
0.00519498
4.76756e-06
0.00519481
4.03346e-06
0.00519467
3.42574e-06
0.00519454
2.9329e-06
0.00519443
2.52009e-06
0.00519433
2.1769e-06
0.00519423
1.88068e-06
0.00519415
1.62638e-06
0.00519408
1.40507e-06
0.00519402
1.21155e-06
0.00519396
1.03905e-06
0.00519391
8.90369e-07
0.00519386
7.55798e-07
0.00519382
6.40832e-07
0.00519379
5.37795e-07
0.00519376
4.5128e-07
0.00519374
3.7401e-07
0.00519372
3.10707e-07
0.0051937
2.54998e-07
0.00519368
2.0931e-07
0.00519367
1.69891e-07
0.00519366
1.39617e-07
0.00519365
1.1137e-07
0.00519365
9.19637e-08
0.00519364
7.2756e-08
0.00519363
6.07669e-08
0.00519363
4.72475e-08
0.00519363
3.95456e-08
0.00519362
3.00963e-08
0.00519362
2.48604e-08
0.00519362
1.81986e-08
0.00519362
1.52722e-08
0.00519362
9.74155e-09
0.00519362
9.02844e-09
0.00519362
4.29657e-09
0.00519362
4.54089e-09
0.00519362
1.72147e-09
0.00519362
2.3248e-09
0.00519362
3.3355e-10
0.00519362
2.03739e-09
0.00519362
2.72382e-10
0.00519362
2.90364e-09
0.00519362
1.25637e-09
0.00519362
2.58132e-09
0.00519362
5.27034e-10
0.00519362
2.55856e-09
0.00519362
1.72442e-10
0.00519362
1.61219e-09
0.00519362
-3.56876e-10
0.00519362
9.33908e-10
0.00519362
-8.58535e-10
0.00519362
5.79363e-10
0.00519362
-1.68298e-09
0.00519362
-1.90802e-11
0.00519362
-1.51083e-09
0.00519362
1.23965e-10
0.00519362
-1.51292e-09
0.00519362
2.88512e-10
0.00519362
-1.29121e-09
0.00519362
2.42831e-10
0.00519362
-9.48344e-10
0.00519362
3.09819e-10
0.00519362
-7.88439e-10
0.00519362
1.13323e-09
0.00519362
5.16613e-11
0.00519362
2.23044e-09
0.00519362
2.17646e-09
0.00519362
4.5267e-09
0.00519362
5.10632e-09
0.00519362
8.54835e-09
0.00519362
1.08066e-08
0.00519361
1.63779e-08
0.00519361
2.18982e-08
0.00519361
3.19109e-08
0.00519361
4.40824e-08
0.00519361
6.26032e-08
0.0051936
8.70204e-08
0.00519359
1.22688e-07
0.00519359
1.7129e-07
0.00519357
2.38319e-07
0.00519355
3.39586e-07
0.0051935
4.72878e-07
0.00519341
7.52711e-07
0.00519323
1.23729e-06
0.0051928
3.56483e-06
0.00519194
1.02341e-05
0.00518908
3.70738e-05
7.50839e-05
0.00516894
0.00130165
0.0051949
0.000604647
0.00519438
0.000150785
0.00519527
7.37751e-06
0.00519517
-9.81184e-06
0.00519549
4.99354e-06
0.00519543
8.8098e-06
0.0051954
1.08964e-05
0.00519531
9.43141e-06
0.00519524
8.26179e-06
0.00519516
6.84285e-06
0.0051951
5.77324e-06
0.00519503
4.83123e-06
0.00519497
4.09111e-06
0.00519492
3.47905e-06
0.00519487
2.98233e-06
0.00519483
2.56605e-06
0.00519478
2.22014e-06
0.00519474
1.92112e-06
0.0051947
1.66384e-06
0.00519467
1.44006e-06
0.00519464
1.24402e-06
0.00519461
1.06864e-06
0.00519458
9.17144e-07
0.00519456
7.80049e-07
0.00519453
6.62711e-07
0.00519452
5.57143e-07
0.0051945
4.68389e-07
0.00519448
3.88986e-07
0.00519447
3.2366e-07
0.00519446
2.66148e-07
0.00519445
2.18692e-07
0.00519444
1.7769e-07
0.00519444
1.46275e-07
0.00519443
1.16832e-07
0.00519443
9.6572e-08
0.00519442
7.64272e-08
0.00519442
6.39153e-08
0.00519442
4.97926e-08
0.00519442
4.16833e-08
0.00519441
3.19458e-08
0.00519441
2.64043e-08
0.00519441
1.94776e-08
0.00519441
1.63981e-08
0.00519441
1.05549e-08
0.00519441
9.74577e-09
0.00519441
4.82683e-09
0.00519441
4.82813e-09
0.00519441
1.81881e-09
0.00519441
2.39173e-09
0.00519441
2.28544e-10
0.00519441
2.05522e-09
0.00519441
2.2562e-10
0.00519441
2.81812e-09
0.00519441
1.31028e-09
0.00519441
2.75199e-09
0.00519441
4.84994e-10
0.00519441
2.61585e-09
0.00519441
3.12884e-10
0.00519441
1.77285e-09
0.00519441
-2.32422e-10
0.00519441
1.05829e-09
0.00519441
-7.8236e-10
0.00519441
7.51228e-10
0.00519441
-1.62113e-09
0.00519441
-6.01126e-11
0.00519441
-1.63223e-09
0.00519441
4.85503e-11
0.00519441
-1.76451e-09
0.00519441
-4.86772e-11
0.00519441
-1.69489e-09
0.00519441
-2.07029e-10
0.00519441
-1.41513e-09
0.00519441
-9.442e-11
0.00519441
-1.23351e-09
0.00519441
8.91365e-10
0.00519441
-3.48558e-11
0.00519441
2.22028e-09
0.00519441
2.3047e-09
0.00519441
4.8268e-09
0.00519441
5.43253e-09
0.00519441
8.94002e-09
0.00519441
1.12249e-08
0.00519441
1.68595e-08
0.00519441
2.24507e-08
0.00519441
3.26114e-08
0.00519441
4.50003e-08
0.0051944
6.40087e-08
0.0051944
8.89898e-08
0.0051944
1.25667e-07
0.00519439
1.76173e-07
0.00519438
2.46682e-07
0.00519437
3.56331e-07
0.00519434
5.06388e-07
0.00519426
8.28829e-07
0.00519412
1.37985e-06
0.00519379
3.89248e-06
0.00519323
1.0791e-05
0.00519153
3.8775e-05
7.80788e-05
0.00515492
0.00114673
0.0051895
0.000570061
0.00519261
0.000147678
0.00519352
6.46099e-06
0.0051933
-9.58739e-06
0.00519371
4.57747e-06
0.00519388
8.64749e-06
0.0051941
1.06701e-05
0.00519425
9.28634e-06
0.00519437
8.13693e-06
0.00519446
6.75211e-06
0.00519454
5.70094e-06
0.00519459
4.77675e-06
0.00519463
4.04872e-06
0.00519467
3.44704e-06
0.00519469
2.9584e-06
0.00519471
2.54864e-06
0.00519472
2.20836e-06
0.00519473
1.91381e-06
0.00519473
1.65967e-06
0.00519473
1.43871e-06
0.00519473
1.24492e-06
0.00519473
1.07096e-06
0.00519472
9.20411e-07
0.00519472
7.84151e-07
0.00519472
6.67434e-07
0.00519471
5.61981e-07
0.00519471
4.73184e-07
0.0051947
3.93628e-07
0.0051947
3.27912e-07
0.0051947
2.70072e-07
0.00519469
2.2212e-07
0.00519469
1.80574e-07
0.00519469
1.48949e-07
0.00519468
1.19073e-07
0.00519468
9.85765e-08
0.00519468
7.79929e-08
0.00519468
6.5321e-08
0.00519468
5.1026e-08
0.00519468
4.27245e-08
0.00519467
3.29358e-08
0.00519467
2.72227e-08
0.00519467
2.01829e-08
0.00519467
1.70646e-08
0.00519467
1.10028e-08
0.00519467
1.01317e-08
0.00519467
5.08799e-09
0.00519467
4.90855e-09
0.00519467
1.75761e-09
0.00519467
2.3572e-09
0.00519467
8.70619e-11
0.00519467
2.01128e-09
0.00519467
2.13836e-10
0.00519467
2.71275e-09
0.00519467
1.3378e-09
0.00519467
2.96235e-09
0.00519467
5.50112e-10
0.00519467
2.71478e-09
0.00519467
5.26525e-10
0.00519467
1.98663e-09
0.00519467
-1.92194e-11
0.00519467
1.25256e-09
0.00519467
-6.60031e-10
0.00519467
9.34124e-10
0.00519467
-1.50644e-09
0.00519467
-7.05289e-11
0.00519467
-1.75183e-09
0.00519467
-5.34447e-11
0.00519467
-2.00206e-09
0.00519467
-3.94844e-10
0.00519467
-2.08044e-09
0.00519467
-6.44236e-10
0.00519467
-1.86192e-09
0.00519467
-4.65672e-10
0.00519467
-1.62759e-09
0.00519467
6.55685e-10
0.00519467
-8.28547e-11
0.00519467
2.20088e-09
0.00519467
2.37584e-09
0.00519467
5.01669e-09
0.00519467
5.60272e-09
0.00519467
9.09253e-09
0.00519467
1.13273e-08
0.00519467
1.68814e-08
0.00519467
2.23802e-08
0.00519467
3.24468e-08
0.00519467
4.47542e-08
0.00519467
6.38164e-08
0.00519467
8.8775e-08
0.00519467
1.25557e-07
0.00519467
1.76719e-07
0.00519467
2.48967e-07
0.00519466
3.64078e-07
0.00519464
5.26547e-07
0.00519459
8.81127e-07
0.00519449
1.47987e-06
0.00519428
4.09942e-06
0.00519403
1.10416e-05
0.00519347
3.93354e-05
7.87408e-05
0.00514309
0.00100364
0.00518464
0.000528515
0.00519093
0.000141386
0.00519182
5.5709e-06
0.00519146
-9.22376e-06
0.00519193
4.09957e-06
0.00519229
8.289e-06
0.00519275
1.02154e-05
0.0051931
8.93438e-06
0.0051934
7.8315e-06
0.00519365
6.50951e-06
0.00519385
5.49998e-06
0.00519401
4.61381e-06
0.00519415
3.91414e-06
0.00519426
3.33609e-06
0.00519435
2.86634e-06
0.00519443
2.47208e-06
0.00519449
2.14499e-06
0.00519454
1.8615e-06
0.00519459
1.6161e-06
0.00519462
1.40278e-06
0.00519465
1.21566e-06
0.00519467
1.04716e-06
0.00519469
9.01088e-07
0.00519471
7.6877e-07
0.00519472
6.55417e-07
0.00519473
5.5258e-07
0.00519474
4.65839e-07
0.00519474
3.87999e-07
0.00519475
3.23508e-07
0.00519475
2.66773e-07
0.00519476
2.19621e-07
0.00519476
1.78563e-07
0.00519476
1.47633e-07
0.00519476
1.18109e-07
0.00519476
9.79937e-08
0.00519476
7.75205e-08
0.00519476
6.50493e-08
0.00519476
5.09895e-08
0.00519476
4.27017e-08
0.00519476
3.30705e-08
0.00519476
2.73262e-08
0.00519476
2.02825e-08
0.00519476
1.72043e-08
0.00519476
1.1013e-08
0.00519476
1.00974e-08
0.00519476
5.03985e-09
0.00519476
4.75736e-09
0.00519476
1.52182e-09
0.00519476
2.22662e-09
0.00519476
-9.62595e-11
0.00519476
1.93015e-09
0.00519476
2.35788e-10
0.00519476
2.62957e-09
0.00519476
1.34564e-09
0.00519476
3.19677e-09
0.00519476
7.04068e-10
0.00519476
2.839e-09
0.00519476
7.4192e-10
0.00519476
2.20575e-09
0.00519476
2.17472e-10
0.00519476
1.45923e-09
0.00519476
-5.32295e-10
0.00519476
1.07221e-09
0.00519476
-1.35698e-09
0.00519476
-4.43698e-11
0.00519476
-1.84407e-09
0.00519476
-1.4526e-10
0.00519476
-2.15978e-09
0.00519476
-6.57793e-10
0.00519476
-2.35388e-09
0.00519476
-9.78056e-10
0.00519476
-2.18926e-09
0.00519476
-7.25538e-10
0.00519476
-1.89908e-09
0.00519476
4.68421e-10
0.00519476
-9.59e-11
0.00519476
2.16686e-09
0.00519476
2.3547e-09
0.00519476
5.04951e-09
0.00519476
5.56863e-09
0.00519476
8.95909e-09
0.00519476
1.10905e-08
0.00519476
1.64487e-08
0.00519476
2.17225e-08
0.00519476
3.14895e-08
0.00519476
4.34311e-08
0.00519477
6.21221e-08
0.00519477
8.64822e-08
0.00519477
1.22489e-07
0.00519478
1.73039e-07
0.00519478
2.45213e-07
0.00519478
3.62523e-07
0.00519478
5.32219e-07
0.00519475
9.06479e-07
0.0051947
1.53175e-06
0.00519462
4.17721e-06
0.00519468
1.09859e-05
0.00519521
3.88024e-05
7.72383e-05
0.00513319
0.000870449
0.00518037
0.000481339
0.00518944
0.000132314
0.00519028
4.73418e-06
0.00518976
-8.71279e-06
0.00519027
3.59039e-06
0.0051908
7.75991e-06
0.00519146
9.55987e-06
0.00519199
8.39788e-06
0.00519246
7.36449e-06
0.00519284
6.13024e-06
0.00519316
5.18276e-06
0.00519342
4.3524e-06
0.00519364
3.69557e-06
0.00519382
3.15298e-06
0.00519398
2.71172e-06
0.00519411
2.34101e-06
0.00519422
2.03384e-06
0.00519431
1.76733e-06
0.00519439
1.53581e-06
0.00519446
1.33451e-06
0.00519452
1.15809e-06
0.00519457
9.98794e-07
0.00519461
8.60439e-07
0.00519464
7.34888e-07
0.00519467
6.2739e-07
0.00519469
5.29494e-07
0.00519471
4.46812e-07
0.00519473
3.72435e-07
0.00519474
3.10736e-07
0.00519475
2.56483e-07
0.00519476
2.11405e-07
0.00519477
1.71843e-07
0.00519477
1.42447e-07
0.00519478
1.14056e-07
0.00519478
9.49313e-08
0.00519478
7.51236e-08
0.00519478
6.32045e-08
0.00519478
4.9731e-08
0.00519479
4.16839e-08
0.00519479
3.23724e-08
0.00519479
2.67305e-08
0.00519479
1.97644e-08
0.00519479
1.68076e-08
0.00519479
1.0579e-08
0.00519479
9.63993e-09
0.00519479
4.67504e-09
0.00519479
4.39377e-09
0.00519479
1.13053e-09
0.00519479
1.99962e-09
0.00519479
-2.94376e-10
0.00519479
1.81028e-09
0.00519479
2.87927e-10
0.00519479
2.57164e-09
0.00519479
1.32419e-09
0.00519479
3.40579e-09
0.00519479
8.9537e-10
0.00519479
2.93715e-09
0.00519479
9.03244e-10
0.00519479
2.35952e-09
0.00519479
4.08983e-10
0.00519479
1.62627e-09
0.00519479
-4.6057e-10
0.00519479
1.13409e-09
0.00519479
-1.21877e-09
0.00519479
6.64476e-12
0.00519479
-1.9048e-09
0.00519479
-2.05457e-10
0.00519479
-2.21069e-09
0.00519479
-7.82915e-10
0.00519479
-2.4741e-09
0.00519479
-1.15264e-09
0.00519479
-2.35601e-09
0.00519479
-8.2839e-10
0.00519479
-2.02421e-09
0.00519479
3.2935e-10
0.00519479
-1.05471e-10
0.00519479
2.08267e-09
0.00519479
2.19419e-09
0.00519479
4.87669e-09
0.00519479
5.29962e-09
0.00519479
8.52863e-09
0.00519479
1.05111e-08
0.00519479
1.55897e-08
0.00519479
2.05228e-08
0.0051948
2.98191e-08
0.0051948
4.11213e-08
0.0051948
5.90259e-08
0.00519481
8.22279e-08
0.00519481
1.16618e-07
0.00519482
1.65301e-07
0.00519483
2.35553e-07
0.00519484
3.51591e-07
0.00519485
5.22784e-07
0.00519485
9.03036e-07
0.00519485
1.53239e-06
0.00519491
4.12307e-06
0.00519526
1.06316e-05
0.00519682
3.72444e-05
7.37578e-05
0.00512494
0.00074551
0.00517667
0.000429608
0.00518815
0.000120833
0.00518892
3.96271e-06
0.00518826
-8.0502e-06
0.00518878
3.07379e-06
0.00518945
7.08463e-06
0.00519028
8.72983e-06
0.00519098
7.69874e-06
0.00519159
6.75461e-06
0.00519209
5.62947e-06
0.00519251
4.76185e-06
0.00519286
4.00279e-06
0.00519316
3.40153e-06
0.0051934
2.90478e-06
0.00519362
2.50051e-06
0.0051938
2.16044e-06
0.00519395
1.87915e-06
0.00519408
1.63485e-06
0.0051942
1.42184e-06
0.00519429
1.23654e-06
0.00519438
1.07445e-06
0.00519445
9.27741e-07
0.00519451
8.00034e-07
0.00519456
6.83785e-07
0.0051946
5.84391e-07
0.00519464
4.93561e-07
0.00519467
4.16824e-07
0.0051947
3.47529e-07
0.00519472
2.90104e-07
0.00519473
2.3963e-07
0.00519475
1.97826e-07
0.00519476
1.6072e-07
0.00519477
1.33618e-07
0.00519477
1.07099e-07
0.00519478
8.95392e-08
0.00519478
7.09251e-08
0.00519479
5.98848e-08
0.00519479
4.72979e-08
0.00519479
3.9719e-08
0.00519479
3.08674e-08
0.00519479
2.54555e-08
0.00519479
1.86568e-08
0.0051948
1.59101e-08
0.0051948
9.73997e-09
0.0051948
8.81079e-09
0.0051948
4.03153e-09
0.0051948
3.86901e-09
0.0051948
6.27823e-10
0.0051948
1.69724e-09
0.0051948
-4.98961e-10
0.0051948
1.65676e-09
0.0051948
3.43691e-10
0.0051948
2.528e-09
0.0051948
1.25348e-09
0.0051948
3.54018e-09
0.0051948
1.06195e-09
0.0051948
2.9733e-09
0.0051948
9.66214e-10
0.0051948
2.40841e-09
0.0051948
5.00705e-10
0.0051948
1.70813e-09
0.0051948
-4.73373e-10
0.0051948
1.09295e-09
0.0051948
-1.1296e-09
0.0051948
6.2937e-11
0.0051948
-1.93951e-09
0.0051948
-2.32794e-10
0.0051948
-2.16288e-09
0.0051948
-7.67028e-10
0.0051948
-2.44459e-09
0.0051948
-1.16931e-09
0.0051948
-2.3674e-09
0.0051948
-7.88747e-10
0.0051948
-2.02823e-09
0.0051948
2.13109e-10
0.0051948
-1.58699e-10
0.0051948
1.91433e-09
0.0051948
1.86944e-09
0.0051948
4.48067e-09
0.0051948
4.79101e-09
0.0051948
7.81459e-09
0.0051948
9.607e-09
0.0051948
1.43473e-08
0.00519481
1.88413e-08
0.00519481
2.7513e-08
0.00519481
3.79223e-08
0.00519482
5.4642e-08
0.00519482
7.61521e-08
0.00519483
1.08143e-07
0.00519484
1.53745e-07
0.00519486
2.20238e-07
0.00519488
3.31463e-07
0.0051949
4.98168e-07
0.00519493
8.70226e-07
0.00519499
1.48102e-06
0.00519517
3.93928e-06
0.00519581
9.99389e-06
0.00519831
3.4746e-05
6.84978e-05
0.00511811
0.000627397
0.00517351
0.00037421
0.00518706
0.000107288
0.00518776
3.25819e-06
0.00518695
-7.23731e-06
0.00518746
2.56701e-06
0.00518826
6.28612e-06
0.00518924
7.7502e-06
0.00519008
6.85842e-06
0.00519081
6.02033e-06
0.00519142
5.02242e-06
0.00519193
4.24999e-06
0.00519235
3.57551e-06
0.00519272
3.0408e-06
0.00519302
2.5989e-06
0.00519328
2.239e-06
0.00519351
1.93575e-06
0.0051937
1.68551e-06
0.00519387
1.46799e-06
0.00519401
1.27764e-06
0.00519414
1.11189e-06
0.00519424
9.6729e-07
0.00519434
8.36152e-07
0.00519441
7.2171e-07
0.00519448
6.17014e-07
0.00519454
5.27742e-07
0.00519458
4.4588e-07
0.00519462
3.76828e-07
0.00519466
3.14095e-07
0.00519469
2.62304e-07
0.00519471
2.16787e-07
0.00519473
1.79337e-07
0.00519474
1.45574e-07
0.00519475
1.21438e-07
0.00519476
9.74546e-08
0.00519477
8.19787e-08
0.00519478
6.50352e-08
0.00519478
5.51728e-08
0.00519479
4.372e-08
0.00519479
3.68336e-08
0.00519479
2.85804e-08
0.00519479
2.35446e-08
0.0051948
1.70122e-08
0.0051948
1.45747e-08
0.0051948
8.56446e-09
0.0051948
7.6992e-09
0.0051948
3.17868e-09
0.0051948
3.24175e-09
0.0051948
6.12342e-11
0.0051948
1.33673e-09
0.0051948
-7.07223e-10
0.0051948
1.4692e-09
0.0051948
3.72312e-10
0.0051948
2.48179e-09
0.0051948
1.12262e-09
0.0051948
3.57201e-09
0.0051948
1.16325e-09
0.0051948
2.9412e-09
0.0051948
9.3234e-10
0.0051948
2.35277e-09
0.0051948
4.80086e-10
0.0051948
1.69445e-09
0.0051948
-5.65746e-10
0.0051948
9.51239e-10
0.0051948
-1.11365e-09
0.0051948
1.03244e-10
0.0051948
-1.96381e-09
0.0051948
-2.46278e-10
0.0051948
-2.06061e-09
0.0051948
-6.56366e-10
0.0051948
-2.31445e-09
0.0051948
-1.0782e-09
0.0051948
-2.27711e-09
0.0051948
-6.63274e-10
0.0051948
-1.9653e-09
0.0051948
8.37829e-11
0.0051948
-2.9576e-10
0.0051948
1.64466e-09
0.0051948
1.38761e-09
0.0051948
3.88118e-09
0.0051948
4.06912e-09
0.00519481
6.85924e-09
0.00519481
8.42221e-09
0.00519481
1.27786e-08
0.00519481
1.67484e-08
0.00519481
2.46544e-08
0.00519482
3.3937e-08
0.00519482
4.91009e-08
0.00519483
6.84247e-08
0.00519484
9.73051e-08
0.00519486
1.38685e-07
0.00519488
1.99647e-07
0.00519491
3.02588e-07
0.00519495
4.58848e-07
0.00519501
8.08701e-07
0.00519511
1.37904e-06
0.00519542
3.63258e-06
0.00519632
9.09418e-06
0.00519966
3.14038e-05
6.16666e-05
0.00511254
0.000514857
0.00517086
0.000315886
0.00518615
9.20041e-05
0.00518679
2.61592e-06
0.00518584
-6.2816e-06
0.00518632
2.08112e-06
0.00518722
5.38574e-06
0.00518833
6.64472e-06
0.00518929
5.89797e-06
0.00519013
5.17992e-06
0.00519083
4.32431e-06
0.00519141
3.66004e-06
0.00519191
3.0813e-06
0.00519233
2.62245e-06
0.00519268
2.24302e-06
0.00519299
1.93379e-06
0.00519325
1.67266e-06
0.00519348
1.45788e-06
0.00519367
1.27104e-06
0.00519385
1.10694e-06
0.00519399
9.63838e-07
0.00519412
8.39456e-07
0.00519423
7.26405e-07
0.00519433
6.27529e-07
0.00519441
5.36374e-07
0.00519448
4.5901e-07
0.00519453
3.87778e-07
0.00519458
3.27962e-07
0.00519462
2.7312e-07
0.00519466
2.28159e-07
0.00519469
1.88624e-07
0.00519471
1.56455e-07
0.00519473
1.26833e-07
0.00519474
1.06249e-07
0.00519476
8.53592e-08
0.00519477
7.24113e-08
0.00519477
5.75533e-08
0.00519478
4.91414e-08
0.00519478
3.90254e-08
0.00519479
3.30506e-08
0.00519479
2.55498e-08
0.00519479
2.10618e-08
0.0051948
1.48988e-08
0.0051948
1.28756e-08
0.0051948
7.13606e-09
0.0051948
6.40833e-09
0.0051948
2.19015e-09
0.0051948
2.55362e-09
0.0051948
-5.29803e-10
0.0051948
9.29513e-10
0.0051948
-9.19589e-10
0.0051948
1.24602e-09
0.0051948
3.45327e-10
0.0051948
2.42532e-09
0.0051948
9.39657e-10
0.0051948
3.50657e-09
0.0051948
1.19511e-09
0.0051948
2.8688e-09
0.0051948
8.45188e-10
0.0051948
2.23217e-09
0.0051948
3.71932e-10
0.0051948
1.60999e-09
0.0051948
-7.08e-10
0.0051948
7.36734e-10
0.0051948
-1.17796e-09
0.0051948
1.1032e-10
0.0051948
-1.99432e-09
0.0051948
-2.72995e-10
0.0051948
-1.96309e-09
0.0051948
-5.20949e-10
0.0051948
-2.1518e-09
0.0051948
-9.47379e-10
0.0051948
-2.15758e-09
0.0051948
-5.22986e-10
0.0051948
-1.89318e-09
0.0051948
-8.44915e-11
0.0051948
-5.33908e-10
0.0051948
1.28292e-09
0.0051948
7.89941e-10
0.00519481
3.13187e-09
0.00519481
3.19319e-09
0.00519481
5.73078e-09
0.00519481
7.02186e-09
0.00519481
1.09506e-08
0.00519481
1.43168e-08
0.00519482
2.13243e-08
0.00519482
2.92668e-08
0.00519483
4.2544e-08
0.00519484
5.92433e-08
0.00519485
8.43888e-08
0.00519487
1.20507e-07
0.00519489
1.74284e-07
0.00519493
2.65672e-07
0.00519498
4.05832e-07
0.00519507
7.20256e-07
0.00519522
1.22985e-06
0.00519564
3.21356e-06
0.00519678
7.95956e-06
0.00520085
2.73243e-05
5.34791e-05
0.00510808
0.000406779
0.0051687
0.000255267
0.00518541
7.52911e-05
0.005186
2.0275e-06
0.00518491
-5.19653e-06
0.00518537
1.62162e-06
0.00518636
4.40335e-06
0.00518756
5.43609e-06
0.00518862
4.8381e-06
0.00518955
4.25148e-06
0.00519033
3.55038e-06
0.00519098
3.00496e-06
0.00519153
2.53113e-06
0.005192
2.15574e-06
0.00519239
1.84511e-06
0.00519274
1.59178e-06
0.00519303
1.37718e-06
0.00519329
1.20151e-06
0.00519351
1.04854e-06
0.0051937
9.13725e-07
0.00519387
7.95914e-07
0.00519402
6.93992e-07
0.00519414
6.0108e-07
0.00519425
5.19747e-07
0.00519434
4.43866e-07
0.00519442
3.79959e-07
0.00519449
3.20753e-07
0.00519454
2.71498e-07
0.00519459
2.2571e-07
0.00519463
1.88586e-07
0.00519466
1.55876e-07
0.00519469
1.29747e-07
0.00519471
1.04955e-07
0.00519473
8.84279e-08
0.00519475
7.10764e-08
0.00519476
6.10119e-08
0.00519477
4.85889e-08
0.00519478
4.1878e-08
0.00519478
3.3269e-08
0.00519479
2.84148e-08
0.00519479
2.18366e-08
0.00519479
1.80885e-08
0.00519479
1.23936e-08
0.0051948
1.08872e-08
0.0051948
5.53284e-09
0.0051948
5.02779e-09
0.0051948
1.12538e-09
0.0051948
1.8214e-09
0.0051948
-1.12387e-09
0.0051948
4.88434e-10
0.0051948
-1.1408e-09
0.0051948
9.89232e-10
0.0051948
2.4735e-10
0.0051948
2.36194e-09
0.0051948
7.31246e-10
0.0051948
3.37564e-09
0.0051948
1.18363e-09
0.0051948
2.80168e-09
0.0051948
7.65333e-10
0.0051948
2.10275e-09
0.0051948
2.21752e-10
0.0051948
1.49269e-09
0.0051948
-8.57889e-10
0.0051948
4.91493e-10
0.0051948
-1.31135e-09
0.0051948
7.97134e-11
0.0051948
-2.03725e-09
0.0051948
-3.27848e-10
0.0051948
-1.91569e-09
0.0051948
-4.19342e-10
0.0051948
-2.01178e-09
0.0051948
-8.32812e-10
0.0051948
-2.06871e-09
0.0051948
-4.24302e-10
0.0051948
-1.85275e-09
0.0051948
-2.95227e-10
0.0051948
-8.60147e-10
0.0051948
8.62184e-10
0.0051948
1.41174e-10
0.00519481
2.30819e-09
0.00519481
2.23827e-09
0.00519481
4.50638e-09
0.00519481
5.47642e-09
0.00519481
8.9271e-09
0.00519481
1.16093e-08
0.00519482
1.75927e-08
0.00519482
2.40071e-08
0.00519483
3.51185e-08
0.00519484
4.88253e-08
0.00519486
6.97081e-08
0.00519488
9.96562e-08
0.00519491
1.44766e-07
0.00519495
2.21664e-07
0.00519502
3.40608e-07
0.00519513
6.07711e-07
0.00519532
1.03857e-06
0.00519584
2.69609e-06
0.00519718
6.62189e-06
0.00520188
2.26208e-05
4.41551e-05
0.00510462
0.000302157
0.00516699
0.000192902
0.00518483
5.74472e-05
0.00518538
1.48268e-06
0.00518418
-4.00096e-06
0.00518461
1.18923e-06
0.00518566
3.35735e-06
0.00518695
4.14614e-06
0.00518809
3.69921e-06
0.00518909
3.25294e-06
0.00518992
2.71587e-06
0.00519063
2.29777e-06
0.00519122
1.93608e-06
0.00519173
1.65016e-06
0.00519216
1.41333e-06
0.00519253
1.2201e-06
0.00519285
1.05555e-06
0.00519313
9.21878e-07
0.00519337
8.05301e-07
0.00519359
7.0218e-07
0.00519377
6.11798e-07
0.00519393
5.34125e-07
0.00519407
4.62942e-07
0.00519419
4.00786e-07
0.00519429
3.41655e-07
0.00519438
2.92494e-07
0.00519445
2.46438e-07
0.00519451
2.08809e-07
0.00519457
1.7305e-07
0.00519461
1.44572e-07
0.00519465
1.1934e-07
0.00519468
9.98352e-08
0.0051947
8.04458e-08
0.00519472
6.83967e-08
0.00519474
5.49155e-08
0.00519475
4.79958e-08
0.00519476
3.82923e-08
0.00519477
3.35124e-08
0.00519478
2.65579e-08
0.00519478
2.30148e-08
0.00519479
1.753e-08
0.00519479
1.47177e-08
0.00519479
9.57645e-09
0.0051948
8.67431e-09
0.0051948
3.81304e-09
0.0051948
3.61654e-09
0.0051948
2.19092e-11
0.0051948
1.04203e-09
0.0051948
-1.71234e-09
0.0051948
2.51725e-11
0.0051948
-1.37452e-09
0.0051948
7.05811e-10
0.0051948
7.58509e-11
0.0051948
2.29928e-09
0.0051948
5.30152e-10
0.0051948
3.21906e-09
0.0051948
1.16253e-09
0.0051948
2.77557e-09
0.0051948
7.39386e-10
0.0051948
2.01032e-09
0.0051948
7.14511e-11
0.0051948
1.376e-09
0.0051948
-9.77826e-10
0.0051948
2.61107e-10
0.0051948
-1.48604e-09
0.0051948
2.32748e-11
0.0051948
-2.08026e-09
0.0051948
-4.01808e-10
0.0051948
-1.92812e-09
0.0051948
-3.77251e-10
0.0051948
-1.91623e-09
0.0051948
-7.57856e-10
0.0051948
-2.0377e-09
0.0051948
-3.93195e-10
0.0051948
-1.85689e-09
0.0051948
-5.29327e-10
0.0051948
-1.23735e-09
0.0051948
4.26084e-10
0.00519481
-4.92232e-10
0.00519481
1.4839e-09
0.00519481
1.27226e-09
0.00519481
3.25069e-09
0.00519481
3.84418e-09
0.00519481
6.75646e-09
0.00519481
8.67213e-09
0.00519482
1.3516e-08
0.00519483
1.82481e-08
0.00519483
2.69744e-08
0.00519485
3.73998e-08
0.00519486
5.35947e-08
0.00519488
7.66177e-08
0.00519492
1.11803e-07
0.00519497
1.71718e-07
0.00519504
2.65089e-07
0.00519518
4.74774e-07
0.0051954
8.11808e-07
0.005196
2.09669e-06
0.00519751
5.11707e-06
0.00520272
1.74124e-05
3.39182e-05
0.0051021
0.000200061
0.00516572
0.000129278
0.00518441
3.87621e-05
0.00518492
9.70522e-07
0.00518364
-2.71832e-06
0.00518404
7.80728e-07
0.00518514
2.2649e-06
0.00518649
2.79595e-06
0.00518768
2.50141e-06
0.00518873
2.20207e-06
0.00518961
1.83601e-06
0.00519036
1.55154e-06
0.00519099
1.30738e-06
0.00519152
1.11537e-06
0.00519198
9.56059e-07
0.00519237
8.26072e-07
0.00519271
7.14227e-07
0.00519301
6.24672e-07
0.00519327
5.46293e-07
0.0051935
4.76649e-07
0.00519369
4.15316e-07
0.00519386
3.63239e-07
0.00519401
3.14933e-07
0.00519414
2.73219e-07
0.00519425
2.3203e-07
0.00519434
1.98628e-07
0.00519442
1.66563e-07
0.00519449
1.4135e-07
0.00519455
1.1639e-07
0.00519459
9.7169e-08
0.00519463
7.98776e-08
0.00519467
6.74122e-08
0.00519469
5.38659e-08
0.00519471
4.66293e-08
0.00519473
3.72499e-08
0.00519475
3.36443e-08
0.00519476
2.68783e-08
0.00519477
2.42344e-08
0.00519478
1.90647e-08
0.00519478
1.69913e-08
0.00519479
1.27459e-08
0.00519479
1.10459e-08
0.00519479
6.52706e-09
0.0051948
6.29052e-09
0.0051948
2.01222e-09
0.0051948
2.19968e-09
0.0051948
-1.10014e-09
0.0051948
2.06607e-10
0.0051948
-2.2945e-09
0.0051948
-4.48759e-10
0.0051948
-1.62186e-09
0.0051948
4.05833e-10
0.0051948
-1.64954e-10
0.0051948
2.23823e-09
0.0051948
3.58802e-10
0.0051948
3.06277e-09
0.0051948
1.14931e-09
0.0051948
2.79439e-09
0.0051948
7.77595e-10
0.0051948
1.97152e-09
0.0051948
-5.62546e-11
0.0051948
1.2764e-09
0.0051948
-1.04548e-09
0.0051948
8.50726e-11
0.0051948
-1.66245e-09
0.0051948
-3.27699e-11
0.0051948
-2.09466e-09
0.0051948
-4.61561e-10
0.0051948
-1.97245e-09
0.0051948
-3.83636e-10
0.0051948
-1.85406e-09
0.0051948
-7.12476e-10
0.0051948
-2.05794e-09
0.0051948
-4.25233e-10
0.0051948
-1.89484e-09
0.0051948
-7.54979e-10
0.0051948
-1.62022e-09
0.0051948
1.14818e-11
0.00519481
-1.06199e-09
0.00519481
7.10911e-10
0.00519481
3.38967e-10
0.00519481
2.00234e-09
0.00519481
2.1623e-09
0.00519481
4.47024e-09
0.00519482
5.53896e-09
0.00519482
9.14512e-09
0.00519483
1.20819e-08
0.00519484
1.82665e-08
0.00519485
2.52005e-08
0.00519487
3.63882e-08
0.00519489
5.19052e-08
0.00519493
7.61795e-08
0.00519498
1.1716e-07
0.00519506
1.81534e-07
0.00519521
3.25883e-07
0.00519547
5.57371e-07
0.00519613
1.43403e-06
0.00519776
3.48412e-06
0.00520335
1.18221e-05
2.29948e-05
0.00510044
9.96195e-05
0.00516488
6.48369e-05
0.00518413
1.95196e-05
0.00518462
4.79988e-07
0.00518327
-1.37558e-06
0.00518366
3.89883e-07
0.00518479
1.14212e-06
0.00518618
1.40601e-06
0.00518741
1.26454e-06
0.0051885
1.11648e-06
0.00518941
9.26003e-07
0.00519018
7.79359e-07
0.00519083
6.56315e-07
0.00519138
5.61132e-07
0.00519186
4.81796e-07
0.00519227
4.1712e-07
0.00519262
3.59738e-07
0.00519293
3.15687e-07
0.0051932
2.76639e-07
0.00519344
2.41614e-07
0.00519364
2.10426e-07
0.00519382
1.84861e-07
0.00519397
1.60162e-07
0.00519411
1.3975e-07
0.00519422
1.17378e-07
0.00519432
1.00454e-07
0.0051944
8.29436e-08
0.00519447
7.06571e-08
0.00519453
5.70379e-08
0.00519458
4.74928e-08
0.00519462
3.8427e-08
0.00519466
3.32498e-08
0.00519469
2.58441e-08
0.00519471
2.3654e-08
0.00519473
1.85237e-08
0.00519474
1.83162e-08
0.00519476
1.46333e-08
0.00519477
1.42949e-08
0.00519477
1.10203e-08
0.00519478
1.0531e-08
0.00519479
7.62046e-09
0.00519479
7.16743e-09
0.00519479
3.32586e-09
0.00519479
3.78479e-09
0.0051948
1.51226e-10
0.0051948
7.78105e-10
0.0051948
-2.22812e-09
0.0051948
-6.8401e-10
0.0051948
-2.8702e-09
0.0051948
-9.22788e-10
0.0051948
-1.88216e-09
0.0051948
9.98509e-11
0.0051948
-4.69213e-10
0.0051948
2.16466e-09
0.0051948
2.17595e-10
0.0051948
2.90571e-09
0.0051948
1.13301e-09
0.0051948
2.82481e-09
0.0051948
8.49972e-10
0.0051948
1.9713e-09
0.0051948
-1.60599e-10
0.0051948
1.19228e-09
0.0051948
-1.05623e-09
0.0051948
-8.75336e-12
0.0051948
-1.79708e-09
0.0051948
-5.61728e-11
0.0051948
-2.047e-09
0.0051948
-4.64386e-10
0.0051948
-2.00034e-09
0.0051948
-4.07317e-10
0.0051948
-1.7998e-09
0.0051948
-6.71211e-10
0.0051948
-2.10374e-09
0.0051948
-4.99904e-10
0.0051948
-1.94662e-09
0.0051948
-9.43814e-10
0.0051948
-1.97212e-09
0.0051948
-3.6361e-10
0.00519481
-1.54937e-09
0.00519481
1.05454e-11
0.00519481
-5.46259e-10
0.00519481
7.73558e-10
0.00519481
4.49961e-10
0.00519481
2.09144e-09
0.00519482
2.24365e-09
0.00519482
4.53768e-09
0.00519483
5.61196e-09
0.00519484
9.15659e-09
0.00519485
1.24632e-08
0.00519487
1.84318e-08
0.00519489
2.60522e-08
0.00519493
3.87387e-08
0.00519499
5.94463e-08
0.00519508
9.24729e-08
0.00519524
1.66035e-07
0.00519551
2.83972e-07
0.00519622
7.28327e-07
0.00519794
1.76445e-06
0.00520378
5.97562e-06
1.16126e-05
0.00509962
-2.87137e-09
0.00516447
-5.54918e-09
0.00518399
-7.26407e-10
0.00518447
1.6126e-10
0.00518309
-2.16166e-09
0.00518347
8.39608e-09
0.00518461
4.40718e-09
0.00518602
-3.62782e-09
0.00518728
8.22127e-09
0.00518838
1.36087e-08
0.0051893
1.0077e-09
0.00519009
-5.69849e-09
0.00519075
-5.8181e-09
0.00519132
-2.71432e-09
0.0051918
-8.8662e-10
0.00519221
7.39772e-10
0.00519258
-1.31944e-09
0.00519289
7.96689e-10
0.00519317
1.56212e-09
0.00519341
1.671e-09
0.00519361
1.20233e-09
0.0051938
2.6332e-09
0.00519395
1.87838e-09
0.00519409
3.19408e-09
0.00519421
1.62431e-10
0.00519431
1.26487e-10
0.00519439
-2.53773e-09
0.00519447
-1.66298e-09
0.00519453
-3.64432e-09
0.00519458
-3.28464e-09
0.00519462
-4.00644e-09
0.00519465
-1.8103e-09
0.00519468
-2.93109e-09
0.00519471
4.43773e-11
0.00519473
-7.61333e-10
0.00519474
2.43777e-09
0.00519475
1.90305e-09
0.00519477
3.98883e-09
0.00519477
2.69291e-09
0.00519478
3.85014e-09
0.00519478
2.3034e-09
0.00519479
3.17425e-09
0.00519479
5.85509e-11
0.00519479
1.21205e-09
0.0051948
-1.74946e-09
0.0051948
-6.54198e-10
0.0051948
-3.34514e-09
0.0051948
-1.60914e-09
0.0051948
-3.43374e-09
0.0051948
-1.38855e-09
0.0051948
-2.15418e-09
0.0051948
-2.02413e-10
0.0051948
-8.30672e-10
0.0051948
2.04947e-09
0.0051948
8.44699e-11
0.0051948
2.7224e-09
0.0051948
1.07996e-09
0.0051948
2.81075e-09
0.0051948
9.02006e-10
0.0051948
1.97591e-09
0.0051948
-2.52648e-10
0.0051948
1.1117e-09
0.0051948
-1.01865e-09
0.0051948
-7.07246e-12
0.0051948
-1.85312e-09
0.0051948
-2.1687e-11
0.0051948
-1.9167e-09
0.0051948
-3.82003e-10
0.0051948
-1.97111e-09
0.0051948
-4.23223e-10
0.0051948
-1.73919e-09
0.0051948
-6.17249e-10
0.0051948
-2.15127e-09
0.0051948
-5.98735e-10
0.0051948
-1.99888e-09
0.0051948
-1.08389e-09
0.0051948
-2.27498e-09
0.0051948
-7.01548e-10
0.0051948
-1.96234e-09
0.00519481
-6.21287e-10
0.00519481
-1.38802e-09
0.00519481
-4.38226e-10
0.00519481
-1.27946e-09
0.00519481
-3.51581e-10
0.00519482
-1.16555e-09
0.00519482
-2.30084e-10
0.00519483
-1.0415e-09
0.00519484
-1.83666e-10
0.00519485
-5.74561e-10
0.00519487
7.19069e-11
0.0051949
-3.92092e-10
0.00519493
3.64434e-10
0.00519499
1.2703e-10
0.00519509
6.18039e-10
0.00519525
6.09789e-10
0.00519553
9.39522e-10
0.00519626
8.48025e-10
0.00519803
1.02959e-09
0.005204
6.42073e-10
8.6297e-10
0.00509962
-9.96252e-05
0.00516447
-6.48479e-05
0.00518399
-1.9521e-05
0.00518447
-4.79765e-07
0.00518309
1.37129e-06
0.00518347
-3.73098e-07
0.00518461
-1.13327e-06
0.00518602
-1.41318e-06
0.00518728
-1.24806e-06
0.00518838
-1.08919e-06
0.0051893
-9.23848e-07
0.00519009
-7.90561e-07
0.00519075
-6.67718e-07
0.00519132
-5.66346e-07
0.0051918
-4.83414e-07
0.00519221
-4.15575e-07
0.00519258
-3.62345e-07
0.00519289
-3.14096e-07
0.00519317
-2.73644e-07
0.00519341
-2.38493e-07
0.00519362
-2.08196e-07
0.0051938
-1.79722e-07
0.00519395
-1.56576e-07
0.00519409
-1.3355e-07
0.00519421
-1.17105e-07
0.00519431
-1.00156e-07
0.00519439
-8.79505e-08
0.00519447
-7.3946e-08
0.00519453
-6.42578e-08
0.00519458
-5.39595e-08
0.00519462
-4.63766e-08
0.00519465
-3.68841e-08
0.00519468
-3.17345e-08
0.00519471
-2.36031e-08
0.00519473
-2.00753e-08
0.00519474
-1.35256e-08
0.00519475
-1.09339e-08
0.00519477
-6.37024e-09
0.00519477
-5.64023e-09
0.00519478
-2.82638e-09
0.00519479
-3.04619e-09
0.00519479
-8.38976e-10
0.00519479
-3.17918e-09
0.00519479
-1.35768e-09
0.0051948
-3.65524e-09
0.0051948
-2.09288e-09
0.0051948
-4.42353e-09
0.0051948
-2.52731e-09
0.0051948
-3.9719e-09
0.0051948
-1.83982e-09
0.0051948
-2.43596e-09
0.0051948
-4.91192e-10
0.0051948
-1.23887e-09
0.0051948
1.85884e-09
0.0051948
-7.28196e-11
0.0051948
2.48013e-09
0.0051948
9.54502e-10
0.0051948
2.70086e-09
0.0051948
8.81549e-10
0.0051948
1.95334e-09
0.0051948
-3.41175e-10
0.0051948
1.0235e-09
0.0051948
-9.47742e-10
0.0051948
8.70577e-11
0.0051948
-1.81129e-09
0.0051948
7.63853e-11
0.0051948
-1.71121e-09
0.0051948
-2.20587e-10
0.0051948
-1.87566e-09
0.0051948
-4.32054e-10
0.0051948
-1.68565e-09
0.0051948
-5.58237e-10
0.0051948
-2.19276e-09
0.0051948
-7.1645e-10
0.0051948
-2.05304e-09
0.0051948
-1.1827e-09
0.0051948
-2.52816e-09
0.0051948
-1.01624e-09
0.0051948
-2.32207e-09
0.00519481
-1.20012e-09
0.00519481
-2.19556e-09
0.00519481
-1.6342e-09
0.00519481
-3.00477e-09
0.00519481
-2.8143e-09
0.00519482
-4.61782e-09
0.00519482
-5.05935e-09
0.00519483
-7.74152e-09
0.00519484
-9.57294e-09
0.00519485
-1.36702e-08
0.00519487
-1.83379e-08
0.0051949
-2.6865e-08
0.00519493
-3.80334e-08
0.00519499
-5.91976e-08
0.00519509
-9.12212e-08
0.00519525
-1.64812e-07
0.00519553
-2.82082e-07
0.00519626
-7.26618e-07
0.00519803
-1.76239e-06
0.005204
-5.97433e-06
-1.16109e-05
0.00510044
-0.000200066
0.00516488
-0.000129289
0.00518413
-3.87634e-05
0.00518462
-9.70601e-07
0.00518327
2.71409e-06
0.00518366
-7.64002e-07
0.00518479
-2.256e-06
0.00518618
-2.80293e-06
0.00518741
-2.48487e-06
0.0051885
-2.17461e-06
0.00518941
-1.83347e-06
0.00519018
-1.56218e-06
0.00519083
-1.31814e-06
0.00519138
-1.11999e-06
0.00519186
-9.57259e-07
0.00519227
-8.24363e-07
0.00519262
-7.16764e-07
0.00519293
-6.23095e-07
0.0051932
-5.4366e-07
0.00519344
-4.74147e-07
0.00519364
-4.1357e-07
0.00519382
-3.58458e-07
0.00519397
-3.11821e-07
0.00519411
-2.67538e-07
0.00519422
-2.31888e-07
0.00519432
-1.98184e-07
0.0051944
-1.71353e-07
0.00519447
-1.4451e-07
0.00519453
-1.23398e-07
0.00519458
-1.03335e-07
0.00519462
-8.76388e-08
0.00519466
-7.10854e-08
0.00519469
-5.98353e-08
0.00519471
-4.66947e-08
0.00519473
-3.88955e-08
0.00519474
-2.91047e-08
0.00519476
-2.34956e-08
0.00519477
-1.64762e-08
0.00519477
-1.37177e-08
0.00519478
-9.28284e-09
0.00519479
-8.26247e-09
0.00519479
-4.76892e-09
0.00519479
-6.28165e-09
0.0051948
-3.83767e-09
0.0051948
-5.5104e-09
0.0051948
-3.51283e-09
0.0051948
-5.42588e-09
0.0051948
-3.38484e-09
0.0051948
-4.46563e-09
0.0051948
-2.27068e-09
0.0051948
-2.72311e-09
0.0051948
-7.54612e-10
0.0051948
-1.67261e-09
0.0051948
1.57064e-09
0.0051948
-2.77698e-10
0.0051948
2.1615e-09
0.0051948
7.42999e-10
0.0051948
2.47541e-09
0.0051948
7.63451e-10
0.0051948
1.88977e-09
0.0051948
-4.22502e-10
0.0051948
9.24779e-10
0.0051948
-8.60383e-10
0.0051948
2.53538e-10
0.0051948
-1.67685e-09
0.0051948
2.18413e-10
0.0051948
-1.46983e-09
0.0051948
-2.56888e-11
0.0051948
-1.74311e-09
0.0051948
-4.61741e-10
0.0051948
-1.67732e-09
0.0051948
-5.25041e-10
0.0051948
-2.23687e-09
0.0051948
-8.5972e-10
0.0051948
-2.1221e-09
0.0051948
-1.25977e-09
0.0051948
-2.73903e-09
0.0051948
-1.31965e-09
0.0051948
-2.64715e-09
0.00519481
-1.73837e-09
0.00519481
-2.96954e-09
0.00519481
-2.80233e-09
0.00519481
-4.69016e-09
0.00519481
-5.23457e-09
0.00519482
-8.0226e-09
0.00519482
-9.8343e-09
0.00519483
-1.43412e-08
0.00519484
-1.88226e-08
0.00519485
-2.65737e-08
0.00519487
-3.64345e-08
0.00519489
-5.27947e-08
0.00519493
-7.55369e-08
0.00519499
-1.16921e-07
0.00519508
-1.80232e-07
0.00519524
-3.24644e-07
0.00519551
-5.55441e-07
0.00519622
-1.43228e-06
0.00519794
-3.48203e-06
0.00520378
-1.18208e-05
-2.29932e-05
0.0051021
-0.000302162
0.00516572
-0.000192913
0.00518441
-5.74483e-05
0.00518492
-1.48327e-06
0.00518364
3.99678e-06
0.00518404
-1.17271e-06
0.00518514
-3.34852e-06
0.00518649
-4.15293e-06
0.00518768
-3.6827e-06
0.00518874
-3.22534e-06
0.00518961
-2.71278e-06
0.00519036
-2.30756e-06
0.00519099
-1.94591e-06
0.00519152
-1.65398e-06
0.00519198
-1.41398e-06
0.00519237
-1.21822e-06
0.00519271
-1.05804e-06
0.00519301
-9.20345e-07
0.00519327
-8.03196e-07
0.0051935
-7.00574e-07
0.00519369
-6.10736e-07
0.00519386
-5.29858e-07
0.00519401
-4.60508e-07
0.00519414
-3.95839e-07
0.00519425
-3.41674e-07
0.00519434
-2.91778e-07
0.00519442
-2.50842e-07
0.00519449
-2.11708e-07
0.00519455
-1.79694e-07
0.00519459
-1.50259e-07
0.00519463
-1.26791e-07
0.00519467
-1.03563e-07
0.00519469
-8.65279e-08
0.00519471
-6.86617e-08
0.00519473
-5.67352e-08
0.00519475
-4.38578e-08
0.00519476
-3.54204e-08
0.00519477
-2.60479e-08
0.00519478
-2.13093e-08
0.00519478
-1.53256e-08
0.00519479
-1.31773e-08
0.00519479
-8.50262e-09
0.00519479
-9.14109e-09
0.0051948
-6.13305e-09
0.0051948
-7.2419e-09
0.0051948
-4.86826e-09
0.0051948
-6.3128e-09
0.0051948
-4.12995e-09
0.0051948
-4.89394e-09
0.0051948
-2.67252e-09
0.0051948
-3.00621e-09
0.0051948
-9.77516e-10
0.0051948
-2.09559e-09
0.0051948
1.18899e-09
0.0051948
-5.28986e-10
0.0051948
1.78036e-09
0.0051948
4.67768e-10
0.0051948
2.15909e-09
0.0051948
5.60245e-10
0.0051948
1.79364e-09
0.0051948
-4.80327e-10
0.0051948
8.21334e-10
0.0051948
-7.73607e-10
0.0051948
4.57176e-10
0.0051948
-1.47908e-09
0.0051948
3.64384e-10
0.0051948
-1.25239e-09
0.0051948
1.32386e-10
0.0051948
-1.62648e-09
0.0051948
-5.49734e-10
0.0051948
-1.7561e-09
0.0051948
-5.54824e-10
0.0051948
-2.2969e-09
0.0051948
-1.03592e-09
0.0051948
-2.21926e-09
0.0051948
-1.33415e-09
0.0051948
-2.91181e-09
0.0051948
-1.61168e-09
0.0051948
-2.94341e-09
0.00519481
-2.23767e-09
0.00519481
-3.69761e-09
0.00519481
-3.91559e-09
0.00519481
-6.28852e-09
0.00519481
-7.54163e-09
0.00519482
-1.12818e-08
0.00519482
-1.4434e-08
0.00519483
-2.06927e-08
0.00519484
-2.774e-08
0.00519485
-3.90248e-08
0.00519487
-5.38443e-08
0.00519489
-7.76075e-08
0.00519493
-1.11242e-07
0.00519498
-1.71478e-07
0.00519506
-2.63694e-07
0.00519521
-4.73486e-07
0.00519547
-8.0979e-07
0.00519613
-2.09485e-06
0.00519776
-5.11492e-06
0.00520335
-1.74111e-05
-3.39167e-05
0.00510462
-0.000406785
0.00516699
-0.000255277
0.00518483
-7.52923e-05
0.00518538
-2.02879e-06
0.00518418
5.19233e-06
0.00518461
-1.60556e-06
0.00518566
-4.39484e-06
0.00518695
-5.44284e-06
0.00518809
-4.82183e-06
0.00518909
-4.22397e-06
0.00518992
-3.5467e-06
0.00519063
-3.01371e-06
0.00519122
-2.53992e-06
0.00519173
-2.15873e-06
0.00519216
-1.84523e-06
0.00519253
-1.58981e-06
0.00519285
-1.37969e-06
0.00519313
-1.20007e-06
0.00519337
-1.04705e-06
0.00519359
-9.13132e-07
0.00519377
-7.95587e-07
0.00519393
-6.90292e-07
0.00519407
-5.99383e-07
0.00519419
-5.1559e-07
0.00519429
-4.44016e-07
0.00519438
-3.78836e-07
0.00519445
-3.24601e-07
0.00519451
-2.73975e-07
0.00519457
-2.31846e-07
0.00519461
-1.93656e-07
0.00519465
-1.62903e-07
0.00519468
-1.33524e-07
0.0051947
-1.11151e-07
0.00519472
-8.89701e-08
0.00519474
-7.31564e-08
0.00519475
-5.73881e-08
0.00519476
-4.63795e-08
0.00519477
-3.48366e-08
0.00519478
-2.82222e-08
0.00519478
-2.07912e-08
0.00519479
-1.76298e-08
0.00519479
-1.19253e-08
0.00519479
-1.16626e-08
0.0051948
-8.15741e-09
0.0051948
-8.77294e-09
0.0051948
-6.10172e-09
0.0051948
-7.05307e-09
0.0051948
-4.72644e-09
0.0051948
-5.23795e-09
0.0051948
-3.03107e-09
0.0051948
-3.26896e-09
0.0051948
-1.14306e-09
0.0051948
-2.4587e-09
0.0051948
7.49216e-10
0.0051948
-7.9688e-10
0.0051948
1.38162e-09
0.0051948
1.82327e-10
0.0051948
1.81288e-09
0.0051948
3.14535e-10
0.0051948
1.68618e-09
0.0051948
-4.9514e-10
0.0051948
7.22255e-10
0.0051948
-7.04406e-10
0.0051948
6.53941e-10
0.0051948
-1.26223e-09
0.0051948
4.68656e-10
0.0051948
-1.11615e-09
0.0051948
1.87491e-10
0.0051948
-1.57477e-09
0.0051948
-7.16178e-10
0.0051948
-1.94001e-09
0.0051948
-6.6876e-10
0.0051948
-2.37564e-09
0.0051948
-1.24001e-09
0.0051948
-2.34599e-09
0.0051948
-1.41404e-09
0.0051948
-3.04152e-09
0.0051948
-1.8786e-09
0.0051948
-3.20382e-09
0.00519481
-2.69072e-09
0.00519481
-4.35973e-09
0.00519481
-4.94009e-09
0.00519481
-7.7526e-09
0.00519481
-9.6706e-09
0.00519481
-1.43052e-08
0.00519482
-1.87446e-08
0.00519482
-2.66545e-08
0.00519483
-3.61305e-08
0.00519485
-5.07529e-08
0.00519486
-7.01866e-08
0.00519488
-1.0074e-07
0.00519492
-1.44284e-07
0.00519497
-2.21395e-07
0.00519504
-3.39076e-07
0.00519518
-6.06324e-07
0.0051954
-1.0364e-06
0.005196
-2.6941e-06
0.00519751
-6.61963e-06
0.00520272
-2.26194e-05
-4.41536e-05
0.00510808
-0.000514863
0.0051687
-0.000315896
0.00518541
-9.20055e-05
0.005186
-2.61803e-06
0.00518491
6.2773e-06
0.00518537
-2.06583e-06
0.00518636
-5.37789e-06
0.00518756
-6.65165e-06
0.00518862
-5.88227e-06
0.00518955
-5.1529e-06
0.00519033
-4.32017e-06
0.00519098
-3.66771e-06
0.00519153
-3.08917e-06
0.005192
-2.62479e-06
0.00519239
-2.24277e-06
0.00519274
-1.93188e-06
0.00519303
-1.67531e-06
0.00519329
-1.4566e-06
0.00519351
-1.27016e-06
0.0051937
-1.10732e-06
0.00519387
-9.64149e-07
0.00519402
-8.36272e-07
0.00519414
-7.25354e-07
0.00519425
-6.24061e-07
0.00519434
-5.36587e-07
0.00519442
-4.57378e-07
0.00519449
-3.90945e-07
0.00519455
-3.29872e-07
0.00519459
-2.78644e-07
0.00519463
-2.32533e-07
0.00519466
-1.95126e-07
0.00519469
-1.60247e-07
0.00519471
-1.33096e-07
0.00519473
-1.07119e-07
0.00519475
-8.77656e-08
0.00519476
-6.93475e-08
0.00519477
-5.60793e-08
0.00519478
-4.26252e-08
0.00519478
-3.42981e-08
0.00519479
-2.55518e-08
0.00519479
-2.14816e-08
0.00519479
-1.49345e-08
0.0051948
-1.37807e-08
0.0051948
-9.85021e-09
0.0051948
-1.00398e-08
0.0051948
-7.15734e-09
0.0051948
-7.63065e-09
0.0051948
-5.16115e-09
0.0051948
-5.48316e-09
0.0051948
-3.32541e-09
0.0051948
-3.48898e-09
0.0051948
-1.23769e-09
0.0051948
-2.71072e-09
0.0051948
3.09168e-10
0.0051948
-1.03383e-09
0.0051948
1.02416e-09
0.0051948
-5.07053e-11
0.0051948
1.50879e-09
0.0051948
7.82274e-11
0.0051948
1.58483e-09
0.0051948
-4.57471e-10
0.0051948
6.33295e-10
0.0051948
-6.68316e-10
0.0051948
8.01221e-10
0.0051948
-1.07066e-09
0.0051948
4.98732e-10
0.0051948
-1.09031e-09
0.0051948
1.07565e-10
0.0051948
-1.60597e-09
0.0051948
-9.43356e-10
0.0051948
-2.20454e-09
0.0051948
-8.56969e-10
0.0051948
-2.45651e-09
0.0051948
-1.44804e-09
0.0051948
-2.48662e-09
0.0051948
-1.49388e-09
0.0051948
-3.11619e-09
0.0051948
-2.10056e-09
0.0051948
-3.4168e-09
0.0051948
-3.08962e-09
0.00519481
-4.93892e-09
0.00519481
-5.84746e-09
0.00519481
-9.0472e-09
0.00519481
-1.15745e-08
0.00519481
-1.70213e-08
0.00519482
-2.26658e-08
0.00519482
-3.2093e-08
0.00519483
-4.37989e-08
0.00519484
-6.14804e-08
0.00519486
-8.50824e-08
0.00519488
-1.21655e-07
0.00519491
-1.73863e-07
0.00519495
-2.65343e-07
0.00519502
-4.0413e-07
0.00519513
-7.18718e-07
0.00519532
-1.22747e-06
0.00519584
-3.2114e-06
0.00519718
-7.95714e-06
0.00520188
-2.73226e-05
-5.34777e-05
0.00511254
-0.000627402
0.00517086
-0.00037422
0.00518615
-0.00010729
0.00518679
-3.26112e-06
0.00518583
7.23286e-06
0.00518632
-2.55276e-06
0.00518722
-6.27926e-06
0.00518833
-7.75752e-06
0.00518929
-6.84365e-06
0.00519013
-5.99437e-06
0.00519083
-5.01808e-06
0.00519142
-4.25669e-06
0.00519191
-3.5827e-06
0.00519233
-3.04279e-06
0.00519268
-2.59848e-06
0.00519299
-2.23729e-06
0.00519325
-1.93865e-06
0.00519348
-1.68447e-06
0.00519368
-1.46768e-06
0.00519385
-1.27882e-06
0.005194
-1.11263e-06
0.00519412
-9.64494e-07
0.00519423
-8.35536e-07
0.00519433
-7.18712e-07
0.00519441
-6.17216e-07
0.00519448
-5.25578e-07
0.00519453
-4.4834e-07
0.00519458
-3.78096e-07
0.00519462
-3.18978e-07
0.00519466
-2.65974e-07
0.00519469
-2.2269e-07
0.00519471
-1.83075e-07
0.00519473
-1.51802e-07
0.00519474
-1.22632e-07
0.00519475
-1.00201e-07
0.00519477
-7.94314e-08
0.00519477
-6.42593e-08
0.00519478
-4.92229e-08
0.00519479
-3.94082e-08
0.00519479
-2.9516e-08
0.00519479
-2.46318e-08
0.0051948
-1.74547e-08
0.0051948
-1.54684e-08
0.0051948
-1.11868e-08
0.0051948
-1.10047e-08
0.0051948
-7.99179e-09
0.0051948
-8.04472e-09
0.0051948
-5.44226e-09
0.0051948
-5.61981e-09
0.0051948
-3.53028e-09
0.0051948
-3.64192e-09
0.0051948
-1.25816e-09
0.0051948
-2.8146e-09
0.0051948
-7.04673e-11
0.0051948
-1.1956e-09
0.0051948
7.54914e-10
0.0051948
-1.88567e-10
0.0051948
1.29929e-09
0.0051948
-1.10601e-10
0.0051948
1.48899e-09
0.0051948
-3.76946e-10
0.0051948
5.53368e-10
0.0051948
-6.75315e-10
0.0051948
8.68909e-10
0.0051948
-9.33396e-10
0.0051948
4.49971e-10
0.0051948
-1.16031e-09
0.0051948
-8.84851e-11
0.0051948
-1.69449e-09
0.0051948
-1.17381e-09
0.0051948
-2.48315e-09
0.0051948
-1.07809e-09
0.0051948
-2.50657e-09
0.0051948
-1.6215e-09
0.0051948
-2.61192e-09
0.0051948
-1.55972e-09
0.0051948
-3.12563e-09
0.0051948
-2.26353e-09
0.0051948
-3.57729e-09
0.0051948
-3.43452e-09
0.0051948
-5.43022e-09
0.00519481
-6.62396e-09
0.00519481
-1.01552e-08
0.00519481
-1.32274e-08
0.00519481
-1.93787e-08
0.00519482
-2.61098e-08
0.00519482
-3.68804e-08
0.00519483
-5.05514e-08
0.00519484
-7.09302e-08
0.00519485
-9.81659e-08
0.00519487
-1.39857e-07
0.00519489
-1.99268e-07
0.00519493
-3.02175e-07
0.00519498
-4.56975e-07
0.00519507
-8.06986e-07
0.00519522
-1.37643e-06
0.00519564
-3.63023e-06
0.00519677
-9.09161e-06
0.00520085
-3.1402e-05
-6.16653e-05
0.00511811
-0.000745516
0.00517351
-0.000429618
0.00518706
-0.000120835
0.00518776
-3.96628e-06
0.00518695
8.04565e-06
0.00518745
-3.06074e-06
0.00518825
-7.079e-06
0.00518923
-8.73763e-06
0.00519008
-7.68524e-06
0.00519081
-6.73035e-06
0.00519142
-5.62529e-06
0.00519193
-4.7678e-06
0.00519236
-4.00965e-06
0.00519272
-3.40349e-06
0.00519302
-2.90441e-06
0.00519328
-2.49911e-06
0.00519351
-2.16363e-06
0.0051937
-1.87839e-06
0.00519387
-1.63502e-06
0.00519401
-1.42357e-06
0.00519414
-1.23747e-06
0.00519425
-1.07188e-06
0.00519434
-9.27296e-07
0.00519442
-7.97235e-07
0.00519448
-6.83929e-07
0.00519454
-5.81787e-07
0.00519459
-4.95413e-07
0.00519463
-4.1749e-07
0.00519466
-3.51837e-07
0.00519469
-2.93136e-07
0.00519471
-2.44899e-07
0.00519473
-2.01414e-07
0.00519474
-1.66757e-07
0.00519475
-1.35058e-07
0.00519476
-1.1012e-07
0.00519477
-8.73743e-08
0.00519478
-7.06917e-08
0.00519478
-5.44628e-08
0.00519479
-4.34474e-08
0.00519479
-3.2627e-08
0.00519479
-2.70247e-08
0.0051948
-1.94427e-08
0.0051948
-1.67336e-08
0.0051948
-1.21751e-08
0.0051948
-1.16587e-08
0.0051948
-8.57908e-09
0.0051948
-8.30322e-09
0.0051948
-5.59053e-09
0.0051948
-5.64269e-09
0.0051948
-3.62217e-09
0.0051948
-3.70814e-09
0.0051948
-1.21732e-09
0.0051948
-2.76264e-09
0.0051948
-3.47768e-10
0.0051948
-1.2622e-09
0.0051948
5.87031e-10
0.0051948
-2.29924e-10
0.0051948
1.19609e-09
0.0051948
-2.4255e-10
0.0051948
1.3778e-09
0.0051948
-2.81626e-10
0.0051948
4.76452e-10
0.0051948
-7.25501e-10
0.0051948
8.48083e-10
0.0051948
-8.55709e-10
0.0051948
3.49087e-10
0.0051948
-1.27051e-09
0.0051948
-3.35028e-10
0.0051948
-1.78084e-09
0.0051948
-1.32899e-09
0.0051948
-2.68757e-09
0.0051948
-1.2734e-09
0.0051948
-2.48998e-09
0.0051948
-1.72006e-09
0.0051948
-2.69e-09
0.0051948
-1.59886e-09
0.0051948
-3.0713e-09
0.0051948
-2.36895e-09
0.0051948
-3.6934e-09
0.0051948
-3.73617e-09
0.0051948
-5.84213e-09
0.0051948
-7.27117e-09
0.00519481
-1.10741e-08
0.00519481
-1.4617e-08
0.00519481
-2.13385e-08
0.00519481
-2.89955e-08
0.00519482
-4.08919e-08
0.00519482
-5.61998e-08
0.00519483
-7.88375e-08
0.00519484
-1.09099e-07
0.00519486
-1.54905e-07
0.00519488
-2.19892e-07
0.00519491
-3.30969e-07
0.00519495
-4.96164e-07
0.00519501
-8.68348e-07
0.00519511
-1.4782e-06
0.00519542
-3.93681e-06
0.00519632
-9.99121e-06
0.00519966
-3.47439e-05
-6.84965e-05
0.00512494
-0.000870454
0.00517667
-0.000481348
0.00518815
-0.000132316
0.00518892
-4.7381e-06
0.00518826
8.70832e-06
0.00518877
-3.57856e-06
0.00518945
-7.75555e-06
0.00519028
-9.56808e-06
0.00519098
-8.38586e-06
0.00519159
-7.34251e-06
0.00519209
-6.1266e-06
0.00519251
-5.18821e-06
0.00519286
-4.35923e-06
0.00519316
-3.69777e-06
0.00519341
-3.15279e-06
0.00519362
-2.7106e-06
0.0051938
-2.34442e-06
0.00519395
-2.03338e-06
0.00519409
-1.76786e-06
0.0051942
-1.53779e-06
0.0051943
-1.33538e-06
0.00519438
-1.15563e-06
0.00519445
-9.98278e-07
0.00519451
-8.57589e-07
0.00519456
-7.34969e-07
0.00519461
-6.24544e-07
0.00519464
-5.30956e-07
0.00519467
-4.47034e-07
0.0051947
-3.76317e-07
0.00519472
-3.13259e-07
0.00519473
-2.61139e-07
0.00519475
-2.14741e-07
0.00519476
-1.77505e-07
0.00519477
-1.43981e-07
0.00519477
-1.17211e-07
0.00519478
-9.29526e-08
0.00519478
-7.51862e-08
0.00519479
-5.8202e-08
0.00519479
-4.63286e-08
0.00519479
-3.48527e-08
0.00519479
-2.86453e-08
0.0051948
-2.08808e-08
0.0051948
-1.76019e-08
0.0051948
-1.28408e-08
0.0051948
-1.20145e-08
0.0051948
-8.90868e-09
0.0051948
-8.41358e-09
0.0051948
-5.62859e-09
0.0051948
-5.55262e-09
0.0051948
-3.58802e-09
0.0051948
-3.6798e-09
0.0051948
-1.14487e-09
0.0051948
-2.58347e-09
0.0051948
-5.14205e-10
0.0051948
-1.2476e-09
0.0051948
4.9286e-10
0.0051948
-2.16895e-10
0.0051948
1.16792e-09
0.0051948
-3.33724e-10
0.0051948
1.22016e-09
0.0051948
-2.08302e-10
0.0051948
3.97159e-10
0.0051948
-8.08358e-10
0.0051948
7.51688e-10
0.0051948
-8.21297e-10
0.0051948
2.42265e-10
0.0051948
-1.34488e-09
0.0051948
-5.44437e-10
0.0051948
-1.79771e-09
0.0051948
-1.34041e-09
0.0051948
-2.7389e-09
0.0051948
-1.38939e-09
0.0051948
-2.38341e-09
0.0051948
-1.71669e-09
0.0051948
-2.6977e-09
0.0051948
-1.60888e-09
0.0051948
-2.9712e-09
0.0051948
-2.43546e-09
0.0051948
-3.78456e-09
0.0051948
-4.01022e-09
0.0051948
-6.18868e-09
0.0051948
-7.79646e-09
0.0051948
-1.18038e-08
0.0051948
-1.57308e-08
0.0051948
-2.28626e-08
0.00519481
-3.12425e-08
0.00519481
-4.40055e-08
0.00519481
-6.057e-08
0.00519482
-8.49644e-08
0.00519483
-1.17584e-07
0.00519484
-1.66425e-07
0.00519486
-2.35248e-07
0.00519488
-3.51046e-07
0.0051949
-5.20731e-07
0.00519494
-9.0106e-07
0.00519499
-1.52944e-06
0.00519517
-4.12056e-06
0.00519581
-1.06289e-05
0.00519831
-3.72422e-05
-7.37564e-05
0.00513319
-0.00100364
0.00518036
-0.000528523
0.00518944
-0.000141387
0.00519027
-5.57478e-06
0.00518976
9.21964e-06
0.00519027
-4.08882e-06
0.0051908
-8.28578e-06
0.00519146
-1.02238e-05
0.00519199
-8.92395e-06
0.00519246
-7.81225e-06
0.00519284
-6.5067e-06
0.00519316
-5.50517e-06
0.00519342
-4.6208e-06
0.00519364
-3.91672e-06
0.00519382
-3.33613e-06
0.00519398
-2.86539e-06
0.00519411
-2.47555e-06
0.00519422
-2.14476e-06
0.00519432
-1.86225e-06
0.0051944
-1.61806e-06
0.00519446
-1.40342e-06
0.00519452
-1.21323e-06
0.00519457
-1.04642e-06
0.00519461
-8.98017e-07
0.00519464
-7.68819e-07
0.00519467
-6.52585e-07
0.0051947
-5.53926e-07
0.00519471
-4.65857e-07
0.00519473
-3.91646e-07
0.00519474
-3.25682e-07
0.00519475
-2.70896e-07
0.00519476
-2.22624e-07
0.00519477
-1.83672e-07
0.00519477
-1.49054e-07
0.00519478
-1.21206e-07
0.00519478
-9.59979e-08
0.00519478
-7.76007e-08
0.00519478
-6.03271e-08
0.00519479
-4.79798e-08
0.00519479
-3.61719e-08
0.00519479
-2.95011e-08
0.00519479
-2.17604e-08
0.00519479
-1.80936e-08
0.00519479
-1.32081e-08
0.00519479
-1.20937e-08
0.00519479
-8.98271e-09
0.00519479
-8.37771e-09
0.00519479
-5.57711e-09
0.00519479
-5.35872e-09
0.00519479
-3.43253e-09
0.00519479
-3.56393e-09
0.00519479
-1.08067e-09
0.00519479
-2.33424e-09
0.00519479
-5.93316e-10
0.00519479
-1.19305e-09
0.00519479
4.18801e-10
0.00519479
-2.1345e-10
0.00519479
1.15755e-09
0.00519479
-4.0671e-10
0.00519479
9.89393e-10
0.00519479
-1.89244e-10
0.00519479
3.10738e-10
0.00519479
-9.05954e-10
0.00519479
6.0565e-10
0.00519479
-8.03331e-10
0.00519479
1.73882e-10
0.00519479
-1.31896e-09
0.00519479
-6.43711e-10
0.00519479
-1.70062e-09
0.00519479
-1.1792e-09
0.00519479
-2.59719e-09
0.00519479
-1.39563e-09
0.00519479
-2.18701e-09
0.00519479
-1.60734e-09
0.00519479
-2.62974e-09
0.00519479
-1.59993e-09
0.00519479
-2.85618e-09
0.00519479
-2.49111e-09
0.00519479
-3.87123e-09
0.00519479
-4.26533e-09
0.00519479
-6.47501e-09
0.00519479
-8.2009e-09
0.00519479
-1.23362e-08
0.00519479
-1.65433e-08
0.00519479
-2.39045e-08
0.00519479
-3.27691e-08
0.0051948
-4.61059e-08
0.0051948
-6.35133e-08
0.00519481
-8.91142e-08
0.00519481
-1.23378e-07
0.00519482
-1.74115e-07
0.00519483
-2.44964e-07
0.00519484
-3.61977e-07
0.00519485
-5.30225e-07
0.00519485
-9.04506e-07
0.00519485
-1.52878e-06
0.00519491
-4.17477e-06
0.00519526
-1.09832e-05
0.00519682
-3.88002e-05
-7.7237e-05
0.00514309
-0.00114674
0.00518464
-0.000570067
0.00519093
-0.000147678
0.00519182
-6.46447e-06
0.00519145
9.58391e-06
0.00519193
-4.56762e-06
0.00519229
-8.64515e-06
0.00519275
-1.06783e-05
0.0051931
-9.27746e-06
0.00519341
-8.12063e-06
0.00519365
-6.75025e-06
0.00519385
-5.706e-06
0.00519401
-4.78394e-06
0.00519415
-4.05171e-06
0.00519426
-3.44727e-06
0.00519435
-2.95747e-06
0.00519443
-2.55194e-06
0.00519449
-2.20825e-06
0.00519454
-1.91459e-06
0.00519459
-1.66133e-06
0.00519462
-1.43899e-06
0.00519465
-1.24254e-06
0.00519468
-1.06999e-06
0.0051947
-9.17061e-07
0.00519471
-7.84222e-07
0.00519472
-6.64867e-07
0.00519473
-5.63465e-07
0.00519474
-4.73254e-07
0.00519475
-3.97217e-07
0.00519475
-3.29899e-07
0.00519475
-2.73789e-07
0.00519475
-2.2475e-07
0.00519476
-1.84999e-07
0.00519476
-1.50043e-07
0.00519476
-1.21925e-07
0.00519476
-9.64143e-08
0.00519476
-7.78538e-08
0.00519476
-6.07606e-08
0.00519476
-4.8343e-08
0.00519476
-3.65612e-08
0.00519476
-2.9603e-08
0.00519476
-2.20684e-08
0.00519476
-1.82079e-08
0.00519476
-1.32844e-08
0.00519476
-1.19189e-08
0.00519476
-8.81664e-09
0.00519476
-8.19582e-09
0.00519476
-5.45147e-09
0.00519476
-5.07876e-09
0.00519476
-3.17857e-09
0.00519476
-3.37842e-09
0.00519476
-1.05899e-09
0.00519476
-2.0784e-09
0.00519476
-6.23365e-10
0.00519476
-1.14355e-09
0.00519476
3.17881e-10
0.00519476
-2.71738e-10
0.00519476
1.11289e-09
0.00519476
-4.82226e-10
0.00519476
6.84002e-10
0.00519476
-2.39727e-10
0.00519476
2.1575e-10
0.00519476
-9.99538e-10
0.00519476
4.39108e-10
0.00519476
-7.80234e-10
0.00519476
1.62598e-10
0.00519476
-1.16985e-09
0.00519476
-6.02593e-10
0.00519476
-1.48954e-09
0.00519476
-8.73179e-10
0.00519476
-2.27623e-09
0.00519476
-1.29392e-09
0.00519476
-1.92468e-09
0.00519476
-1.41312e-09
0.00519476
-2.49996e-09
0.00519476
-1.59085e-09
0.00519476
-2.75779e-09
0.00519476
-2.55879e-09
0.00519476
-3.96021e-09
0.00519476
-4.49037e-09
0.00519476
-6.69071e-09
0.00519476
-8.47457e-09
0.00519476
-1.26449e-08
0.00519476
-1.70101e-08
0.00519476
-2.44077e-08
0.00519476
-3.34952e-08
0.00519476
-4.70972e-08
0.00519477
-6.49183e-08
0.00519477
-9.1143e-08
0.00519477
-1.26289e-07
0.00519478
-1.7774e-07
0.00519478
-2.48782e-07
0.00519478
-3.63583e-07
0.00519478
-5.24718e-07
0.00519475
-8.79271e-07
0.0051947
-1.477e-06
0.00519462
-4.09713e-06
0.00519468
-1.10392e-05
0.00519521
-3.93333e-05
-7.87395e-05
0.00515491
-0.00130165
0.0051895
-0.000604651
0.00519261
-0.000150783
0.00519352
-7.38037e-06
0.0051933
9.80924e-06
0.00519371
-4.98441e-06
0.00519388
-8.80804e-06
0.0051941
-1.0904e-05
0.00519425
-9.42396e-06
0.00519437
-8.24844e-06
0.00519447
-6.84189e-06
0.00519454
-5.77816e-06
0.00519459
-4.8385e-06
0.00519463
-4.09442e-06
0.00519467
-3.47945e-06
0.00519469
-2.98126e-06
0.00519471
-2.56896e-06
0.00519472
-2.21998e-06
0.00519473
-1.92172e-06
0.00519473
-1.66499e-06
0.00519473
-1.43995e-06
0.00519473
-1.24176e-06
0.00519473
-1.06755e-06
0.00519473
-9.13568e-07
0.00519472
-7.80203e-07
0.00519472
-6.6059e-07
0.00519471
-5.58926e-07
0.00519471
-4.68718e-07
0.0051947
-3.92634e-07
0.0051947
-3.25592e-07
0.0051947
-2.69606e-07
0.00519469
-2.20962e-07
0.00519469
-1.8138e-07
0.00519469
-1.46869e-07
0.00519468
-1.19302e-07
0.00519468
-9.41913e-08
0.00519468
-7.59334e-08
0.00519468
-5.94694e-08
0.00519468
-4.73808e-08
0.00519468
-3.59902e-08
0.00519468
-2.89563e-08
0.00519468
-2.17824e-08
0.00519468
-1.79209e-08
0.00519468
-1.30582e-08
0.00519467
-1.15093e-08
0.00519467
-8.44039e-09
0.00519467
-7.86866e-09
0.00519467
-5.25246e-09
0.00519467
-4.72774e-09
0.00519467
-2.85634e-09
0.00519467
-3.14204e-09
0.00519467
-1.08269e-09
0.00519467
-1.85926e-09
0.00519467
-6.25267e-10
0.00519467
-1.11735e-09
0.00519467
1.80713e-10
0.00519467
-4.03497e-10
0.00519467
1.0067e-09
0.00519467
-5.54764e-10
0.00519467
3.34987e-10
0.00519467
-3.60682e-10
0.00519467
1.19271e-10
0.00519467
-1.08487e-09
0.00519467
2.68973e-10
0.00519467
-7.58033e-10
0.00519467
1.89634e-10
0.00519467
-9.32911e-10
0.00519467
-4.49533e-10
0.00519467
-1.21747e-09
0.00519467
-4.99284e-10
0.00519467
-1.84009e-09
0.00519467
-1.11472e-09
0.00519467
-1.63994e-09
0.00519467
-1.1744e-09
0.00519467
-2.33391e-09
0.00519467
-1.59188e-09
0.00519467
-2.693e-09
0.00519467
-2.6387e-09
0.00519467
-4.0343e-09
0.00519467
-4.65086e-09
0.00519467
-6.80785e-09
0.00519467
-8.58847e-09
0.00519467
-1.26774e-08
0.00519467
-1.70636e-08
0.00519467
-2.43141e-08
0.00519467
-3.33607e-08
0.00519467
-4.69107e-08
0.00519467
-6.47266e-08
0.00519467
-9.0964e-08
0.00519467
-1.26181e-07
0.00519467
-1.77129e-07
0.00519467
-2.46546e-07
0.00519466
-3.55922e-07
0.00519464
-5.04802e-07
0.00519459
-8.27182e-07
0.00519449
-1.3772e-06
0.00519428
-3.89041e-06
0.00519403
-1.07889e-05
0.00519347
-3.87731e-05
-7.80776e-05
0.00516894
-0.00147059
0.0051949
-0.000630608
0.00519437
-0.000150255
0.00519527
-8.27453e-06
0.00519517
9.90418e-06
0.00519549
-5.30239e-06
0.00519543
-8.74828e-06
0.0051954
-1.08717e-05
0.00519531
-9.34072e-06
0.00519524
-8.17629e-06
0.00519517
-6.7664e-06
0.0051951
-5.70938e-06
0.00519503
-4.77473e-06
0.00519498
-4.03699e-06
0.00519492
-3.42635e-06
0.00519487
-2.93167e-06
0.00519483
-2.52246e-06
0.00519478
-2.17657e-06
0.00519474
-1.88091e-06
0.00519471
-1.62688e-06
0.00519467
-1.40457e-06
0.00519464
-1.20949e-06
0.00519461
-1.03801e-06
0.00519458
-8.86706e-07
0.00519456
-7.56097e-07
0.00519454
-6.39232e-07
0.00519452
-5.39917e-07
0.0051945
-4.51979e-07
0.00519449
-3.77742e-07
0.00519447
-3.12669e-07
0.00519446
-2.58319e-07
0.00519445
-2.11277e-07
0.00519444
-1.7288e-07
0.00519444
-1.39625e-07
0.00519443
-1.13398e-07
0.00519443
-8.94058e-08
0.00519442
-7.19009e-08
0.00519442
-5.64781e-08
0.00519442
-4.50948e-08
0.00519442
-3.44313e-08
0.00519442
-2.75605e-08
0.00519441
-2.08713e-08
0.00519441
-1.7192e-08
0.00519441
-1.25035e-08
0.00519441
-1.08741e-08
0.00519441
-7.8693e-09
0.00519441
-7.3977e-09
0.00519441
-4.95391e-09
0.00519441
-4.31654e-09
0.00519441
-2.4953e-09
0.00519441
-2.8563e-09
0.00519441
-1.12526e-09
0.00519441
-1.67153e-09
0.00519441
-5.97853e-10
0.00519441
-1.09486e-09
0.00519441
3.68063e-11
0.00519441
-5.75113e-10
0.00519441
8.57494e-10
0.00519441
-6.04807e-10
0.00519441
-1.22035e-11
0.00519441
-5.26282e-10
0.00519441
1.473e-11
0.00519441
-1.15319e-09
0.00519441
9.54807e-11
0.00519441
-7.49005e-10
0.00519441
2.0871e-10
0.00519441
-6.74211e-10
0.00519441
-2.49034e-10
0.00519441
-9.50034e-10
0.00519441
-1.49131e-10
0.00519441
-1.36598e-09
0.00519441
-8.95671e-10
0.00519441
-1.36654e-09
0.00519441
-9.30689e-10
0.00519441
-2.14807e-09
0.00519441
-1.60207e-09
0.00519441
-2.65058e-09
0.00519441
-2.70768e-09
0.00519441
-4.05191e-09
0.00519441
-4.69587e-09
0.00519441
-6.76029e-09
0.00519441
-8.46173e-09
0.00519441
-1.23698e-08
0.00519441
-1.66267e-08
0.00519441
-2.35776e-08
0.00519441
-3.23354e-08
0.0051944
-4.55412e-08
0.0051944
-6.29233e-08
0.0051944
-8.8536e-08
0.0051944
-1.22957e-07
0.00519439
-1.72159e-07
0.00519439
-2.38193e-07
0.00519437
-3.3927e-07
0.00519434
-4.71568e-07
0.00519426
-7.51326e-07
0.00519412
-1.23493e-06
0.00519379
-3.56298e-06
0.00519323
-1.02323e-05
0.00519153
-3.70722e-05
-7.50828e-05
0.00518539
-0.00165598
0.00520057
-0.000645791
0.0051959
-0.000145587
0.0051967
-9.07108e-06
0.00519673
9.8716e-06
0.00519691
-5.47955e-06
0.0051966
-8.44008e-06
0.00519628
-1.05512e-05
0.00519594
-9.00492e-06
0.00519565
-7.88483e-06
0.00519539
-6.5089e-06
0.00519517
-5.48781e-06
0.00519498
-4.58338e-06
0.00519481
-3.87199e-06
0.00519467
-3.28211e-06
0.00519454
-2.80407e-06
0.00519443
-2.40876e-06
0.00519433
-2.07511e-06
0.00519424
-1.78992e-06
0.00519416
-1.54531e-06
0.00519408
-1.33157e-06
0.00519402
-1.14474e-06
0.00519396
-9.80635e-07
0.00519391
-8.35988e-07
0.00519387
-7.11578e-07
0.00519383
-6.00585e-07
0.00519379
-5.06326e-07
0.00519376
-4.23025e-07
0.00519374
-3.52638e-07
0.00519372
-2.91271e-07
0.0051937
-2.40091e-07
0.00519368
-1.95882e-07
0.00519367
-1.59728e-07
0.00519366
-1.28567e-07
0.00519365
-1.04404e-07
0.00519364
-8.22157e-08
0.00519364
-6.59012e-08
0.00519364
-5.18721e-08
0.00519363
-4.15357e-08
0.00519363
-3.18765e-08
0.00519363
-2.53872e-08
0.00519363
-1.93058e-08
0.00519362
-1.59905e-08
0.00519362
-1.16047e-08
0.00519362
-1.00167e-08
0.00519362
-7.14275e-09
0.00519362
-6.76852e-09
0.00519362
-4.55518e-09
0.00519362
-3.84391e-09
0.00519362
-2.10973e-09
0.00519362
-2.50949e-09
0.00519362
-1.12223e-09
0.00519362
-1.47433e-09
0.00519362
-5.09327e-10
0.00519362
-1.02769e-09
0.00519362
-5.29878e-11
0.00519362
-7.16447e-10
0.00519362
6.99279e-10
0.00519362
-6.04068e-10
0.00519362
-3.02873e-10
0.00519362
-7.04297e-10
0.00519362
-9.50883e-11
0.00519362
-1.20884e-09
0.00519362
-8.63261e-11
0.00519362
-7.75351e-10
0.00519362
1.7089e-10
0.00519362
-4.71019e-10
0.00519362
-7.46432e-11
0.00519362
-7.47895e-10
0.00519362
1.02527e-10
0.00519362
-9.27206e-10
0.00519362
-6.70003e-10
0.00519362
-1.12786e-09
0.00519362
-7.11028e-10
0.00519362
-1.95058e-09
0.00519362
-1.59873e-09
0.00519362
-2.59472e-09
0.00519362
-2.71819e-09
0.00519361
-3.95823e-09
0.00519361
-4.56739e-09
0.00519361
-6.50007e-09
0.00519361
-8.06029e-09
0.00519361
-1.16591e-08
0.00519361
-1.56579e-08
0.00519361
-2.21198e-08
0.00519361
-3.04178e-08
0.00519361
-4.30241e-08
0.00519361
-5.95131e-08
0.0051936
-8.38347e-08
0.0051936
-1.16537e-07
0.00519359
-1.6274e-07
0.00519357
-2.23735e-07
0.00519355
-3.14092e-07
0.0051935
-4.26578e-07
0.00519341
-6.56034e-07
0.00519323
-1.05837e-06
0.0051928
-3.12949e-06
0.00519194
-9.37824e-06
0.00518908
-3.42124e-05
-6.96146e-05
0.00520397
-0.00185995
0.00520552
-0.000647339
0.00519614
-0.000136208
0.00519673
-9.66089e-06
0.0051969
9.69864e-06
0.00519689
-5.47098e-06
0.00519631
-7.8597e-06
0.00519567
-9.91179e-06
0.00519506
-8.39447e-06
0.00519453
-7.35528e-06
0.00519408
-6.05528e-06
0.00519369
-5.10224e-06
0.00519336
-4.25582e-06
0.00519308
-3.59263e-06
0.00519284
-3.04141e-06
0.00519263
-2.59435e-06
0.00519245
-2.2247e-06
0.00519229
-1.9132e-06
0.00519215
-1.64697e-06
0.00519202
-1.41907e-06
0.00519191
-1.22015e-06
0.00519181
-1.04697e-06
0.00519172
-8.95105e-07
0.00519165
-7.61307e-07
0.00519159
-6.46684e-07
0.00519153
-5.44762e-07
0.00519148
-4.58346e-07
0.00519144
-3.82146e-07
0.0051914
-3.17659e-07
0.00519138
-2.61758e-07
0.00519135
-2.15256e-07
0.00519133
-1.75122e-07
0.00519131
-1.42291e-07
0.0051913
-1.14072e-07
0.00519129
-9.26093e-08
0.00519128
-7.28437e-08
0.00519127
-5.81545e-08
0.00519126
-4.58156e-08
0.00519126
-3.67042e-08
0.00519126
-2.83642e-08
0.00519125
-2.25032e-08
0.00519125
-1.71346e-08
0.00519125
-1.43165e-08
0.00519125
-1.03636e-08
0.00519125
-8.94023e-09
0.00519125
-6.27665e-09
0.00519125
-5.97472e-09
0.00519124
-4.03421e-09
0.00519124
-3.30219e-09
0.00519124
-1.70205e-09
0.00519124
-2.08613e-09
0.00519124
-1.00638e-09
0.00519124
-1.21604e-09
0.00519124
-3.32876e-10
0.00519124
-8.74918e-10
0.00519124
-3.8668e-11
0.00519124
-7.6187e-10
0.00519124
5.62648e-10
0.00519124
-5.40122e-10
0.00519124
-4.94289e-10
0.00519124
-8.57302e-10
0.00519124
-2.0461e-10
0.00519124
-1.25141e-09
0.00519124
-2.72138e-10
0.00519124
-8.37443e-10
0.00519124
5.70789e-11
0.00519124
-3.67713e-10
0.00519124
2.93095e-11
0.00519124
-6.28579e-10
0.00519124
2.27551e-10
0.00519124
-5.67245e-10
0.00519124
-4.55068e-10
0.00519124
-9.23863e-10
0.00519124
-5.25593e-10
0.00519124
-1.73609e-09
0.00519124
-1.54834e-09
0.00519124
-2.47556e-09
0.00519124
-2.61788e-09
0.00519124
-3.70535e-09
0.00519124
-4.22578e-09
0.00519124
-5.97936e-09
0.00519124
-7.34161e-09
0.00519124
-1.05232e-08
0.00519124
-1.41507e-08
0.00519123
-2.0019e-08
0.00519123
-2.76718e-08
0.00519123
-3.92448e-08
0.00519122
-5.44935e-08
0.00519122
-7.68252e-08
0.00519121
-1.06848e-07
0.00519119
-1.4881e-07
0.00519117
-2.03241e-07
0.00519114
-2.80985e-07
0.00519109
-3.71803e-07
0.00519098
-5.46781e-07
0.00519078
-8.58397e-07
0.00519026
-2.61201e-06
0.00518913
-8.24546e-06
0.00518513
-3.02167e-05
-6.15777e-05
0.00522263
-0.00208257
0.0052066
-0.000631315
0.0051919
-0.000121503
0.00519214
-9.89872e-06
0.00519249
9.34155e-06
0.00519225
-5.23297e-06
0.00519138
-6.98852e-06
0.00519039
-8.92368e-06
0.00518949
-7.48988e-06
0.0051887
-6.57067e-06
0.00518804
-5.39332e-06
0.00518748
-4.54286e-06
0.00518701
-3.78453e-06
0.00518661
-3.19316e-06
0.00518627
-2.69978e-06
0.00518597
-2.29902e-06
0.00518572
-1.96777e-06
0.00518549
-1.68909e-06
0.0051853
-1.45094e-06
0.00518512
-1.2475e-06
0.00518497
-1.07007e-06
0.00518484
-9.16166e-07
0.00518473
-7.81607e-07
0.00518463
-6.63047e-07
0.00518455
-5.61902e-07
0.00518447
-4.72266e-07
0.00518441
-3.96496e-07
0.00518436
-3.29909e-07
0.00518432
-2.73366e-07
0.00518428
-2.24687e-07
0.00518425
-1.84306e-07
0.00518422
-1.49467e-07
0.0051842
-1.21028e-07
0.00518418
-9.65872e-08
0.00518417
-7.8358e-08
0.00518416
-6.15614e-08
0.00518415
-4.89187e-08
0.00518414
-3.85228e-08
0.00518414
-3.0867e-08
0.00518413
-2.39374e-08
0.00518413
-1.89961e-08
0.00518413
-1.44447e-08
0.00518413
-1.22109e-08
0.00518412
-8.80775e-09
0.00518412
-7.64856e-09
0.00518412
-5.28535e-09
0.00518412
-5.02101e-09
0.00518412
-3.38078e-09
0.00518412
-2.6873e-09
0.00518412
-1.27724e-09
0.00518412
-1.58991e-09
0.00518412
-7.50259e-10
0.00518412
-8.79032e-10
0.00518412
-8.4362e-11
0.00518412
-6.37681e-10
0.00518412
8.13725e-11
0.00518412
-6.86925e-10
0.00518412
4.52039e-10
0.00518412
-4.27163e-10
0.00518412
-5.67714e-10
0.00518412
-9.49467e-10
0.00518412
-3.0251e-10
0.00518412
-1.26251e-09
0.00518412
-4.3475e-10
0.00518412
-9.00745e-10
0.00518412
-1.04867e-10
0.00518412
-3.53732e-10
0.00518412
6.44861e-11
0.00518411
-5.62867e-10
0.00518411
2.44817e-10
0.00518411
-2.97388e-10
0.00518411
-2.55082e-10
0.00518411
-7.4175e-10
0.00518411
-3.74669e-10
0.00518411
-1.49548e-09
0.00518411
-1.42087e-09
0.00518411
-2.24852e-09
0.00518411
-2.37002e-09
0.00518411
-3.26723e-09
0.00518411
-3.66038e-09
0.00518411
-5.186e-09
0.00518411
-6.31337e-09
0.00518411
-8.99904e-09
0.00518411
-1.21651e-08
0.00518411
-1.7334e-08
0.0051841
-2.40486e-08
0.0051841
-3.43382e-08
0.00518409
-4.78156e-08
0.00518408
-6.74466e-08
0.00518407
-9.38146e-08
0.00518405
-1.30321e-07
0.00518403
-1.76832e-07
0.00518399
-2.40594e-07
0.00518392
-3.09381e-07
0.00518381
-4.29822e-07
0.0051836
-6.48137e-07
0.00518303
-2.0418e-06
0.00518165
-6.86671e-06
0.0051766
-2.5172e-05
-5.0945e-05
0.00523333
-0.0023159
0.00519424
-0.000592229
0.00517361
-0.000100866
0.0051733
-9.59316e-06
0.00517394
8.70327e-06
0.00517343
-4.7264e-06
0.00517226
-5.81902e-06
0.0051709
-7.5639e-06
0.00516969
-6.27911e-06
0.00516864
-5.51957e-06
0.00516776
-4.51549e-06
0.00516702
-3.80339e-06
0.0051664
-3.1646e-06
0.00516588
-2.66968e-06
0.00516543
-2.25426e-06
0.00516505
-1.91608e-06
0.00516472
-1.63685e-06
0.00516443
-1.40229e-06
0.00516418
-1.20184e-06
0.00516396
-1.031e-06
0.00516378
-8.82051e-07
0.00516361
-7.53276e-07
0.00516347
-6.41176e-07
0.00516335
-5.4237e-07
0.00516325
-4.58419e-07
0.00516316
-3.84312e-07
0.00516309
-3.21746e-07
0.00516302
-2.66938e-07
0.00516297
-2.20684e-07
0.00516293
-1.80864e-07
0.00516289
-1.47942e-07
0.00516286
-1.19555e-07
0.00516284
-9.65108e-08
0.00516282
-7.66331e-08
0.0051628
-6.20746e-08
0.00516279
-4.87112e-08
0.00516278
-3.8515e-08
0.00516277
-3.02847e-08
0.00516276
-2.42352e-08
0.00516276
-1.88517e-08
0.00516275
-1.50105e-08
0.00516275
-1.13678e-08
0.00516275
-9.7474e-09
0.00516275
-6.98984e-09
0.00516274
-6.15649e-09
0.00516274
-4.18357e-09
0.00516274
-3.92916e-09
0.00516274
-2.60908e-09
0.00516274
-2.0169e-09
0.00516274
-8.58445e-10
0.00516274
-1.06243e-09
0.00516274
-3.95381e-10
0.00516274
-5.0624e-10
0.00516274
1.63794e-10
0.00516274
-3.69687e-10
0.00516274
2.48603e-10
0.00516274
-5.21595e-10
0.00516274
3.44731e-10
0.00516274
-3.00479e-10
0.00516274
-5.27662e-10
0.00516274
-9.51373e-10
0.00516274
-3.68915e-10
0.00516274
-1.20533e-09
0.00516274
-5.27029e-10
0.00516274
-9.04461e-10
0.00516274
-2.51288e-10
0.00516274
-3.7427e-10
0.00516274
6.38848e-11
0.00516274
-4.99234e-10
0.00516274
1.96756e-10
0.00516274
-1.1122e-10
0.00516274
-7.73374e-11
0.00516274
-5.72056e-10
0.00516274
-2.60849e-10
0.00516274
-1.22524e-09
0.00516274
-1.20277e-09
0.00516274
-1.89201e-09
0.00516274
-1.96983e-09
0.00516274
-2.65696e-09
0.00516273
-2.9077e-09
0.00516273
-4.16103e-09
0.00516273
-5.03864e-09
0.00516273
-7.17274e-09
0.00516273
-9.78959e-09
0.00516273
-1.4125e-08
0.00516272
-1.96947e-08
0.00516272
-2.82746e-08
0.00516271
-3.94512e-08
0.0051627
-5.5667e-08
0.00516268
-7.74231e-08
0.00516266
-1.07316e-07
0.00516263
-1.44731e-07
0.00516258
-1.93779e-07
0.00516251
-2.41077e-07
0.00516239
-3.11823e-07
0.00516219
-4.41277e-07
0.0051616
-1.45795e-06
0.00516004
-5.30027e-06
0.00515415
-1.92884e-05
-3.78141e-05
0.00520996
-0.00252586
0.00513965
-0.000521926
0.00511259
-7.38053e-05
0.00511148
-8.47777e-06
0.00511258
7.59922e-06
0.00511177
-3.91316e-06
0.00511032
-4.36864e-06
0.00510858
-5.83244e-06
0.00510707
-4.7676e-06
0.00510576
-4.20658e-06
0.00510467
-3.42641e-06
0.00510375
-2.88801e-06
0.00510299
-2.39947e-06
0.00510234
-2.02309e-06
0.00510179
-1.70603e-06
0.00510133
-1.44826e-06
0.00510092
-1.23468e-06
0.00510058
-1.05559e-06
0.00510028
-9.02542e-07
0.00510002
-7.72408e-07
0.00509979
-6.5895e-07
0.0050996
-5.6109e-07
0.00509944
-4.76451e-07
0.0050993
-4.01766e-07
0.00509918
-3.38532e-07
0.00509908
-2.82977e-07
0.00509899
-2.36188e-07
0.00509892
-1.95373e-07
0.00509886
-1.61092e-07
0.00509881
-1.31587e-07
0.00509877
-1.07287e-07
0.00509874
-8.63646e-08
0.00509871
-6.95515e-08
0.00509869
-5.48995e-08
0.00509867
-4.43583e-08
0.00509866
-3.47906e-08
0.00509865
-2.73775e-08
0.00509864
-2.14553e-08
0.00509863
-1.71256e-08
0.00509863
-1.33754e-08
0.00509862
-1.07461e-08
0.00509862
-8.06188e-09
0.00509862
-7.02116e-09
0.00509861
-4.99282e-09
0.00509861
-4.49636e-09
0.00509861
-2.99276e-09
0.00509861
-2.73895e-09
0.00509861
-1.76681e-09
0.00509861
-1.34297e-09
0.00509861
-4.8906e-10
0.00509861
-5.74173e-10
0.00509861
-4.59338e-11
0.00509861
-1.94963e-10
0.00509861
3.06289e-10
0.00509861
-1.46781e-10
0.00509861
3.72111e-10
0.00509861
-3.36333e-10
0.00509861
2.09259e-10
0.00509861
-1.85489e-10
0.00509861
-3.91234e-10
0.00509861
-8.51423e-10
0.00509861
-3.80793e-10
0.0050986
-1.02719e-09
0.0050986
-4.99172e-10
0.0050986
-7.8889e-10
0.0050986
-3.14465e-10
0.0050986
-3.61081e-10
0.0050986
6.88321e-11
0.0050986
-3.97457e-10
0.0050986
1.20842e-10
0.0050986
5.04875e-12
0.0050986
6.3842e-11
0.0050986
-4.22636e-10
0.0050986
-1.92432e-10
0.0050986
-9.21094e-10
0.0050986
-9.01017e-10
0.0050986
-1.42053e-09
0.0050986
-1.45193e-09
0.0050986
-1.92435e-09
0.0050986
-2.04255e-09
0.0050986
-2.98751e-09
0.0050986
-3.61466e-09
0.0050986
-5.15577e-09
0.0050986
-7.13529e-09
0.00509859
-1.0466e-08
0.00509859
-1.46439e-08
0.00509858
-2.10909e-08
0.00509857
-2.94808e-08
0.00509856
-4.16168e-08
0.00509854
-5.78759e-08
0.00509851
-8.0108e-08
0.00509847
-1.07466e-07
0.00509842
-1.41638e-07
0.00509835
-1.7018e-07
0.00509824
-2.00764e-07
0.00509806
-2.56604e-07
0.00509749
-8.90663e-07
0.00509584
-3.64737e-06
0.00508957
-1.30247e-05
-2.27385e-05
0.00507208
-0.00259794
0.00495552
-0.000405372
0.00492286
-4.11444e-05
0.00492062
-6.23853e-06
0.00492247
5.74773e-06
0.00492134
-2.78058e-06
0.00491968
-2.71313e-06
0.00491762
-3.77005e-06
0.00491587
-3.01399e-06
0.00491434
-2.67529e-06
0.00491308
-2.16623e-06
0.00491202
-1.82815e-06
0.00491113
-1.51591e-06
0.00491039
-1.27825e-06
0.00490976
-1.07591e-06
0.00490922
-9.12118e-07
0.00490876
-7.75922e-07
0.00490837
-6.61958e-07
0.00490803
-5.64552e-07
0.00490774
-4.81956e-07
0.00490749
-4.09892e-07
0.00490728
-3.47783e-07
0.00490709
-2.94633e-07
0.00490694
-2.4757e-07
0.00490681
-2.0782e-07
0.0049067
-1.73161e-07
0.00490661
-1.44054e-07
0.00490653
-1.18793e-07
0.00490647
-9.76259e-08
0.00490642
-7.94008e-08
0.00490637
-6.4498e-08
0.00490634
-5.1682e-08
0.00490631
-4.15877e-08
0.00490629
-3.2565e-08
0.00490627
-2.62251e-08
0.00490626
-2.06065e-08
0.00490625
-1.61298e-08
0.00490624
-1.25761e-08
0.00490623
-9.99346e-09
0.00490622
-7.86366e-09
0.00490622
-6.44061e-09
0.00490622
-4.71859e-09
0.00490621
-4.18579e-09
0.00490621
-2.92938e-09
0.00490621
-2.74224e-09
0.00490621
-1.76673e-09
0.00490621
-1.53519e-09
0.00490621
-9.53554e-10
0.00490621
-7.34373e-10
0.00490621
-2.22584e-10
0.00490621
-2.12186e-10
0.00490621
1.66095e-10
0.00490621
-3.69721e-11
0.00490621
2.77174e-10
0.00490621
-3.40525e-11
0.00490621
3.67699e-10
0.00490621
-1.85633e-10
0.00490621
4.92815e-11
0.00490621
-8.50954e-11
0.00490621
-1.96415e-10
0.0049062
-6.42248e-10
0.0049062
-3.01624e-10
0.0049062
-7.01512e-10
0.0049062
-3.34103e-10
0.0049062
-5.30791e-10
0.0049062
-2.64218e-10
0.0049062
-2.74549e-10
0.0049062
8.9848e-11
0.0049062
-2.5428e-10
0.0049062
3.71945e-11
0.0049062
5.7348e-11
0.0049062
1.33777e-10
0.0049062
-3.02966e-10
0.0049062
-1.53554e-10
0.0049062
-5.86839e-10
0.0049062
-5.45777e-10
0.0049062
-8.72445e-10
0.0049062
-8.75751e-10
0.0049062
-1.14368e-09
0.0049062
-1.16046e-09
0.0049062
-1.77089e-09
0.0049062
-2.15754e-09
0.0049062
-3.07903e-09
0.00490619
-4.33291e-09
0.00490619
-6.48681e-09
0.00490619
-9.05731e-09
0.00490618
-1.30719e-08
0.00490617
-1.83102e-08
0.00490615
-2.58663e-08
0.00490613
-3.59799e-08
0.0049061
-4.97882e-08
0.00490606
-6.65146e-08
0.004906
-8.63949e-08
0.00490593
-1.00188e-07
0.00490584
-1.0483e-07
0.00490569
-1.11263e-07
0.00490522
-4.16901e-07
0.0049036
-2.02778e-06
0.00489776
-7.18212e-06
-7.9098e-06
0.00456769
-0.00216563
0.00437543
-0.00021311
0.00434663
-1.23488e-05
0.00434288
-2.49131e-06
0.00434591
2.72439e-06
0.00434439
-1.26512e-06
0.00434278
-1.09653e-06
0.00434058
-1.56982e-06
0.00433879
-1.22457e-06
0.0043372
-1.09161e-06
0.00433591
-8.7792e-07
0.00433483
-7.41388e-07
0.00433393
-6.13047e-07
0.00433316
-5.16333e-07
0.00433252
-4.33987e-07
0.00433198
-3.674e-07
0.00433151
-3.11627e-07
0.00433112
-2.65219e-07
0.00433078
-2.25598e-07
0.00433049
-1.9209e-07
0.00433024
-1.62784e-07
0.00433003
-1.37368e-07
0.00432985
-1.16223e-07
0.0043297
-9.72405e-08
0.00432957
-8.11226e-08
0.00432947
-6.73773e-08
0.00432938
-5.5797e-08
0.00432931
-4.58879e-08
0.00432925
-3.75182e-08
0.0043292
-3.02877e-08
0.00432916
-2.44836e-08
0.00432913
-1.95074e-08
0.0043291
-1.57934e-08
0.00432908
-1.21781e-08
0.00432906
-9.75498e-09
0.00432905
-7.78574e-09
0.00432904
-6.03679e-09
0.00432903
-4.64982e-09
0.00432903
-3.64903e-09
0.00432902
-2.94518e-09
0.00432902
-2.5217e-09
0.00432902
-1.69461e-09
0.00432901
-1.51958e-09
0.00432901
-1.02912e-09
0.00432901
-1.05811e-09
0.00432901
-6.42704e-10
0.00432901
-4.57191e-10
0.00432901
-2.84618e-10
0.00432901
-2.64523e-10
0.00432901
-1.02518e-10
0.00432901
-2.82821e-11
0.00432901
1.61535e-10
0.00432901
-5.8644e-11
0.004329
5.89939e-11
0.004329
-4.20307e-11
0.004329
2.04577e-10
0.004329
-9.51722e-11
0.004329
-1.18181e-10
0.004329
-2.39382e-12
0.004329
-3.32306e-13
0.004329
-3.47424e-10
0.004329
-1.51316e-10
0.004329
-2.54099e-10
0.004329
-7.60707e-11
0.004329
-1.71127e-10
0.004329
-1.32082e-10
0.004329
-1.19238e-10
0.004329
1.10563e-10
0.004329
-9.36034e-11
0.004329
-5.76545e-11
0.004329
4.58972e-11
0.004329
1.07715e-10
0.004329
-2.07462e-10
0.004329
-1.33902e-10
0.004329
-2.33911e-10
0.004329
-1.85242e-10
0.004329
-3.10967e-10
0.004329
-3.20335e-10
0.004329
-3.99896e-10
0.004329
-3.70142e-10
0.004329
-6.43583e-10
0.004329
-8.25798e-10
0.004329
-1.14996e-09
0.00432899
-1.66781e-09
0.00432899
-2.58459e-09
0.00432899
-3.5536e-09
0.00432898
-5.12424e-09
0.00432897
-7.22546e-09
0.00432895
-1.02177e-08
0.00432893
-1.42425e-08
0.0043289
-1.9749e-08
0.00432886
-2.63275e-08
0.00432881
-3.37383e-08
0.00432875
-3.76366e-08
0.00432867
-3.34672e-08
0.00432859
-2.26724e-08
0.00432827
-1.01494e-07
0.00432694
-6.95865e-07
0.00432236
-2.60244e-06
1.19032e-06
0.00283437
0.00262126
0.00260891
0.00260642
0.00260914
0.00260788
0.00260678
0.00260521
0.00260399
0.00260289
0.00260202
0.00260128
0.00260066
0.00260015
0.00259971
0.00259935
0.00259903
0.00259877
0.00259854
0.00259835
0.00259819
0.00259805
0.00259793
0.00259784
0.00259776
0.00259769
0.00259763
0.00259759
0.00259755
0.00259752
0.00259749
0.00259748
0.00259746
0.00259745
0.00259744
0.00259743
0.00259742
0.00259742
0.00259741
0.00259741
0.00259741
0.00259741
0.00259741
0.00259741
0.00259741
0.0025974
0.0025974
0.0025974
0.0025974
0.0025974
0.0025974
0.0025974
0.0025974
0.0025974
0.0025974
0.0025974
0.0025974
0.0025974
0.0025974
0.0025974
0.0025974
0.0025974
0.0025974
0.0025974
0.0025974
0.0025974
0.0025974
0.0025974
0.0025974
0.0025974
0.0025974
0.0025974
0.0025974
0.0025974
0.0025974
0.0025974
0.0025974
0.0025974
0.0025974
0.0025974
0.0025974
0.0025974
0.0025974
0.0025974
0.00259739
0.00259739
0.00259739
0.00259738
0.00259737
0.00259735
0.00259733
0.00259731
0.00259727
0.00259724
0.0025972
0.00259718
0.00259708
0.00259638
0.00259378
)
;

boundaryField
{
    inlet
    {
        type            calculated;
        value           nonuniform List<scalar> 
40
(
-0.005
-0.005
-0.005
-0.005
-0.005
-0.005
-0.005
-0.005
-0.005
-0.005
-0.005
-0.005
-0.005
-0.005
-0.005
-0.005
-0.005
-0.005
-0.005
-0.005
-0.005
-0.005
-0.005
-0.005
-0.005
-0.005
-0.005
-0.005
-0.005
-0.005
-0.005
-0.005
-0.005
-0.005
-0.005
-0.005
-0.005
-0.005
-0.005
-0.005
)
;
    }
    outlet
    {
        type            calculated;
        value           nonuniform List<scalar> 
40
(
0.00259497
0.00431326
0.00488293
0.00507449
0.00514102
0.00516597
0.00517709
0.00518361
0.00518854
0.00519281
0.00519671
0.0052003
0.00520357
0.00520649
0.00520904
0.0052112
0.00521295
0.00521428
0.00521517
0.00521561
0.00521561
0.00521517
0.00521428
0.00521295
0.0052112
0.00520904
0.00520649
0.00520357
0.0052003
0.00519671
0.00519281
0.00518854
0.00518361
0.00517709
0.00516597
0.00514102
0.0050745
0.00488293
0.00431326
0.00259497
)
;
    }
    lowerWall
    {
        type            calculated;
        value           uniform 0;
    }
    upperWall
    {
        type            calculated;
        value           uniform 0;
    }
    frontAndBack
    {
        type            empty;
        value           nonuniform 0();
    }
}


// ************************************************************************* //
