/*--------------------------------*- C++ -*----------------------------------*\
  =========                 |
  \\      /  F ield         | OpenFOAM: The Open Source CFD Toolbox
   \\    /   O peration     | Website:  https://openfoam.org
    \\  /    A nd           | Version:  7
     \\/     M anipulation  |
\*---------------------------------------------------------------------------*/
FoamFile
{
    version     2.0;
    format      ascii;
    class       volVectorField;
    location    "1.5";
    object      U;
}
// * * * * * * * * * * * * * * * * * * * * * * * * * * * * * * * * * * * * * //

dimensions      [0 1 -1 0 0 0 0];

internalField   nonuniform List<vector> 
4000
(
(0.537564 0.0563959 0)
(0.552177 0.0035977 0)
(0.51706 -0.00176439 0)
(0.522883 -0.00200136 0)
(0.521072 -0.002131 0)
(0.522005 -0.00203789 0)
(0.521399 -0.00204488 0)
(0.521248 -0.0020349 0)
(0.520904 -0.00204435 0)
(0.520695 -0.00204826 0)
(0.520487 -0.00205391 0)
(0.52033 -0.00205753 0)
(0.520193 -0.00206087 0)
(0.520081 -0.00206339 0)
(0.519985 -0.00206546 0)
(0.519905 -0.00206709 0)
(0.519837 -0.00206843 0)
(0.51978 -0.0020695 0)
(0.519731 -0.00207041 0)
(0.519689 -0.00207116 0)
(0.519653 -0.00207179 0)
(0.519623 -0.00207233 0)
(0.519598 -0.00207277 0)
(0.519577 -0.00207316 0)
(0.519559 -0.00207351 0)
(0.519544 -0.00207377 0)
(0.519532 -0.00207401 0)
(0.519522 -0.0020742 0)
(0.519514 -0.00207438 0)
(0.519507 -0.00207451 0)
(0.519501 -0.00207463 0)
(0.519497 -0.00207472 0)
(0.519493 -0.00207479 0)
(0.519491 -0.00207485 0)
(0.519488 -0.0020749 0)
(0.519487 -0.00207493 0)
(0.519485 -0.00207498 0)
(0.519484 -0.00207498 0)
(0.519483 -0.00207502 0)
(0.519483 -0.00207502 0)
(0.519482 -0.00207505 0)
(0.519482 -0.00207505 0)
(0.519481 -0.00207506 0)
(0.519481 -0.00207507 0)
(0.519481 -0.00207508 0)
(0.519481 -0.00207508 0)
(0.519481 -0.00207509 0)
(0.519481 -0.00207507 0)
(0.519481 -0.00207509 0)
(0.519481 -0.00207508 0)
(0.519481 -0.00207509 0)
(0.519481 -0.00207508 0)
(0.519481 -0.00207509 0)
(0.519481 -0.00207508 0)
(0.519481 -0.00207509 0)
(0.51948 -0.00207508 0)
(0.51948 -0.00207509 0)
(0.51948 -0.00207508 0)
(0.51948 -0.00207509 0)
(0.51948 -0.00207508 0)
(0.51948 -0.00207509 0)
(0.51948 -0.00207508 0)
(0.51948 -0.00207509 0)
(0.51948 -0.00207509 0)
(0.51948 -0.00207509 0)
(0.51948 -0.00207509 0)
(0.51948 -0.0020751 0)
(0.51948 -0.00207509 0)
(0.51948 -0.0020751 0)
(0.51948 -0.00207509 0)
(0.51948 -0.0020751 0)
(0.51948 -0.00207509 0)
(0.51948 -0.00207509 0)
(0.51948 -0.00207509 0)
(0.51948 -0.00207509 0)
(0.51948 -0.00207508 0)
(0.51948 -0.00207509 0)
(0.51948 -0.00207508 0)
(0.51948 -0.00207509 0)
(0.51948 -0.00207508 0)
(0.51948 -0.00207508 0)
(0.51948 -0.00207507 0)
(0.51948 -0.00207506 0)
(0.519479 -0.00207505 0)
(0.519479 -0.00207503 0)
(0.519478 -0.002075 0)
(0.519478 -0.00207497 0)
(0.519476 -0.00207492 0)
(0.519475 -0.00207485 0)
(0.519472 -0.00207475 0)
(0.519469 -0.00207463 0)
(0.519464 -0.00207449 0)
(0.519458 -0.00207435 0)
(0.51945 -0.00207434 0)
(0.519443 -0.00207463 0)
(0.519435 -0.00207528 0)
(0.519442 -0.00207439 0)
(0.51936 -0.00206119 0)
(0.519228 -0.00202119 0)
(0.518638 -0.00215161 0)
(0.864915 0.128451 0)
(0.911561 0.0160053 0)
(0.861953 0.000986171 0)
(0.871341 -7.19578e-05 0)
(0.867958 -0.000506345 0)
(0.869548 -0.000191267 0)
(0.868591 -0.000202323 0)
(0.868423 -0.000164178 0)
(0.86791 -0.000193547 0)
(0.867612 -0.000206033 0)
(0.867306 -0.000225181 0)
(0.867076 -0.000237869 0)
(0.866874 -0.000249815 0)
(0.866709 -0.000259021 0)
(0.866568 -0.000266301 0)
(0.86645 -0.00027209 0)
(0.866348 -0.000276963 0)
(0.866262 -0.000280941 0)
(0.866189 -0.000284367 0)
(0.866126 -0.000287287 0)
(0.866072 -0.000289801 0)
(0.866026 -0.000291965 0)
(0.865987 -0.000293832 0)
(0.865954 -0.000295434 0)
(0.865927 -0.000296873 0)
(0.865904 -0.000298005 0)
(0.865884 -0.000299044 0)
(0.865868 -0.000299876 0)
(0.865855 -0.000300636 0)
(0.865844 -0.000301228 0)
(0.865836 -0.000301736 0)
(0.865828 -0.000302152 0)
(0.865823 -0.000302484 0)
(0.865818 -0.000302747 0)
(0.865814 -0.000302986 0)
(0.865811 -0.000303121 0)
(0.865809 -0.000303308 0)
(0.865807 -0.000303375 0)
(0.865806 -0.000303502 0)
(0.865805 -0.000303554 0)
(0.865804 -0.000303645 0)
(0.865803 -0.000303676 0)
(0.865803 -0.000303722 0)
(0.865802 -0.000303733 0)
(0.865802 -0.00030378 0)
(0.865802 -0.00030378 0)
(0.865801 -0.000303823 0)
(0.865801 -0.000303784 0)
(0.865801 -0.000303836 0)
(0.865801 -0.000303815 0)
(0.865801 -0.000303838 0)
(0.865801 -0.000303814 0)
(0.865801 -0.000303832 0)
(0.865801 -0.000303814 0)
(0.865801 -0.000303847 0)
(0.865801 -0.000303809 0)
(0.865801 -0.000303838 0)
(0.865801 -0.000303815 0)
(0.865801 -0.000303844 0)
(0.865801 -0.00030381 0)
(0.865801 -0.000303842 0)
(0.865801 -0.000303825 0)
(0.865801 -0.00030385 0)
(0.865801 -0.000303834 0)
(0.865801 -0.00030386 0)
(0.865801 -0.000303837 0)
(0.865801 -0.00030387 0)
(0.865801 -0.000303843 0)
(0.865801 -0.000303865 0)
(0.865801 -0.000303843 0)
(0.865801 -0.000303863 0)
(0.865801 -0.000303834 0)
(0.865801 -0.000303852 0)
(0.865801 -0.00030383 0)
(0.865801 -0.000303848 0)
(0.865801 -0.000303827 0)
(0.865801 -0.000303841 0)
(0.865801 -0.000303817 0)
(0.865801 -0.000303834 0)
(0.8658 -0.000303805 0)
(0.8658 -0.000303806 0)
(0.8658 -0.000303769 0)
(0.8658 -0.000303754 0)
(0.865799 -0.000303697 0)
(0.865799 -0.000303643 0)
(0.865798 -0.000303537 0)
(0.865796 -0.000303426 0)
(0.865795 -0.00030323 0)
(0.865792 -0.000302982 0)
(0.865788 -0.000302631 0)
(0.865783 -0.000302177 0)
(0.865776 -0.000301614 0)
(0.865766 -0.000301003 0)
(0.865754 -0.000300654 0)
(0.865742 -0.000300881 0)
(0.865724 -0.000301453 0)
(0.865718 -0.000293352 0)
(0.865545 -0.000239579 0)
(0.865252 -7.34822e-05 0)
(0.863186 -0.00021921 0)
(0.960318 0.135901 0)
(1.02533 0.0244331 0)
(0.976319 0.00334252 0)
(0.987406 0.000822787 0)
(0.983099 0.000101202 0)
(0.985004 0.000606466 0)
(0.983932 0.00061265 0)
(0.983839 0.00067703 0)
(0.983316 0.000629592 0)
(0.983038 0.000606275 0)
(0.982734 0.000572549 0)
(0.982512 0.000549463 0)
(0.982314 0.000528114 0)
(0.982153 0.00051161 0)
(0.982014 0.000498269 0)
(0.981898 0.000487633 0)
(0.981798 0.000478697 0)
(0.981713 0.000471323 0)
(0.981639 0.000464986 0)
(0.981576 0.000459566 0)
(0.981522 0.000454877 0)
(0.981476 0.000450826 0)
(0.981436 0.000447287 0)
(0.981403 0.000444281 0)
(0.981374 0.000441576 0)
(0.98135 0.000439386 0)
(0.98133 0.000437415 0)
(0.981314 0.000435795 0)
(0.9813 0.000434336 0)
(0.981288 0.000433174 0)
(0.981279 0.000432177 0)
(0.981271 0.00043137 0)
(0.981265 0.000430696 0)
(0.98126 0.000430185 0)
(0.981256 0.000429704 0)
(0.981253 0.000429418 0)
(0.98125 0.000429072 0)
(0.981248 0.000428898 0)
(0.981247 0.000428658 0)
(0.981245 0.000428541 0)
(0.981244 0.000428375 0)
(0.981243 0.000428307 0)
(0.981243 0.000428204 0)
(0.981242 0.000428173 0)
(0.981242 0.000428083 0)
(0.981242 0.000428089 0)
(0.981242 0.000428002 0)
(0.981241 0.00042805 0)
(0.981241 0.000427975 0)
(0.981241 0.000428006 0)
(0.981241 0.00042797 0)
(0.981241 0.000428003 0)
(0.981241 0.00042797 0)
(0.981241 0.000428014 0)
(0.981241 0.000427956 0)
(0.981241 0.000428009 0)
(0.981241 0.000427968 0)
(0.981241 0.000428011 0)
(0.981241 0.000427957 0)
(0.981241 0.000428005 0)
(0.981241 0.000427953 0)
(0.981241 0.000427984 0)
(0.981241 0.00042794 0)
(0.981241 0.000427965 0)
(0.981241 0.000427916 0)
(0.981241 0.000427958 0)
(0.981241 0.000427908 0)
(0.981241 0.000427947 0)
(0.981241 0.000427913 0)
(0.981241 0.000427957 0)
(0.981241 0.000427924 0)
(0.981241 0.000427971 0)
(0.981241 0.000427941 0)
(0.981241 0.000427977 0)
(0.981241 0.000427951 0)
(0.981241 0.000427986 0)
(0.981241 0.000427957 0)
(0.981241 0.000428002 0)
(0.981241 0.000427979 0)
(0.981241 0.000428028 0)
(0.981241 0.00042803 0)
(0.98124 0.000428095 0)
(0.98124 0.000428132 0)
(0.981239 0.000428241 0)
(0.981239 0.000428342 0)
(0.981238 0.000428543 0)
(0.981237 0.000428767 0)
(0.981235 0.000429136 0)
(0.981232 0.000429616 0)
(0.981228 0.000430294 0)
(0.981223 0.000431172 0)
(0.981216 0.000432284 0)
(0.981206 0.00043358 0)
(0.981193 0.000434568 0)
(0.981179 0.000435214 0)
(0.981152 0.000436358 0)
(0.981132 0.000458761 0)
(0.980909 0.000569033 0)
(0.980542 0.000943033 0)
(0.977594 0.00117798 0)
(0.984968 0.12329 0)
(1.0595 0.028659 0)
(1.01375 0.00469018 0)
(1.02591 0.000698127 0)
(1.021 -0.000187815 0)
(1.02312 0.000440344 0)
(1.02201 0.000479123 0)
(1.02201 0.000562047 0)
(1.02153 0.000501382 0)
(1.02131 0.000467161 0)
(1.02104 0.000420323 0)
(1.02085 0.000387124 0)
(1.02067 0.000356728 0)
(1.02053 0.000332926 0)
(1.02041 0.00031365 0)
(1.02031 0.000298658 0)
(1.02023 0.000286107 0)
(1.02015 0.000275706 0)
(1.02009 0.000266771 0)
(1.02003 0.000259127 0)
(1.01998 0.000252489 0)
(1.01994 0.000246732 0)
(1.0199 0.000241677 0)
(1.01987 0.000237381 0)
(1.01985 0.000233498 0)
(1.01982 0.000230286 0)
(1.01981 0.000227411 0)
(1.01979 0.000225026 0)
(1.01978 0.000222911 0)
(1.01977 0.000221212 0)
(1.01976 0.000219746 0)
(1.01975 0.00021856 0)
(1.01974 0.000217555 0)
(1.01974 0.000216799 0)
(1.01974 0.000216086 0)
(1.01973 0.000215641 0)
(1.01973 0.000215142 0)
(1.01973 0.000214859 0)
(1.01973 0.000214513 0)
(1.01973 0.000214336 0)
(1.01972 0.000214098 0)
(1.01972 0.000213987 0)
(1.01972 0.000213824 0)
(1.01972 0.000213769 0)
(1.01972 0.000213638 0)
(1.01972 0.000213642 0)
(1.01972 0.000213513 0)
(1.01972 0.000213562 0)
(1.01972 0.000213471 0)
(1.01972 0.000213508 0)
(1.01972 0.00021346 0)
(1.01972 0.000213501 0)
(1.01972 0.000213455 0)
(1.01972 0.000213528 0)
(1.01972 0.000213452 0)
(1.01972 0.000213512 0)
(1.01972 0.000213462 0)
(1.01972 0.000213522 0)
(1.01972 0.000213445 0)
(1.01972 0.000213501 0)
(1.01972 0.000213434 0)
(1.01972 0.000213475 0)
(1.01972 0.000213416 0)
(1.01972 0.000213449 0)
(1.01972 0.000213381 0)
(1.01972 0.00021344 0)
(1.01972 0.000213379 0)
(1.01972 0.000213429 0)
(1.01972 0.000213386 0)
(1.01972 0.000213448 0)
(1.01972 0.000213403 0)
(1.01972 0.000213464 0)
(1.01972 0.000213424 0)
(1.01972 0.000213469 0)
(1.01972 0.000213437 0)
(1.01972 0.000213484 0)
(1.01972 0.000213442 0)
(1.01972 0.000213506 0)
(1.01972 0.000213482 0)
(1.01972 0.000213548 0)
(1.01972 0.000213554 0)
(1.01972 0.000213648 0)
(1.01972 0.000213708 0)
(1.01972 0.000213867 0)
(1.01972 0.000214015 0)
(1.01972 0.000214305 0)
(1.01972 0.000214638 0)
(1.01972 0.000215168 0)
(1.01971 0.000215866 0)
(1.01971 0.000216854 0)
(1.0197 0.000218141 0)
(1.0197 0.000219801 0)
(1.01969 0.000221856 0)
(1.01968 0.000223719 0)
(1.01966 0.000226109 0)
(1.01963 0.000230524 0)
(1.0196 0.000271497 0)
(1.01935 0.000444067 0)
(1.01899 0.00104957 0)
(1.01589 0.00176924 0)
(0.988573 0.109968 0)
(1.06795 0.0309656 0)
(1.0256 0.00569506 0)
(1.03851 0.000544518 0)
(1.03318 -0.000410656 0)
(1.03547 0.000294417 0)
(1.03434 0.000367274 0)
(1.03445 0.000461693 0)
(1.03402 0.000392203 0)
(1.03386 0.000348994 0)
(1.03364 0.000292194 0)
(1.03348 0.000251138 0)
(1.03334 0.000213972 0)
(1.03323 0.00018481 0)
(1.03313 0.000161103 0)
(1.03305 0.000142507 0)
(1.03298 0.000126939 0)
(1.03292 0.000114 0)
(1.03286 0.000102862 0)
(1.03281 9.33107e-05 0)
(1.03277 8.49772e-05 0)
(1.03274 7.77124e-05 0)
(1.03271 7.12791e-05 0)
(1.03268 6.57536e-05 0)
(1.03266 6.07129e-05 0)
(1.03264 5.64298e-05 0)
(1.03262 5.25605e-05 0)
(1.03261 4.93679e-05 0)
(1.0326 4.66766e-05 0)
(1.03259 4.45089e-05 0)
(1.03258 4.26243e-05 0)
(1.03257 4.11017e-05 0)
(1.03257 3.9802e-05 0)
(1.03257 3.88197e-05 0)
(1.03256 3.7896e-05 0)
(1.03256 3.72965e-05 0)
(1.03256 3.66613e-05 0)
(1.03255 3.6282e-05 0)
(1.03255 3.58413e-05 0)
(1.03255 3.56075e-05 0)
(1.03255 3.52943e-05 0)
(1.03255 3.51413e-05 0)
(1.03255 3.49247e-05 0)
(1.03255 3.48468e-05 0)
(1.03255 3.46748e-05 0)
(1.03255 3.46695e-05 0)
(1.03255 3.45054e-05 0)
(1.03255 3.45518e-05 0)
(1.03255 3.44483e-05 0)
(1.03255 3.4487e-05 0)
(1.03255 3.44266e-05 0)
(1.03255 3.44785e-05 0)
(1.03255 3.44225e-05 0)
(1.03255 3.45181e-05 0)
(1.03255 3.44315e-05 0)
(1.03255 3.44953e-05 0)
(1.03255 3.44365e-05 0)
(1.03255 3.45083e-05 0)
(1.03255 3.44116e-05 0)
(1.03255 3.44736e-05 0)
(1.03255 3.43954e-05 0)
(1.03255 3.44455e-05 0)
(1.03255 3.43738e-05 0)
(1.03255 3.44161e-05 0)
(1.03255 3.43334e-05 0)
(1.03255 3.44051e-05 0)
(1.03255 3.43387e-05 0)
(1.03255 3.4398e-05 0)
(1.03255 3.4347e-05 0)
(1.03255 3.44229e-05 0)
(1.03255 3.43676e-05 0)
(1.03255 3.44386e-05 0)
(1.03255 3.43914e-05 0)
(1.03255 3.44422e-05 0)
(1.03255 3.44042e-05 0)
(1.03255 3.44619e-05 0)
(1.03255 3.44113e-05 0)
(1.03255 3.449e-05 0)
(1.03255 3.44672e-05 0)
(1.03255 3.45469e-05 0)
(1.03255 3.45593e-05 0)
(1.03255 3.46787e-05 0)
(1.03255 3.47579e-05 0)
(1.03255 3.49581e-05 0)
(1.03255 3.51478e-05 0)
(1.03255 3.55144e-05 0)
(1.03254 3.59434e-05 0)
(1.03254 3.66077e-05 0)
(1.03254 3.74846e-05 0)
(1.03254 3.87335e-05 0)
(1.03253 4.0374e-05 0)
(1.03253 4.25253e-05 0)
(1.03252 4.5338e-05 0)
(1.03251 4.82393e-05 0)
(1.03249 5.32436e-05 0)
(1.03246 6.2353e-05 0)
(1.03242 0.000123556 0)
(1.03218 0.000349187 0)
(1.03186 0.00116813 0)
(1.02902 0.00229699 0)
(0.986397 0.0982887 0)
(1.06823 0.0321907 0)
(1.02898 0.00651951 0)
(1.04245 0.000498589 0)
(1.03682 -0.000476282 0)
(1.03924 0.000273408 0)
(1.03811 0.000377811 0)
(1.03832 0.000478217 0)
(1.03795 0.000404085 0)
(1.03785 0.000354661 0)
(1.03767 0.000291752 0)
(1.03756 0.000245966 0)
(1.03745 0.000205212 0)
(1.03737 0.000173537 0)
(1.03729 0.000147196 0)
(1.03723 0.000125892 0)
(1.03717 0.000108038 0)
(1.03712 9.31845e-05 0)
(1.03708 8.03896e-05 0)
(1.03704 6.94144e-05 0)
(1.03701 5.98326e-05 0)
(1.03698 5.14687e-05 0)
(1.03696 4.40411e-05 0)
(1.03694 3.76454e-05 0)
(1.03692 3.18107e-05 0)
(1.0369 2.68184e-05 0)
(1.03689 2.23173e-05 0)
(1.03688 1.85875e-05 0)
(1.03687 1.54212e-05 0)
(1.03686 1.28575e-05 0)
(1.03685 1.0615e-05 0)
(1.03685 8.79787e-06 0)
(1.03684 7.23563e-06 0)
(1.03684 6.04548e-06 0)
(1.03684 4.92686e-06 0)
(1.03683 4.17551e-06 0)
(1.03683 3.40802e-06 0)
(1.03683 2.92764e-06 0)
(1.03683 2.38246e-06 0)
(1.03683 2.07773e-06 0)
(1.03683 1.68194e-06 0)
(1.03683 1.48996e-06 0)
(1.03682 1.22834e-06 0)
(1.03682 1.12713e-06 0)
(1.03682 9.1745e-07 0)
(1.03682 9.01857e-07 0)
(1.03682 7.0951e-07 0)
(1.03682 7.49326e-07 0)
(1.03682 6.35145e-07 0)
(1.03682 6.72936e-07 0)
(1.03682 6.00675e-07 0)
(1.03682 6.63689e-07 0)
(1.03682 5.97118e-07 0)
(1.03682 7.11226e-07 0)
(1.03682 6.1997e-07 0)
(1.03682 6.84667e-07 0)
(1.03682 6.14379e-07 0)
(1.03682 6.96317e-07 0)
(1.03682 5.85535e-07 0)
(1.03682 6.51654e-07 0)
(1.03682 5.65004e-07 0)
(1.03682 6.21953e-07 0)
(1.03682 5.41836e-07 0)
(1.03682 5.93541e-07 0)
(1.03682 4.99767e-07 0)
(1.03682 5.80583e-07 0)
(1.03682 5.11043e-07 0)
(1.03682 5.78991e-07 0)
(1.03682 5.19691e-07 0)
(1.03682 6.05213e-07 0)
(1.03682 5.41201e-07 0)
(1.03682 6.17565e-07 0)
(1.03682 5.64709e-07 0)
(1.03682 6.19988e-07 0)
(1.03682 5.75995e-07 0)
(1.03682 6.44836e-07 0)
(1.03682 5.88028e-07 0)
(1.03682 6.78683e-07 0)
(1.03682 6.59451e-07 0)
(1.03682 7.51082e-07 0)
(1.03682 7.6898e-07 0)
(1.03682 9.09562e-07 0)
(1.03682 1.0036e-06 0)
(1.03682 1.23701e-06 0)
(1.03682 1.46151e-06 0)
(1.03682 1.89742e-06 0)
(1.03682 2.43252e-06 0)
(1.03682 3.23254e-06 0)
(1.03682 4.27451e-06 0)
(1.03682 5.75446e-06 0)
(1.03681 7.70709e-06 0)
(1.03681 1.02996e-05 0)
(1.0368 1.38514e-05 0)
(1.03679 1.78739e-05 0)
(1.03678 2.55662e-05 0)
(1.03674 3.93806e-05 0)
(1.0367 0.00011931 0)
(1.03647 0.000383869 0)
(1.03621 0.00139849 0)
(1.03382 0.00284679 0)
(0.983101 0.0876831 0)
(1.06611 0.0325028 0)
(1.0296 0.00711026 0)
(1.04348 0.000474418 0)
(1.03764 -0.000489845 0)
(1.04017 0.000278268 0)
(1.03905 0.000412707 0)
(1.03935 0.000517032 0)
(1.03903 0.000440478 0)
(1.03899 0.00038625 0)
(1.03886 0.000318587 0)
(1.03879 0.000268774 0)
(1.03871 0.000224683 0)
(1.03865 0.000190352 0)
(1.0386 0.000161797 0)
(1.03855 0.000138611 0)
(1.03851 0.000119191 0)
(1.03848 0.000103045 0)
(1.03844 8.91382e-05 0)
(1.03842 7.72222e-05 0)
(1.03839 6.68445e-05 0)
(1.03837 5.77975e-05 0)
(1.03835 4.97718e-05 0)
(1.03834 4.28811e-05 0)
(1.03832 3.66384e-05 0)
(1.03831 3.13304e-05 0)
(1.0383 2.6589e-05 0)
(1.03829 2.26137e-05 0)
(1.03828 1.90816e-05 0)
(1.03828 1.62017e-05 0)
(1.03827 1.36703e-05 0)
(1.03827 1.1608e-05 0)
(1.03826 9.82495e-06 0)
(1.03826 8.45487e-06 0)
(1.03826 7.16677e-06 0)
(1.03826 6.27819e-06 0)
(1.03825 5.38803e-06 0)
(1.03825 4.81152e-06 0)
(1.03825 4.15973e-06 0)
(1.03825 3.7908e-06 0)
(1.03825 3.34087e-06 0)
(1.03825 3.11487e-06 0)
(1.03825 2.81543e-06 0)
(1.03825 2.69323e-06 0)
(1.03825 2.45161e-06 0)
(1.03825 2.42688e-06 0)
(1.03825 2.21337e-06 0)
(1.03825 2.24351e-06 0)
(1.03825 2.11867e-06 0)
(1.03825 2.15338e-06 0)
(1.03825 2.06971e-06 0)
(1.03825 2.14298e-06 0)
(1.03825 2.06631e-06 0)
(1.03825 2.19212e-06 0)
(1.03825 2.10162e-06 0)
(1.03825 2.1661e-06 0)
(1.03825 2.08277e-06 0)
(1.03825 2.17328e-06 0)
(1.03825 2.05485e-06 0)
(1.03825 2.12405e-06 0)
(1.03825 2.03133e-06 0)
(1.03825 2.09278e-06 0)
(1.03825 2.00739e-06 0)
(1.03825 2.06832e-06 0)
(1.03825 1.96567e-06 0)
(1.03825 2.05073e-06 0)
(1.03825 1.97927e-06 0)
(1.03825 2.05437e-06 0)
(1.03825 1.9863e-06 0)
(1.03825 2.07683e-06 0)
(1.03825 2.00561e-06 0)
(1.03825 2.08393e-06 0)
(1.03825 2.02727e-06 0)
(1.03825 2.08591e-06 0)
(1.03825 2.03662e-06 0)
(1.03825 2.11661e-06 0)
(1.03825 2.05771e-06 0)
(1.03825 2.15739e-06 0)
(1.03825 2.14385e-06 0)
(1.03825 2.24642e-06 0)
(1.03825 2.26941e-06 0)
(1.03825 2.42614e-06 0)
(1.03825 2.53052e-06 0)
(1.03825 2.78846e-06 0)
(1.03825 3.04048e-06 0)
(1.03825 3.52334e-06 0)
(1.03825 4.13552e-06 0)
(1.03825 5.06408e-06 0)
(1.03824 6.25213e-06 0)
(1.03824 7.92973e-06 0)
(1.03824 1.01495e-05 0)
(1.03824 1.31268e-05 0)
(1.03823 1.7372e-05 0)
(1.03822 2.2521e-05 0)
(1.03821 3.27011e-05 0)
(1.03818 5.07333e-05 0)
(1.03814 0.000147061 0)
(1.03794 0.000446118 0)
(1.03774 0.00162565 0)
(1.03587 0.0033129 0)
(0.980015 0.0779769 0)
(1.06349 0.0320489 0)
(1.02938 0.0074539 0)
(1.04357 0.000438375 0)
(1.03756 -0.000494549 0)
(1.04018 0.000273468 0)
(1.03906 0.00043459 0)
(1.03945 0.000540635 0)
(1.03918 0.000463894 0)
(1.0392 0.000406581 0)
(1.0391 0.000336037 0)
(1.03907 0.000283528 0)
(1.03902 0.000237149 0)
(1.03899 0.000200884 0)
(1.03895 0.000170829 0)
(1.03892 0.000146453 0)
(1.0389 0.000126039 0)
(1.03888 0.000109067 0)
(1.03886 9.44314e-05 0)
(1.03884 8.18777e-05 0)
(1.03882 7.0952e-05 0)
(1.03881 6.14116e-05 0)
(1.0388 5.29242e-05 0)
(1.03879 4.56215e-05 0)
(1.03878 3.90143e-05 0)
(1.03877 3.33829e-05 0)
(1.03876 2.83474e-05 0)
(1.03876 2.41142e-05 0)
(1.03875 2.03228e-05 0)
(1.03875 1.7219e-05 0)
(1.03874 1.4485e-05 0)
(1.03874 1.22459e-05 0)
(1.03874 1.03079e-05 0)
(1.03873 8.81503e-06 0)
(1.03873 7.41514e-06 0)
(1.03873 6.44264e-06 0)
(1.03873 5.47708e-06 0)
(1.03873 4.85439e-06 0)
(1.03873 4.15035e-06 0)
(1.03873 3.74875e-06 0)
(1.03873 3.26023e-06 0)
(1.03872 2.99596e-06 0)
(1.03872 2.65993e-06 0)
(1.03872 2.52011e-06 0)
(1.03872 2.25275e-06 0)
(1.03872 2.21978e-06 0)
(1.03872 1.98874e-06 0)
(1.03872 2.0071e-06 0)
(1.03872 1.87146e-06 0)
(1.03872 1.90263e-06 0)
(1.03872 1.80816e-06 0)
(1.03872 1.88975e-06 0)
(1.03872 1.80482e-06 0)
(1.03872 1.93577e-06 0)
(1.03872 1.84981e-06 0)
(1.03872 1.91515e-06 0)
(1.03872 1.81867e-06 0)
(1.03872 1.91672e-06 0)
(1.03872 1.79663e-06 0)
(1.03872 1.86791e-06 0)
(1.03872 1.77109e-06 0)
(1.03872 1.83497e-06 0)
(1.03872 1.74626e-06 0)
(1.03872 1.81533e-06 0)
(1.03872 1.70501e-06 0)
(1.03872 1.78976e-06 0)
(1.03872 1.71622e-06 0)
(1.03872 1.79651e-06 0)
(1.03872 1.71919e-06 0)
(1.03872 1.81029e-06 0)
(1.03872 1.73336e-06 0)
(1.03872 1.81128e-06 0)
(1.03872 1.75233e-06 0)
(1.03872 1.81396e-06 0)
(1.03872 1.76046e-06 0)
(1.03872 1.85152e-06 0)
(1.03872 1.79496e-06 0)
(1.03872 1.90136e-06 0)
(1.03872 1.89497e-06 0)
(1.03872 2.00801e-06 0)
(1.03872 2.03594e-06 0)
(1.03872 2.20488e-06 0)
(1.03872 2.31636e-06 0)
(1.03872 2.59104e-06 0)
(1.03872 2.86516e-06 0)
(1.03872 3.39316e-06 0)
(1.03872 4.03566e-06 0)
(1.03872 5.01414e-06 0)
(1.03872 6.27036e-06 0)
(1.03872 8.06291e-06 0)
(1.03872 1.04651e-05 0)
(1.03872 1.3735e-05 0)
(1.03871 1.85756e-05 0)
(1.0387 2.47869e-05 0)
(1.03869 3.75814e-05 0)
(1.03867 5.99066e-05 0)
(1.03863 0.000170637 0)
(1.03847 0.000496024 0)
(1.03834 0.00179845 0)
(1.03701 0.00365052 0)
(0.97743 0.0691353 0)
(1.06097 0.0309905 0)
(1.02893 0.00757558 0)
(1.04334 0.000393726 0)
(1.03722 -0.000494091 0)
(1.0399 0.000259448 0)
(1.03879 0.000442357 0)
(1.03925 0.000547943 0)
(1.03903 0.000473033 0)
(1.0391 0.000414424 0)
(1.03904 0.000343027 0)
(1.03904 0.000289401 0)
(1.03902 0.000242129 0)
(1.03901 0.000205037 0)
(1.03899 0.000174353 0)
(1.03898 0.000149464 0)
(1.03897 0.000128612 0)
(1.03896 0.00011128 0)
(1.03895 9.63096e-05 0)
(1.03895 8.3443e-05 0)
(1.03894 7.22484e-05 0)
(1.03893 6.24517e-05 0)
(1.03893 5.37032e-05 0)
(1.03892 4.61537e-05 0)
(1.03891 3.93229e-05 0)
(1.03891 3.34818e-05 0)
(1.03891 2.82385e-05 0)
(1.0389 2.38294e-05 0)
(1.0389 1.98856e-05 0)
(1.0389 1.66467e-05 0)
(1.03889 1.37941e-05 0)
(1.03889 1.14461e-05 0)
(1.03889 9.41632e-06 0)
(1.03889 7.85763e-06 0)
(1.03889 6.39849e-06 0)
(1.03889 5.39013e-06 0)
(1.03889 4.39042e-06 0)
(1.03888 3.76165e-06 0)
(1.03888 3.05194e-06 0)
(1.03888 2.64084e-06 0)
(1.03888 2.13229e-06 0)
(1.03888 1.84708e-06 0)
(1.03888 1.49119e-06 0)
(1.03888 1.33802e-06 0)
(1.03888 1.0463e-06 0)
(1.03888 1.00353e-06 0)
(1.03888 7.51492e-07 0)
(1.03888 7.57165e-07 0)
(1.03888 6.11298e-07 0)
(1.03888 6.40129e-07 0)
(1.03888 5.35562e-07 0)
(1.03888 6.24342e-07 0)
(1.03888 5.33955e-07 0)
(1.03888 6.65242e-07 0)
(1.03888 5.85855e-07 0)
(1.03888 6.55007e-07 0)
(1.03888 5.46797e-07 0)
(1.03888 6.50928e-07 0)
(1.03888 5.33108e-07 0)
(1.03888 6.05963e-07 0)
(1.03888 5.06478e-07 0)
(1.03888 5.70896e-07 0)
(1.03888 4.80144e-07 0)
(1.03888 5.54748e-07 0)
(1.03888 4.3866e-07 0)
(1.03888 5.19468e-07 0)
(1.03888 4.42684e-07 0)
(1.03888 5.26084e-07 0)
(1.03888 4.39712e-07 0)
(1.03888 5.27815e-07 0)
(1.03888 4.46794e-07 0)
(1.03888 5.2264e-07 0)
(1.03888 4.62676e-07 0)
(1.03888 5.27057e-07 0)
(1.03888 4.7087e-07 0)
(1.03888 5.72616e-07 0)
(1.03888 5.22294e-07 0)
(1.03888 6.336e-07 0)
(1.03888 6.34624e-07 0)
(1.03888 7.57878e-07 0)
(1.03888 7.91912e-07 0)
(1.03888 9.74843e-07 0)
(1.03888 1.09296e-06 0)
(1.03888 1.37955e-06 0)
(1.03888 1.66553e-06 0)
(1.03888 2.20745e-06 0)
(1.03888 2.84993e-06 0)
(1.03888 3.81515e-06 0)
(1.03888 5.07484e-06 0)
(1.03888 6.90855e-06 0)
(1.03888 9.41239e-06 0)
(1.03888 1.28804e-05 0)
(1.03887 1.81933e-05 0)
(1.03887 2.53302e-05 0)
(1.03886 4.04979e-05 0)
(1.03884 6.66043e-05 0)
(1.03881 0.000188541 0)
(1.0387 0.000530314 0)
(1.03863 0.00191145 0)
(1.03784 0.00385967 0)
(0.975334 0.0610616 0)
(1.0587 0.0294543 0)
(1.02847 0.00750411 0)
(1.04304 0.00034692 0)
(1.03682 -0.000486793 0)
(1.03955 0.000240074 0)
(1.03844 0.000438902 0)
(1.03897 0.000542133 0)
(1.03879 0.000470659 0)
(1.03891 0.000412361 0)
(1.03889 0.000341903 0)
(1.03892 0.000288584 0)
(1.03892 0.000241668 0)
(1.03893 0.000204754 0)
(1.03894 0.00017424 0)
(1.03894 0.000149469 0)
(1.03894 0.000128704 0)
(1.03895 0.000111453 0)
(1.03895 9.65302e-05 0)
(1.03895 8.36722e-05 0)
(1.03895 7.24893e-05 0)
(1.03895 6.26872e-05 0)
(1.03895 5.39028e-05 0)
(1.03895 4.63056e-05 0)
(1.03894 3.94308e-05 0)
(1.03894 3.3543e-05 0)
(1.03894 2.82355e-05 0)
(1.03894 2.37684e-05 0)
(1.03894 1.97704e-05 0)
(1.03894 1.64749e-05 0)
(1.03894 1.35737e-05 0)
(1.03894 1.11738e-05 0)
(1.03894 9.09732e-06 0)
(1.03894 7.51126e-06 0)
(1.03894 6.02048e-06 0)
(1.03894 4.99479e-06 0)
(1.03894 3.97162e-06 0)
(1.03894 3.33855e-06 0)
(1.03894 2.62535e-06 0)
(1.03894 2.21238e-06 0)
(1.03894 1.71759e-06 0)
(1.03893 1.43266e-06 0)
(1.03893 1.07753e-06 0)
(1.03893 9.19426e-07 0)
(1.03893 6.14166e-07 0)
(1.03893 5.6704e-07 0)
(1.03893 3.06726e-07 0)
(1.03893 3.01377e-07 0)
(1.03893 1.45874e-07 0)
(1.03893 1.74969e-07 0)
(1.03893 6.16163e-08 0)
(1.03893 1.57705e-07 0)
(1.03893 6.44635e-08 0)
(1.03893 1.94764e-07 0)
(1.03893 1.21973e-07 0)
(1.03893 1.98904e-07 0)
(1.03893 8.08021e-08 0)
(1.03893 1.89232e-07 0)
(1.03893 7.42107e-08 0)
(1.03893 1.49334e-07 0)
(1.03893 4.70743e-08 0)
(1.03893 1.1117e-07 0)
(1.03893 1.8785e-08 0)
(1.03893 9.5762e-08 0)
(1.03893 -2.24742e-08 0)
(1.03893 5.19379e-08 0)
(1.03893 -2.89437e-08 0)
(1.03893 5.52182e-08 0)
(1.03893 -3.82843e-08 0)
(1.03893 4.40481e-08 0)
(1.03893 -3.89233e-08 0)
(1.03893 3.29837e-08 0)
(1.03893 -2.65215e-08 0)
(1.03893 3.94099e-08 0)
(1.03893 -1.71824e-08 0)
(1.03893 9.37955e-08 0)
(1.03893 5.20397e-08 0)
(1.03893 1.67337e-07 0)
(1.03893 1.74289e-07 0)
(1.03893 3.05106e-07 0)
(1.03893 3.3943e-07 0)
(1.03893 5.24128e-07 0)
(1.03893 6.41928e-07 0)
(1.03893 9.28242e-07 0)
(1.03893 1.21063e-06 0)
(1.03893 1.72378e-06 0)
(1.03893 2.34629e-06 0)
(1.03893 3.30156e-06 0)
(1.03893 4.55595e-06 0)
(1.03893 6.40207e-06 0)
(1.03893 8.95844e-06 0)
(1.03893 1.25494e-05 0)
(1.03893 1.82065e-05 0)
(1.03893 2.60807e-05 0)
(1.03892 4.31508e-05 0)
(1.03891 7.21632e-05 0)
(1.03889 0.000201474 0)
(1.03882 0.000549965 0)
(1.03882 0.00196693 0)
(1.03856 0.00394858 0)
(0.973652 0.0536351 0)
(1.05672 0.0275342 0)
(1.02804 0.00726343 0)
(1.04273 0.000301039 0)
(1.03644 -0.000472293 0)
(1.03919 0.000217231 0)
(1.0381 0.000425461 0)
(1.03868 0.000524654 0)
(1.03854 0.000457849 0)
(1.0387 0.000401264 0)
(1.03871 0.000333282 0)
(1.03877 0.000281505 0)
(1.03879 0.000236021 0)
(1.03882 0.000200145 0)
(1.03885 0.000170502 0)
(1.03887 0.00014642 0)
(1.03888 0.000126217 0)
(1.03889 0.000109446 0)
(1.03891 9.492e-05 0)
(1.03891 8.23659e-05 0)
(1.03892 7.14504e-05 0)
(1.03893 6.18756e-05 0)
(1.03893 5.32674e-05 0)
(1.03894 4.58093e-05 0)
(1.03894 3.90573e-05 0)
(1.03894 3.32719e-05 0)
(1.03895 2.8035e-05 0)
(1.03895 2.36205e-05 0)
(1.03895 1.96625e-05 0)
(1.03895 1.63887e-05 0)
(1.03895 1.35076e-05 0)
(1.03895 1.11157e-05 0)
(1.03895 9.03834e-06 0)
(1.03895 7.46432e-06 0)
(1.03895 5.97198e-06 0)
(1.03895 4.95006e-06 0)
(1.03895 3.91859e-06 0)
(1.03895 3.28644e-06 0)
(1.03895 2.57523e-06 0)
(1.03895 2.159e-06 0)
(1.03895 1.67234e-06 0)
(1.03895 1.38498e-06 0)
(1.03895 1.03193e-06 0)
(1.03895 8.7552e-07 0)
(1.03895 5.67542e-07 0)
(1.03895 5.21422e-07 0)
(1.03895 2.66978e-07 0)
(1.03895 2.54524e-07 0)
(1.03895 9.28314e-08 0)
(1.03895 1.25431e-07 0)
(1.03895 8.00263e-09 0)
(1.03895 1.09125e-07 0)
(1.03895 1.83862e-08 0)
(1.03895 1.44639e-07 0)
(1.03895 7.76043e-08 0)
(1.03895 1.64739e-07 0)
(1.03895 4.0888e-08 0)
(1.03895 1.49695e-07 0)
(1.03895 3.95485e-08 0)
(1.03895 1.1495e-07 0)
(1.03895 1.27325e-08 0)
(1.03895 7.57957e-08 0)
(1.03895 -2.04143e-08 0)
(1.03895 5.77463e-08 0)
(1.03895 -6.1118e-08 0)
(1.03895 6.76742e-09 0)
(1.03895 -7.9601e-08 0)
(1.03895 4.63176e-09 0)
(1.03895 -9.36991e-08 0)
(1.03895 -1.69294e-08 0)
(1.03895 -1.00972e-07 0)
(1.03895 -3.22189e-08 0)
(1.03895 -9.15266e-08 0)
(1.03895 -2.26419e-08 0)
(1.03895 -7.94453e-08 0)
(1.03895 3.74841e-08 0)
(1.03895 4.94479e-09 0)
(1.03895 1.2074e-07 0)
(1.03895 1.30321e-07 0)
(1.03895 2.64698e-07 0)
(1.03895 2.93226e-07 0)
(1.03895 4.66909e-07 0)
(1.03895 5.77297e-07 0)
(1.03895 8.51994e-07 0)
(1.03895 1.12311e-06 0)
(1.03895 1.61908e-06 0)
(1.03895 2.22692e-06 0)
(1.03895 3.17349e-06 0)
(1.03895 4.41184e-06 0)
(1.03895 6.24067e-06 0)
(1.03895 8.79791e-06 0)
(1.03895 1.24312e-05 0)
(1.03896 1.82832e-05 0)
(1.03896 2.66571e-05 0)
(1.03895 4.5042e-05 0)
(1.03895 7.59334e-05 0)
(1.03893 0.000208576 0)
(1.03892 0.000554668 0)
(1.03898 0.00196676 0)
(1.03921 0.00392525 0)
(0.972303 0.0467487 0)
(1.055 0.0253028 0)
(1.02767 0.00687437 0)
(1.04245 0.000257517 0)
(1.0361 -0.000450482 0)
(1.03886 0.000192246 0)
(1.03777 0.000402975 0)
(1.03841 0.000496575 0)
(1.0383 0.00043537 0)
(1.03849 0.000381725 0)
(1.03853 0.000317553 0)
(1.03862 0.000268402 0)
(1.03867 0.000225292 0)
(1.03872 0.000191218 0)
(1.03875 0.000163071 0)
(1.03879 0.000140188 0)
(1.03881 0.000120972 0)
(1.03884 0.000105039 0)
(1.03886 9.12222e-05 0)
(1.03887 7.92407e-05 0)
(1.03889 6.88228e-05 0)
(1.0389 5.96871e-05 0)
(1.03891 5.145e-05 0)
(1.03892 4.43008e-05 0)
(1.03893 3.78202e-05 0)
(1.03893 3.22685e-05 0)
(1.03894 2.72232e-05 0)
(1.03894 2.2964e-05 0)
(1.03894 1.91366e-05 0)
(1.03895 1.59637e-05 0)
(1.03895 1.3173e-05 0)
(1.03895 1.08532e-05 0)
(1.03895 8.82566e-06 0)
(1.03895 7.30699e-06 0)
(1.03895 5.85125e-06 0)
(1.03896 4.86323e-06 0)
(1.03896 3.84993e-06 0)
(1.03896 3.23557e-06 0)
(1.03896 2.54318e-06 0)
(1.03896 2.13264e-06 0)
(1.03896 1.65681e-06 0)
(1.03896 1.37048e-06 0)
(1.03896 1.0192e-06 0)
(1.03896 8.67206e-07 0)
(1.03896 5.56281e-07 0)
(1.03896 5.09189e-07 0)
(1.03896 2.58376e-07 0)
(1.03896 2.43502e-07 0)
(1.03896 7.98081e-08 0)
(1.03896 1.19089e-07 0)
(1.03896 2.81497e-09 0)
(1.03896 1.0661e-07 0)
(1.03896 2.40496e-08 0)
(1.03896 1.43193e-07 0)
(1.03896 7.99648e-08 0)
(1.03896 1.78071e-07 0)
(1.03896 5.27108e-08 0)
(1.03896 1.57705e-07 0)
(1.03896 5.35237e-08 0)
(1.03896 1.27062e-07 0)
(1.03896 2.77922e-08 0)
(1.03896 8.96141e-08 0)
(1.03896 -1.23414e-08 0)
(1.03896 6.67068e-08 0)
(1.03896 -5.15066e-08 0)
(1.03896 1.14312e-08 0)
(1.03896 -8.12436e-08 0)
(1.03896 3.32017e-09 0)
(1.03896 -9.68378e-08 0)
(1.03896 -2.38562e-08 0)
(1.03896 -1.0856e-07 0)
(1.03896 -4.16402e-08 0)
(1.03896 -1.01376e-07 0)
(1.03896 -2.77112e-08 0)
(1.03896 -8.59853e-08 0)
(1.03896 3.23129e-08 0)
(1.03896 7.79145e-09 0)
(1.03896 1.19954e-07 0)
(1.03896 1.27867e-07 0)
(1.03896 2.62828e-07 0)
(1.03896 2.86547e-07 0)
(1.03896 4.5219e-07 0)
(1.03896 5.55486e-07 0)
(1.03896 8.17178e-07 0)
(1.03896 1.07371e-06 0)
(1.03896 1.55194e-06 0)
(1.03896 2.13607e-06 0)
(1.03896 3.05567e-06 0)
(1.03896 4.25149e-06 0)
(1.03896 6.02147e-06 0)
(1.03896 8.51752e-06 0)
(1.03896 1.21018e-05 0)
(1.03897 1.79796e-05 0)
(1.03897 2.65771e-05 0)
(1.03897 4.56141e-05 0)
(1.03897 7.72782e-05 0)
(1.03897 0.000209175 0)
(1.03901 0.000544261 0)
(1.03912 0.00191353 0)
(1.03982 0.0037983 0)
(0.971223 0.0403131 0)
(1.05353 0.0228192 0)
(1.02736 0.00635604 0)
(1.04219 0.000217127 0)
(1.0358 -0.000421136 0)
(1.03856 0.000166372 0)
(1.03748 0.000372586 0)
(1.03816 0.000459129 0)
(1.03808 0.000404217 0)
(1.03831 0.000354576 0)
(1.03837 0.000295365 0)
(1.03848 0.000249794 0)
(1.03855 0.000209888 0)
(1.03861 0.000178295 0)
(1.03866 0.000152197 0)
(1.03871 0.000130965 0)
(1.03875 0.000113115 0)
(1.03878 9.83363e-05 0)
(1.03881 8.55072e-05 0)
(1.03883 7.43421e-05 0)
(1.03885 6.46306e-05 0)
(1.03887 5.61253e-05 0)
(1.03888 4.84377e-05 0)
(1.0389 4.17518e-05 0)
(1.03891 3.56762e-05 0)
(1.03892 3.04764e-05 0)
(1.03893 2.57336e-05 0)
(1.03893 2.17268e-05 0)
(1.03894 1.81149e-05 0)
(1.03894 1.51197e-05 0)
(1.03895 1.24868e-05 0)
(1.03895 1.03017e-05 0)
(1.03895 8.37387e-06 0)
(1.03895 6.95149e-06 0)
(1.03895 5.57109e-06 0)
(1.03896 4.64763e-06 0)
(1.03896 3.68083e-06 0)
(1.03896 3.10235e-06 0)
(1.03896 2.44669e-06 0)
(1.03896 2.0537e-06 0)
(1.03896 1.59709e-06 0)
(1.03896 1.31826e-06 0)
(1.03896 9.72785e-07 0)
(1.03896 8.28916e-07 0)
(1.03896 5.18275e-07 0)
(1.03896 4.70595e-07 0)
(1.03896 2.26136e-07 0)
(1.03896 2.14371e-07 0)
(1.03896 5.06711e-08 0)
(1.03896 9.93423e-08 0)
(1.03896 -1.32784e-08 0)
(1.03896 9.32186e-08 0)
(1.03896 2.1362e-08 0)
(1.03896 1.33982e-07 0)
(1.03896 7.12209e-08 0)
(1.03896 1.80175e-07 0)
(1.03896 5.52946e-08 0)
(1.03896 1.54549e-07 0)
(1.03896 5.32507e-08 0)
(1.03896 1.25662e-07 0)
(1.03896 2.89325e-08 0)
(1.03896 8.99806e-08 0)
(1.03896 -1.70679e-08 0)
(1.03896 6.15933e-08 0)
(1.03896 -5.23859e-08 0)
(1.03896 7.83909e-09 0)
(1.03896 -9.01406e-08 0)
(1.03896 -5.35254e-09 0)
(1.03896 -1.03527e-07 0)
(1.03896 -3.29365e-08 0)
(1.03896 -1.17251e-07 0)
(1.03896 -5.26275e-08 0)
(1.03896 -1.12331e-07 0)
(1.03896 -3.48507e-08 0)
(1.03896 -9.53606e-08 0)
(1.03896 1.96323e-08 0)
(1.03896 7.26446e-11 0)
(1.03896 1.0705e-07 0)
(1.03896 1.09053e-07 0)
(1.03896 2.41764e-07 0)
(1.03896 2.60427e-07 0)
(1.03896 4.17299e-07 0)
(1.03896 5.12349e-07 0)
(1.03896 7.58751e-07 0)
(1.03896 9.95892e-07 0)
(1.03896 1.44746e-06 0)
(1.03896 1.99365e-06 0)
(1.03896 2.86408e-06 0)
(1.03896 3.98842e-06 0)
(1.03896 5.65753e-06 0)
(1.03897 8.02937e-06 0)
(1.03897 1.14712e-05 0)
(1.03897 1.71971e-05 0)
(1.03898 2.57212e-05 0)
(1.03898 4.47052e-05 0)
(1.03899 7.60026e-05 0)
(1.039 0.000203166 0)
(1.0391 0.000519214 0)
(1.03926 0.00181098 0)
(1.04037 0.00357726 0)
(0.97036 0.0342521 0)
(1.05229 0.020132 0)
(1.02709 0.0057262 0)
(1.04197 0.000180152 0)
(1.03554 -0.000384171 0)
(1.0383 0.000140634 0)
(1.03722 0.00033548 0)
(1.03794 0.000413594 0)
(1.03789 0.000365471 0)
(1.03814 0.000320746 0)
(1.03823 0.00026748 0)
(1.03835 0.000226315 0)
(1.03844 0.000190332 0)
(1.03852 0.000161813 0)
(1.03858 0.000138248 0)
(1.03864 0.000119063 0)
(1.03868 0.000102911 0)
(1.03872 8.95647e-05 0)
(1.03876 7.79684e-05 0)
(1.03879 6.78391e-05 0)
(1.03882 5.90221e-05 0)
(1.03884 5.13176e-05 0)
(1.03886 4.43386e-05 0)
(1.03888 3.82548e-05 0)
(1.03889 3.2704e-05 0)
(1.0389 2.79629e-05 0)
(1.03891 2.36234e-05 0)
(1.03892 1.99598e-05 0)
(1.03893 1.66413e-05 0)
(1.03893 1.38952e-05 0)
(1.03894 1.14823e-05 0)
(1.03894 9.48929e-06 0)
(1.03895 7.7078e-06 0)
(1.03895 6.41799e-06 0)
(1.03895 5.14825e-06 0)
(1.03895 4.31705e-06 0)
(1.03896 3.42248e-06 0)
(1.03896 2.89592e-06 0)
(1.03896 2.29116e-06 0)
(1.03896 1.92729e-06 0)
(1.03896 1.49758e-06 0)
(1.03896 1.23386e-06 0)
(1.03896 8.99082e-07 0)
(1.03896 7.68186e-07 0)
(1.03896 4.62813e-07 0)
(1.03896 4.17001e-07 0)
(1.03896 1.83448e-07 0)
(1.03896 1.80385e-07 0)
(1.03896 1.90605e-08 0)
(1.03896 7.79962e-08 0)
(1.03896 -2.85242e-08 0)
(1.03896 7.98592e-08 0)
(1.03896 1.94843e-08 0)
(1.03896 1.26852e-07 0)
(1.03896 6.13523e-08 0)
(1.03896 1.79579e-07 0)
(1.03896 5.71015e-08 0)
(1.03896 1.49708e-07 0)
(1.03896 4.91864e-08 0)
(1.03896 1.20551e-07 0)
(1.03896 2.6054e-08 0)
(1.03896 8.68268e-08 0)
(1.03896 -2.43872e-08 0)
(1.03896 5.24749e-08 0)
(1.03896 -5.46709e-08 0)
(1.03896 5.60184e-09 0)
(1.03896 -9.63705e-08 0)
(1.03896 -1.10314e-08 0)
(1.03896 -1.04604e-07 0)
(1.03896 -3.43688e-08 0)
(1.03896 -1.17871e-07 0)
(1.03896 -5.53401e-08 0)
(1.03896 -1.15129e-07 0)
(1.03896 -3.49724e-08 0)
(1.03896 -9.85296e-08 0)
(1.03896 8.85543e-09 0)
(1.03896 -9.47579e-09 0)
(1.03896 9.11678e-08 0)
(1.03896 8.38973e-08 0)
(1.03896 2.11834e-07 0)
(1.03896 2.24558e-07 0)
(1.03896 3.70599e-07 0)
(1.03896 4.55241e-07 0)
(1.03896 6.83592e-07 0)
(1.03896 8.96573e-07 0)
(1.03896 1.31317e-06 0)
(1.03896 1.80847e-06 0)
(1.03896 2.60983e-06 0)
(1.03896 3.6364e-06 0)
(1.03897 5.16672e-06 0)
(1.03897 7.35482e-06 0)
(1.03897 1.05631e-05 0)
(1.03898 1.59599e-05 0)
(1.03898 2.41085e-05 0)
(1.03899 4.23264e-05 0)
(1.03901 7.21324e-05 0)
(1.03902 0.000190789 0)
(1.03918 0.000480452 0)
(1.03938 0.00166369 0)
(1.04087 0.00327235 0)
(0.969676 0.0284992 0)
(1.05126 0.0172813 0)
(1.02687 0.00500156 0)
(1.04178 0.00014648 0)
(1.03532 -0.000339801 0)
(1.03807 0.000115741 0)
(1.037 0.000292773 0)
(1.03775 0.000361191 0)
(1.03772 0.000320201 0)
(1.03799 0.000281159 0)
(1.0381 0.000234665 0)
(1.03824 0.000198612 0)
(1.03834 0.000167162 0)
(1.03843 0.000142222 0)
(1.03851 0.000121607 0)
(1.03857 0.000104811 0)
(1.03863 9.06438e-05 0)
(1.03868 7.8969e-05 0)
(1.03872 6.88168e-05 0)
(1.03876 5.99169e-05 0)
(1.03879 5.21612e-05 0)
(1.03881 4.54051e-05 0)
(1.03884 3.9272e-05 0)
(1.03886 3.39136e-05 0)
(1.03887 2.89937e-05 0)
(1.03889 2.48067e-05 0)
(1.0389 2.09599e-05 0)
(1.03891 1.77218e-05 0)
(1.03892 1.47673e-05 0)
(1.03893 1.23345e-05 0)
(1.03893 1.01969e-05 0)
(1.03894 8.44633e-06 0)
(1.03894 6.85333e-06 0)
(1.03895 5.72778e-06 0)
(1.03895 4.59933e-06 0)
(1.03895 3.88443e-06 0)
(1.03895 3.08457e-06 0)
(1.03896 2.62425e-06 0)
(1.03896 2.08167e-06 0)
(1.03896 1.75794e-06 0)
(1.03896 1.36251e-06 0)
(1.03896 1.12203e-06 0)
(1.03896 8.03089e-07 0)
(1.03896 6.9033e-07 0)
(1.03896 3.95761e-07 0)
(1.03896 3.55207e-07 0)
(1.03896 1.35767e-07 0)
(1.03896 1.4599e-07 0)
(1.03896 -1.10598e-08 0)
(1.03896 5.74834e-08 0)
(1.03896 -4.02769e-08 0)
(1.03896 6.83347e-08 0)
(1.03896 1.85237e-08 0)
(1.03896 1.23035e-07 0)
(1.03896 5.21907e-08 0)
(1.03896 1.77583e-07 0)
(1.03896 5.90731e-08 0)
(1.03896 1.45642e-07 0)
(1.03896 4.48148e-08 0)
(1.03896 1.14775e-07 0)
(1.03896 2.14657e-08 0)
(1.03896 8.30051e-08 0)
(1.03896 -3.15552e-08 0)
(1.03896 4.23288e-08 0)
(1.03896 -5.72181e-08 0)
(1.03896 5.60905e-09 0)
(1.03896 -9.88453e-08 0)
(1.03896 -1.30821e-08 0)
(1.03896 -1.00747e-07 0)
(1.03896 -2.92571e-08 0)
(1.03896 -1.11508e-07 0)
(1.03896 -5.07816e-08 0)
(1.03896 -1.11003e-07 0)
(1.03896 -2.9358e-08 0)
(1.03896 -9.61928e-08 0)
(1.03896 2.82412e-10 0)
(1.03896 -2.01885e-08 0)
(1.03896 7.39787e-08 0)
(1.03896 5.54117e-08 0)
(1.03896 1.76575e-07 0)
(1.03896 1.82987e-07 0)
(1.03896 3.16771e-07 0)
(1.03896 3.88855e-07 0)
(1.03896 5.96809e-07 0)
(1.03896 7.81429e-07 0)
(1.03896 1.15611e-06 0)
(1.03896 1.58925e-06 0)
(1.03896 2.30397e-06 0)
(1.03897 3.20947e-06 0)
(1.03897 4.5675e-06 0)
(1.03897 6.51706e-06 0)
(1.03898 9.40547e-06 0)
(1.03898 1.43029e-05 0)
(1.03899 2.17825e-05 0)
(1.039 3.85462e-05 0)
(1.03903 6.57962e-05 0)
(1.03905 0.000172489 0)
(1.03925 0.000429202 0)
(1.03949 0.00147677 0)
(1.04131 0.00289418 0)
(0.969142 0.0229958 0)
(1.05042 0.0143012 0)
(1.02669 0.0041979 0)
(1.04163 0.000115755 0)
(1.03515 -0.000288553 0)
(1.03789 9.2096e-05 0)
(1.03681 0.000245492 0)
(1.03758 0.000303078 0)
(1.03757 0.00026945 0)
(1.03787 0.000236723 0)
(1.03799 0.000197681 0)
(1.03815 0.00016733 0)
(1.03826 0.00014092 0)
(1.03836 0.000119982 0)
(1.03845 0.000102664 0)
(1.03852 8.85451e-05 0)
(1.03858 7.66047e-05 0)
(1.03864 6.68032e-05 0)
(1.03868 5.82727e-05 0)
(1.03872 5.07679e-05 0)
(1.03876 4.42172e-05 0)
(1.03879 3.85337e-05 0)
(1.03882 3.33611e-05 0)
(1.03884 2.88349e-05 0)
(1.03886 2.46392e-05 0)
(1.03888 2.10898e-05 0)
(1.03889 1.78124e-05 0)
(1.0389 1.50719e-05 0)
(1.03891 1.25439e-05 0)
(1.03892 1.04799e-05 0)
(1.03893 8.66432e-06 0)
(1.03894 7.19851e-06 0)
(1.03894 5.83121e-06 0)
(1.03894 4.89736e-06 0)
(1.03895 3.93544e-06 0)
(1.03895 3.3567e-06 0)
(1.03895 2.67076e-06 0)
(1.03895 2.28979e-06 0)
(1.03896 1.81877e-06 0)
(1.03896 1.54581e-06 0)
(1.03896 1.19264e-06 0)
(1.03896 9.84647e-07 0)
(1.03896 6.86688e-07 0)
(1.03896 5.97288e-07 0)
(1.03896 3.1916e-07 0)
(1.03896 2.87872e-07 0)
(1.03896 8.40688e-08 0)
(1.03896 1.1021e-07 0)
(1.03896 -4.09292e-08 0)
(1.03896 3.61081e-08 0)
(1.03896 -5.11364e-08 0)
(1.03896 5.62563e-08 0)
(1.03896 1.53774e-08 0)
(1.03896 1.19979e-07 0)
(1.03896 4.22237e-08 0)
(1.03896 1.72633e-07 0)
(1.03896 5.94398e-08 0)
(1.03896 1.41866e-07 0)
(1.03896 4.04547e-08 0)
(1.03896 1.08369e-07 0)
(1.03896 1.47867e-08 0)
(1.03896 7.77275e-08 0)
(1.03896 -3.89901e-08 0)
(1.03896 3.07056e-08 0)
(1.03896 -6.23397e-08 0)
(1.03896 4.89445e-09 0)
(1.03896 -1.0068e-07 0)
(1.03896 -1.50592e-08 0)
(1.03896 -9.71359e-08 0)
(1.03896 -2.33387e-08 0)
(1.03896 -1.03823e-07 0)
(1.03896 -4.45116e-08 0)
(1.03896 -1.0577e-07 0)
(1.03896 -2.33974e-08 0)
(1.03896 -9.33354e-08 0)
(1.03896 -9.25178e-09 0)
(1.03896 -3.45153e-08 0)
(1.03896 5.41209e-08 0)
(1.03896 2.39069e-08 0)
(1.03896 1.3689e-07 0)
(1.03896 1.36791e-07 0)
(1.03896 2.57408e-07 0)
(1.03896 3.14634e-07 0)
(1.03896 4.99854e-07 0)
(1.03896 6.52107e-07 0)
(1.03896 9.7847e-07 0)
(1.03896 1.33946e-06 0)
(1.03897 1.95227e-06 0)
(1.03897 2.71652e-06 0)
(1.03897 3.87338e-06 0)
(1.03897 5.53543e-06 0)
(1.03898 8.02492e-06 0)
(1.03898 1.22664e-05 0)
(1.039 1.88048e-05 0)
(1.03901 3.348e-05 0)
(1.03904 5.72086e-05 0)
(1.03907 0.000148884 0)
(1.03931 0.00036695 0)
(1.03959 0.00125573 0)
(1.04168 0.00245363 0)
(0.968737 0.0176893 0)
(1.04976 0.0112209 0)
(1.02655 0.00333039 0)
(1.04151 8.7488e-05 0)
(1.03501 -0.000231248 0)
(1.03774 6.98445e-05 0)
(1.03667 0.00019459 0)
(1.03746 0.000240366 0)
(1.03746 0.000214242 0)
(1.03777 0.000188337 0)
(1.03791 0.000157288 0)
(1.03808 0.000133116 0)
(1.0382 0.000112155 0)
(1.03831 9.55598e-05 0)
(1.0384 8.18213e-05 0)
(1.03848 7.0615e-05 0)
(1.03854 6.11e-05 0)
(1.0386 5.33351e-05 0)
(1.03865 4.65691e-05 0)
(1.0387 4.05957e-05 0)
(1.03874 3.53692e-05 0)
(1.03877 3.08594e-05 0)
(1.0388 2.67384e-05 0)
(1.03883 2.31347e-05 0)
(1.03885 1.97438e-05 0)
(1.03887 1.6903e-05 0)
(1.03888 1.42585e-05 0)
(1.0389 1.20753e-05 0)
(1.03891 1.00272e-05 0)
(1.03892 8.37772e-06 0)
(1.03893 6.9217e-06 0)
(1.03893 5.77432e-06 0)
(1.03894 4.66428e-06 0)
(1.03894 3.94538e-06 0)
(1.03895 3.16963e-06 0)
(1.03895 2.74237e-06 0)
(1.03895 2.18626e-06 0)
(1.03895 1.89671e-06 0)
(1.03896 1.50528e-06 0)
(1.03896 1.29314e-06 0)
(1.03896 9.90678e-07 0)
(1.03896 8.25045e-07 0)
(1.03896 5.52795e-07 0)
(1.03896 4.91538e-07 0)
(1.03896 2.35394e-07 0)
(1.03896 2.17649e-07 0)
(1.03896 2.96481e-08 0)
(1.03896 7.22934e-08 0)
(1.03896 -7.0687e-08 0)
(1.03896 1.33729e-08 0)
(1.03896 -6.24635e-08 0)
(1.03896 4.27118e-08 0)
(1.03896 8.65416e-09 0)
(1.03896 1.16832e-07 0)
(1.03896 3.1845e-08 0)
(1.03896 1.65426e-07 0)
(1.03896 5.86101e-08 0)
(1.03896 1.39379e-07 0)
(1.03896 3.77403e-08 0)
(1.03896 1.02818e-07 0)
(1.03896 7.20195e-09 0)
(1.03896 7.17493e-08 0)
(1.03896 -4.57992e-08 0)
(1.03896 1.87814e-08 0)
(1.03896 -7.01576e-08 0)
(1.03896 2.54972e-09 0)
(1.03896 -1.0287e-07 0)
(1.03896 -1.824e-08 0)
(1.03896 -9.63039e-08 0)
(1.03896 -1.98487e-08 0)
(1.03896 -9.79159e-08 0)
(1.03896 -3.96873e-08 0)
(1.03896 -1.02773e-07 0)
(1.03896 -2.02201e-08 0)
(1.03896 -9.24281e-08 0)
(1.03896 -2.0437e-08 0)
(1.03896 -5.22757e-08 0)
(1.03896 3.24621e-08 0)
(1.03896 -8.40345e-09 0)
(1.03896 9.54299e-08 0)
(1.03896 8.84692e-08 0)
(1.03896 1.95017e-07 0)
(1.03896 2.34763e-07 0)
(1.03896 3.94506e-07 0)
(1.03896 5.10302e-07 0)
(1.03896 7.82315e-07 0)
(1.03896 1.06258e-06 0)
(1.03897 1.56095e-06 0)
(1.03897 2.16749e-06 0)
(1.03897 3.09928e-06 0)
(1.03897 4.43193e-06 0)
(1.03898 6.45343e-06 0)
(1.03899 9.90193e-06 0)
(1.039 1.52598e-05 0)
(1.03901 2.72916e-05 0)
(1.03906 4.6665e-05 0)
(1.03909 0.000120739 0)
(1.03936 0.000295398 0)
(1.03967 0.00100641 0)
(1.04198 0.00196181 0)
(0.968445 0.0125316 0)
(1.04928 0.00806598 0)
(1.02645 0.00241369 0)
(1.04142 6.11372e-05 0)
(1.0349 -0.000168954 0)
(1.03762 4.89122e-05 0)
(1.03655 0.000140953 0)
(1.03736 0.000174124 0)
(1.03737 0.000155591 0)
(1.0377 0.000136893 0)
(1.03784 0.000114247 0)
(1.03802 9.66234e-05 0)
(1.03815 8.14264e-05 0)
(1.03826 6.94339e-05 0)
(1.03836 5.9493e-05 0)
(1.03844 5.13823e-05 0)
(1.03851 4.44471e-05 0)
(1.03858 3.88442e-05 0)
(1.03863 3.39507e-05 0)
(1.03868 2.96137e-05 0)
(1.03872 2.58054e-05 0)
(1.03876 2.25476e-05 0)
(1.03879 1.95469e-05 0)
(1.03882 1.69382e-05 0)
(1.03884 1.44188e-05 0)
(1.03886 1.23445e-05 0)
(1.03888 1.0382e-05 0)
(1.03889 8.80277e-06 0)
(1.0389 7.2782e-06 0)
(1.03891 6.07895e-06 0)
(1.03892 5.01039e-06 0)
(1.03893 4.2065e-06 0)
(1.03894 3.37906e-06 0)
(1.03894 2.89404e-06 0)
(1.03894 2.31878e-06 0)
(1.03895 2.05369e-06 0)
(1.03895 1.63997e-06 0)
(1.03895 1.45277e-06 0)
(1.03895 1.14797e-06 0)
(1.03896 1.00554e-06 0)
(1.03896 7.61648e-07 0)
(1.03896 6.47819e-07 0)
(1.03896 4.05267e-07 0)
(1.03896 3.75931e-07 0)
(1.03896 1.46716e-07 0)
(1.03896 1.46505e-07 0)
(1.03896 -2.62157e-08 0)
(1.03896 3.17846e-08 0)
(1.03896 -1.00172e-07 0)
(1.03896 -1.02647e-08 0)
(1.03896 -7.45168e-08 0)
(1.03896 2.80245e-08 0)
(1.03896 -1.74269e-09 0)
(1.03896 1.13706e-07 0)
(1.03896 2.23681e-08 0)
(1.03896 1.57544e-07 0)
(1.03896 5.77884e-08 0)
(1.03896 1.39139e-07 0)
(1.03896 3.80311e-08 0)
(1.03896 9.96054e-08 0)
(1.03896 2.2402e-10 0)
(1.03896 6.62438e-08 0)
(1.03896 -5.05744e-08 0)
(1.03896 8.56636e-09 0)
(1.03896 -7.90774e-08 0)
(1.03896 -5.21471e-10 0)
(1.03896 -1.04495e-07 0)
(1.03896 -2.16608e-08 0)
(1.03896 -9.78794e-08 0)
(1.03896 -1.92106e-08 0)
(1.03896 -9.41516e-08 0)
(1.03896 -3.67236e-08 0)
(1.03896 -1.02613e-07 0)
(1.03896 -2.04256e-08 0)
(1.03896 -9.36071e-08 0)
(1.03896 -3.20443e-08 0)
(1.03896 -7.14618e-08 0)
(1.03896 1.09751e-08 0)
(1.03896 -3.87348e-08 0)
(1.03896 5.52811e-08 0)
(1.03896 4.07442e-08 0)
(1.03896 1.32081e-07 0)
(1.03896 1.51496e-07 0)
(1.03896 2.82598e-07 0)
(1.03896 3.57831e-07 0)
(1.03896 5.70103e-07 0)
(1.03896 7.62942e-07 0)
(1.03897 1.13744e-06 0)
(1.03897 1.57376e-06 0)
(1.03897 2.26181e-06 0)
(1.03897 3.23142e-06 0)
(1.03898 4.72835e-06 0)
(1.03899 7.27161e-06 0)
(1.039 1.12524e-05 0)
(1.03902 2.01863e-05 0)
(1.03907 3.45289e-05 0)
(1.0391 8.89415e-05 0)
(1.0394 0.000216428 0)
(1.03973 0.000734878 0)
(1.04221 0.00142997 0)
(0.968256 0.00747792 0)
(1.04896 0.0048596 0)
(1.02638 0.00146209 0)
(1.04136 3.61465e-05 0)
(1.03483 -0.000102945 0)
(1.03755 2.90506e-05 0)
(1.03648 8.54082e-05 0)
(1.03729 0.000105389 0)
(1.03731 9.44931e-05 0)
(1.03765 8.32745e-05 0)
(1.0378 6.93203e-05 0)
(1.03798 5.8506e-05 0)
(1.03811 4.92962e-05 0)
(1.03823 4.20905e-05 0)
(1.03833 3.61015e-05 0)
(1.03842 3.12166e-05 0)
(1.03849 2.69711e-05 0)
(1.03856 2.3618e-05 0)
(1.03862 2.06705e-05 0)
(1.03867 1.8043e-05 0)
(1.03871 1.57208e-05 0)
(1.03875 1.37716e-05 0)
(1.03878 1.19382e-05 0)
(1.03881 1.03777e-05 0)
(1.03883 8.78171e-06 0)
(1.03886 7.51733e-06 0)
(1.03887 6.27213e-06 0)
(1.03889 5.3294e-06 0)
(1.0389 4.36104e-06 0)
(1.03891 3.63796e-06 0)
(1.03892 2.97562e-06 0)
(1.03893 2.53185e-06 0)
(1.03893 2.00552e-06 0)
(1.03894 1.76854e-06 0)
(1.03894 1.40343e-06 0)
(1.03895 1.30683e-06 0)
(1.03895 1.04456e-06 0)
(1.03895 9.69087e-07 0)
(1.03895 7.57007e-07 0)
(1.03896 6.91332e-07 0)
(1.03896 5.12001e-07 0)
(1.03896 4.5779e-07 0)
(1.03896 2.48115e-07 0)
(1.03896 2.53054e-07 0)
(1.03896 5.45741e-08 0)
(1.03896 7.50936e-08 0)
(1.03896 -8.27159e-08 0)
(1.03896 -1.15234e-08 0)
(1.03896 -1.29342e-07 0)
(1.03896 -3.42198e-08 0)
(1.03896 -8.72868e-08 0)
(1.03896 1.27537e-08 0)
(1.03896 -1.55219e-08 0)
(1.03896 1.10313e-07 0)
(1.03896 1.4445e-08 0)
(1.03896 1.49685e-07 0)
(1.03896 5.71766e-08 0)
(1.03896 1.40452e-07 0)
(1.03896 4.08674e-08 0)
(1.03896 9.87882e-08 0)
(1.03896 -5.52257e-09 0)
(1.03896 6.1628e-08 0)
(1.03896 -5.26026e-08 0)
(1.03896 1.78336e-09 0)
(1.03896 -8.69442e-08 0)
(1.03896 -2.73089e-09 0)
(1.03896 -1.0389e-07 0)
(1.03896 -2.33156e-08 0)
(1.03896 -9.98215e-08 0)
(1.03896 -2.02087e-08 0)
(1.03896 -9.1466e-08 0)
(1.03896 -3.46234e-08 0)
(1.03896 -1.04356e-07 0)
(1.03896 -2.32709e-08 0)
(1.03896 -9.59929e-08 0)
(1.03896 -4.24704e-08 0)
(1.03896 -8.99308e-08 0)
(1.03896 -8.88199e-09 0)
(1.03896 -6.53268e-08 0)
(1.03896 1.83173e-08 0)
(1.03896 -4.86423e-09 0)
(1.03896 6.98945e-08 0)
(1.03896 6.62456e-08 0)
(1.03896 1.65472e-07 0)
(1.03896 1.96364e-07 0)
(1.03896 3.44535e-07 0)
(1.03896 4.45454e-07 0)
(1.03897 6.89707e-07 0)
(1.03897 9.47139e-07 0)
(1.03897 1.37814e-06 0)
(1.03898 1.96025e-06 0)
(1.03898 2.89066e-06 0)
(1.03899 4.44561e-06 0)
(1.039 6.90354e-06 0)
(1.03902 1.24023e-05 0)
(1.03907 2.12171e-05 0)
(1.03911 5.44696e-05 0)
(1.03943 0.000132063 0)
(1.03977 0.000447363 0)
(1.04236 0.000869478 0)
(0.968164 0.00248576 0)
(1.0488 0.001623 0)
(1.02635 0.000489649 0)
(1.04133 1.19646e-05 0)
(1.0348 -3.46452e-05 0)
(1.03751 9.88396e-06 0)
(1.03644 2.87401e-05 0)
(1.03726 3.5172e-05 0)
(1.03728 3.19342e-05 0)
(1.03762 2.83569e-05 0)
(1.03777 2.32652e-05 0)
(1.03796 1.9418e-05 0)
(1.03809 1.63297e-05 0)
(1.03822 1.402e-05 0)
(1.03832 1.20742e-05 0)
(1.03841 1.04915e-05 0)
(1.03848 9.00098e-06 0)
(1.03855 7.94894e-06 0)
(1.03861 6.98784e-06 0)
(1.03866 6.11124e-06 0)
(1.0387 5.31674e-06 0)
(1.03874 4.71101e-06 0)
(1.03878 4.07186e-06 0)
(1.03881 3.59164e-06 0)
(1.03883 2.95408e-06 0)
(1.03885 2.52795e-06 0)
(1.03887 2.0215e-06 0)
(1.03889 1.73408e-06 0)
(1.0389 1.34283e-06 0)
(1.03891 1.11214e-06 0)
(1.03892 8.66222e-07 0)
(1.03893 7.90936e-07 0)
(1.03893 5.76819e-07 0)
(1.03894 5.96599e-07 0)
(1.03894 4.47346e-07 0)
(1.03895 5.21597e-07 0)
(1.03895 4.15984e-07 0)
(1.03895 4.59456e-07 0)
(1.03895 3.44977e-07 0)
(1.03896 3.60684e-07 0)
(1.03896 2.49017e-07 0)
(1.03896 2.59635e-07 0)
(1.03896 8.54558e-08 0)
(1.03896 1.25466e-07 0)
(1.03896 -4.00233e-08 0)
(1.03896 3.2527e-09 0)
(1.03896 -1.39177e-07 0)
(1.03896 -5.7133e-08 0)
(1.03896 -1.58038e-07 0)
(1.03896 -5.80123e-08 0)
(1.03896 -1.00739e-07 0)
(1.03896 -2.57865e-09 0)
(1.03896 -3.23583e-08 0)
(1.03896 1.05563e-07 0)
(1.03896 7.53416e-09 0)
(1.03896 1.41175e-07 0)
(1.03896 5.56094e-08 0)
(1.03896 1.41018e-07 0)
(1.03896 4.40779e-08 0)
(1.03896 9.90747e-08 0)
(1.03896 -1.0315e-08 0)
(1.03896 5.75367e-08 0)
(1.03896 -5.19875e-08 0)
(1.03896 -5.34993e-10 0)
(1.03896 -9.17192e-08 0)
(1.03896 -2.56181e-09 0)
(1.03896 -9.96087e-08 0)
(1.03896 -2.13597e-08 0)
(1.03896 -9.97994e-08 0)
(1.03896 -2.13223e-08 0)
(1.03896 -8.87564e-08 0)
(1.03896 -3.22577e-08 0)
(1.03896 -1.06692e-07 0)
(1.03896 -2.77063e-08 0)
(1.03896 -9.86918e-08 0)
(1.03896 -5.06899e-08 0)
(1.03896 -1.06301e-07 0)
(1.03896 -2.67147e-08 0)
(1.03896 -8.79229e-08 0)
(1.03896 -1.50645e-08 0)
(1.03896 -4.81301e-08 0)
(1.03896 8.65654e-09 0)
(1.03896 -2.02149e-08 0)
(1.03896 4.43671e-08 0)
(1.03896 2.79246e-08 0)
(1.03896 1.08947e-07 0)
(1.03896 1.15707e-07 0)
(1.03897 2.26126e-07 0)
(1.03897 2.99506e-07 0)
(1.03897 4.65556e-07 0)
(1.03898 6.456e-07 0)
(1.03898 9.83779e-07 0)
(1.03899 1.4997e-06 0)
(1.03901 2.34536e-06 0)
(1.03902 4.20138e-06 0)
(1.03908 7.18458e-06 0)
(1.03912 1.83673e-05 0)
(1.03944 4.44217e-05 0)
(1.03979 0.000150215 0)
(1.04244 0.000291769 0)
(0.968164 -0.00248604 0)
(1.0488 -0.00162355 0)
(1.02635 -0.000489721 0)
(1.04133 -1.19521e-05 0)
(1.0348 3.44299e-05 0)
(1.03751 -9.04245e-06 0)
(1.03644 -2.82978e-05 0)
(1.03726 -3.55336e-05 0)
(1.03728 -3.11092e-05 0)
(1.03762 -2.69902e-05 0)
(1.03777 -2.31608e-05 0)
(1.03796 -1.99868e-05 0)
(1.03809 -1.69076e-05 0)
(1.03822 -1.42855e-05 0)
(1.03832 -1.21597e-05 0)
(1.03841 -1.04175e-05 0)
(1.03848 -9.13271e-06 0)
(1.03855 -7.86824e-06 0)
(1.03861 -6.83395e-06 0)
(1.03866 -5.94914e-06 0)
(1.0387 -5.20038e-06 0)
(1.03874 -4.44948e-06 0)
(1.03878 -3.88704e-06 0)
(1.03881 -3.27654e-06 0)
(1.03883 -2.93927e-06 0)
(1.03885 -2.51442e-06 0)
(1.03887 -2.27422e-06 0)
(1.03889 -1.9011e-06 0)
(1.0389 -1.70706e-06 0)
(1.03891 -1.43885e-06 0)
(1.03892 -1.26628e-06 0)
(1.03893 -9.7287e-07 0)
(1.03893 -8.71473e-07 0)
(1.03894 -5.92302e-07 0)
(1.03894 -5.23555e-07 0)
(1.03895 -2.79534e-07 0)
(1.03895 -2.27461e-07 0)
(1.03895 -6.07448e-08 0)
(1.03895 -7.4373e-08 0)
(1.03896 2.46783e-08 0)
(1.03896 -1.95009e-08 0)
(1.03896 5.80364e-08 0)
(1.03896 -7.82233e-08 0)
(1.03896 -3.77351e-09 0)
(1.03896 -1.3574e-07 0)
(1.03896 -6.90893e-08 0)
(1.03896 -1.94522e-07 0)
(1.03896 -1.0352e-07 0)
(1.03896 -1.85777e-07 0)
(1.03896 -8.12548e-08 0)
(1.03896 -1.14803e-07 0)
(1.03896 -1.74911e-08 0)
(1.03896 -5.18179e-08 0)
(1.03896 9.78543e-08 0)
(1.03896 2.1899e-10 0)
(1.03896 1.30503e-07 0)
(1.03896 5.12676e-08 0)
(1.03896 1.38046e-07 0)
(1.03896 4.49074e-08 0)
(1.03896 9.87303e-08 0)
(1.03896 -1.4733e-08 0)
(1.03896 5.33473e-08 0)
(1.03896 -4.93306e-08 0)
(1.03896 1.86135e-09 0)
(1.03896 -9.19949e-08 0)
(1.03896 7.99299e-10 0)
(1.03896 -9.12603e-08 0)
(1.03896 -1.52047e-08 0)
(1.03896 -9.65301e-08 0)
(1.03896 -2.18869e-08 0)
(1.03896 -8.59499e-08 0)
(1.03896 -2.93772e-08 0)
(1.03896 -1.08819e-07 0)
(1.03896 -3.31159e-08 0)
(1.03896 -1.01397e-07 0)
(1.03896 -5.66198e-08 0)
(1.03896 -1.20148e-07 0)
(1.03896 -4.29878e-08 0)
(1.03896 -1.07299e-07 0)
(1.03896 -4.54218e-08 0)
(1.03896 -8.94642e-08 0)
(1.03896 -5.178e-08 0)
(1.03896 -1.07058e-07 0)
(1.03896 -7.89247e-08 0)
(1.03896 -1.4452e-07 0)
(1.03896 -1.32268e-07 0)
(1.03896 -2.19857e-07 0)
(1.03897 -2.4447e-07 0)
(1.03897 -3.57124e-07 0)
(1.03897 -4.5843e-07 0)
(1.03898 -6.84637e-07 0)
(1.03898 -9.47182e-07 0)
(1.03899 -1.4868e-06 0)
(1.03901 -2.28288e-06 0)
(1.03902 -4.14015e-06 0)
(1.03908 -7.09049e-06 0)
(1.03912 -1.82823e-05 0)
(1.03944 -4.43187e-05 0)
(1.03979 -0.000150151 0)
(1.04244 -0.000291684 0)
(0.968256 -0.00747821 0)
(1.04896 -0.00486014 0)
(1.02638 -0.00146216 0)
(1.04136 -3.61436e-05 0)
(1.03483 0.000102732 0)
(1.03755 -2.82109e-05 0)
(1.03648 -8.49634e-05 0)
(1.03729 -0.000105743 0)
(1.03731 -9.36656e-05 0)
(1.03765 -8.19017e-05 0)
(1.0378 -6.92025e-05 0)
(1.03798 -5.90553e-05 0)
(1.03811 -4.98518e-05 0)
(1.03823 -4.23358e-05 0)
(1.03833 -3.61723e-05 0)
(1.03842 -3.11363e-05 0)
(1.03849 -2.71001e-05 0)
(1.03856 -2.3538e-05 0)
(1.03862 -2.0529e-05 0)
(1.03867 -1.79022e-05 0)
(1.03871 -1.5621e-05 0)
(1.03875 -1.35225e-05 0)
(1.03878 -1.17699e-05 0)
(1.03881 -1.00803e-05 0)
(1.03883 -8.77164e-06 0)
(1.03886 -7.49918e-06 0)
(1.03887 -6.51788e-06 0)
(1.03889 -5.49218e-06 0)
(1.0389 -4.71814e-06 0)
(1.03891 -3.95469e-06 0)
(1.03892 -3.36935e-06 0)
(1.03893 -2.71507e-06 0)
(1.03893 -2.30274e-06 0)
(1.03894 -1.76818e-06 0)
(1.03894 -1.48281e-06 0)
(1.03895 -1.07304e-06 0)
(1.03895 -8.66597e-07 0)
(1.03895 -5.75868e-07 0)
(1.03895 -4.87458e-07 0)
(1.03896 -3.05646e-07 0)
(1.03896 -2.85382e-07 0)
(1.03896 -1.42015e-07 0)
(1.03896 -2.37898e-07 0)
(1.03896 -1.30783e-07 0)
(1.03896 -2.30339e-07 0)
(1.03896 -1.4118e-07 0)
(1.03896 -2.47106e-07 0)
(1.03896 -1.48299e-07 0)
(1.03896 -2.11738e-07 0)
(1.03896 -1.03604e-07 0)
(1.03896 -1.29314e-07 0)
(1.03896 -3.14479e-08 0)
(1.03896 -7.30933e-08 0)
(1.03896 8.5768e-08 0)
(1.03896 -8.94386e-09 0)
(1.03896 1.16359e-07 0)
(1.03896 4.28515e-08 0)
(1.03896 1.2968e-07 0)
(1.03896 4.13663e-08 0)
(1.03896 9.65575e-08 0)
(1.03896 -1.89479e-08 0)
(1.03896 4.86861e-08 0)
(1.03896 -4.54252e-08 0)
(1.03896 8.39075e-09 0)
(1.03896 -8.74384e-08 0)
(1.03896 6.99804e-09 0)
(1.03896 -8.00005e-08 0)
(1.03896 -6.16019e-09 0)
(1.03896 -9.05576e-08 0)
(1.03896 -2.26443e-08 0)
(1.03896 -8.43526e-08 0)
(1.03896 -2.698e-08 0)
(1.03896 -1.10803e-07 0)
(1.03896 -3.95599e-08 0)
(1.03896 -1.04495e-07 0)
(1.03896 -6.09839e-08 0)
(1.03896 -1.31704e-07 0)
(1.03896 -5.84082e-08 0)
(1.03896 -1.24488e-07 0)
(1.03896 -7.34964e-08 0)
(1.03896 -1.29156e-07 0)
(1.03896 -1.11167e-07 0)
(1.03896 -1.92855e-07 0)
(1.03896 -2.0172e-07 0)
(1.03896 -3.16902e-07 0)
(1.03896 -3.737e-07 0)
(1.03896 -5.5411e-07 0)
(1.03897 -7.12821e-07 0)
(1.03897 -1.01043e-06 0)
(1.03897 -1.37587e-06 0)
(1.03898 -2.002e-06 0)
(1.03898 -2.85627e-06 0)
(1.03899 -4.43312e-06 0)
(1.039 -6.83946e-06 0)
(1.03902 -1.23407e-05 0)
(1.03907 -2.11218e-05 0)
(1.03911 -5.43831e-05 0)
(1.03943 -0.00013196 0)
(1.03977 -0.000447298 0)
(1.04236 -0.000869395 0)
(0.968445 -0.0125319 0)
(1.04928 -0.00806651 0)
(1.02645 -0.00241375 0)
(1.04142 -6.1154e-05 0)
(1.0349 0.000168744 0)
(1.03762 -4.80793e-05 0)
(1.03655 -0.000140508 0)
(1.03736 -0.000174468 0)
(1.03737 -0.000154762 0)
(1.0377 -0.000135513 0)
(1.03784 -0.000114106 0)
(1.03802 -9.71363e-05 0)
(1.03815 -8.1942e-05 0)
(1.03826 -6.96444e-05 0)
(1.03836 -5.9539e-05 0)
(1.03844 -5.12927e-05 0)
(1.03851 -4.45728e-05 0)
(1.03858 -3.8766e-05 0)
(1.03863 -3.38316e-05 0)
(1.03868 -2.9511e-05 0)
(1.03872 -2.57351e-05 0)
(1.03876 -2.23209e-05 0)
(1.03879 -1.94079e-05 0)
(1.03882 -1.66723e-05 0)
(1.03884 -1.44163e-05 0)
(1.03886 -1.23162e-05 0)
(1.03888 -1.06129e-05 0)
(1.03889 -8.95557e-06 0)
(1.0389 -7.62068e-06 0)
(1.03891 -6.37637e-06 0)
(1.03892 -5.3916e-06 0)
(1.03893 -4.392e-06 0)
(1.03894 -3.68089e-06 0)
(1.03894 -2.90176e-06 0)
(1.03894 -2.40506e-06 0)
(1.03895 -1.83605e-06 0)
(1.03895 -1.4827e-06 0)
(1.03895 -1.07111e-06 0)
(1.03895 -8.81891e-07 0)
(1.03896 -6.20047e-07 0)
(1.03896 -5.40257e-07 0)
(1.03896 -3.35043e-07 0)
(1.03896 -3.88183e-07 0)
(1.03896 -2.51019e-07 0)
(1.03896 -3.20593e-07 0)
(1.03896 -2.11192e-07 0)
(1.03896 -2.94941e-07 0)
(1.03896 -1.888e-07 0)
(1.03896 -2.34918e-07 0)
(1.03896 -1.24658e-07 0)
(1.03896 -1.43898e-07 0)
(1.03896 -4.37782e-08 0)
(1.03896 -9.47346e-08 0)
(1.03896 6.88574e-08 0)
(1.03896 -2.05328e-08 0)
(1.03896 9.86278e-08 0)
(1.03896 3.05583e-08 0)
(1.03896 1.1603e-07 0)
(1.03896 3.31416e-08 0)
(1.03896 9.24215e-08 0)
(1.03896 -2.24619e-08 0)
(1.03896 4.3625e-08 0)
(1.03896 -4.11107e-08 0)
(1.03896 1.76619e-08 0)
(1.03896 -7.89619e-08 0)
(1.03896 1.4476e-08 0)
(1.03896 -6.83591e-08 0)
(1.03896 2.80075e-09 0)
(1.03896 -8.40527e-08 0)
(1.03896 -2.53322e-08 0)
(1.03896 -8.60401e-08 0)
(1.03896 -2.68442e-08 0)
(1.03896 -1.13275e-07 0)
(1.03896 -4.74493e-08 0)
(1.03896 -1.08679e-07 0)
(1.03896 -6.4798e-08 0)
(1.03896 -1.41311e-07 0)
(1.03896 -7.33173e-08 0)
(1.03896 -1.40118e-07 0)
(1.03896 -9.96438e-08 0)
(1.03896 -1.66921e-07 0)
(1.03896 -1.68514e-07 0)
(1.03896 -2.75492e-07 0)
(1.03896 -3.20647e-07 0)
(1.03896 -4.84451e-07 0)
(1.03896 -6.09372e-07 0)
(1.03896 -8.79647e-07 0)
(1.03897 -1.16938e-06 0)
(1.03897 -1.64762e-06 0)
(1.03897 -2.2683e-06 0)
(1.03897 -3.27772e-06 0)
(1.03898 -4.69766e-06 0)
(1.03899 -7.25934e-06 0)
(1.039 -1.11848e-05 0)
(1.03902 -2.01231e-05 0)
(1.03907 -3.44304e-05 0)
(1.0391 -8.88517e-05 0)
(1.0394 -0.000216323 0)
(1.03973 -0.000734811 0)
(1.04221 -0.00142989 0)
(0.968737 -0.0176896 0)
(1.04976 -0.0112214 0)
(1.02655 -0.00333045 0)
(1.04151 -8.75345e-05 0)
(1.03501 0.000231038 0)
(1.03774 -6.90286e-05 0)
(1.03667 -0.000194154 0)
(1.03745 -0.000240704 0)
(1.03746 -0.000213421 0)
(1.03777 -0.000186956 0)
(1.03791 -0.000157118 0)
(1.03808 -0.00013358 0)
(1.0382 -0.000112621 0)
(1.03831 -9.57297e-05 0)
(1.0384 -8.18398e-05 0)
(1.03848 -7.05178e-05 0)
(1.03854 -6.12249e-05 0)
(1.0386 -5.32608e-05 0)
(1.03865 -4.64788e-05 0)
(1.0387 -4.0541e-05 0)
(1.03874 -3.53347e-05 0)
(1.03877 -3.06604e-05 0)
(1.0388 -2.66355e-05 0)
(1.03883 -2.29071e-05 0)
(1.03885 -1.97488e-05 0)
(1.03887 -1.68578e-05 0)
(1.03888 -1.4466e-05 0)
(1.0389 -1.22107e-05 0)
(1.03891 -1.03476e-05 0)
(1.03892 -8.64789e-06 0)
(1.03893 -7.28451e-06 0)
(1.03893 -5.96239e-06 0)
(1.03894 -4.9716e-06 0)
(1.03894 -3.9653e-06 0)
(1.03895 -3.26704e-06 0)
(1.03895 -2.54751e-06 0)
(1.03895 -2.05843e-06 0)
(1.03895 -1.53311e-06 0)
(1.03896 -1.24699e-06 0)
(1.03896 -9.0957e-07 0)
(1.03896 -7.75874e-07 0)
(1.03896 -5.15251e-07 0)
(1.03896 -5.239e-07 0)
(1.03896 -3.59889e-07 0)
(1.03896 -4.02717e-07 0)
(1.03896 -2.76462e-07 0)
(1.03896 -3.36163e-07 0)
(1.03896 -2.22768e-07 0)
(1.03896 -2.54321e-07 0)
(1.03896 -1.43813e-07 0)
(1.03896 -1.57859e-07 0)
(1.03896 -5.36655e-08 0)
(1.03896 -1.1458e-07 0)
(1.03896 4.8145e-08 0)
(1.03896 -3.37318e-08 0)
(1.03896 7.88189e-08 0)
(1.03896 1.63333e-08 0)
(1.03896 9.92994e-08 0)
(1.03896 2.16863e-08 0)
(1.03896 8.71255e-08 0)
(1.03896 -2.43441e-08 0)
(1.03896 3.85548e-08 0)
(1.03896 -3.72244e-08 0)
(1.03896 2.76829e-08 0)
(1.03896 -6.84621e-08 0)
(1.03896 2.09906e-08 0)
(1.03896 -5.93421e-08 0)
(1.03896 8.17981e-09 0)
(1.03896 -7.96938e-08 0)
(1.03896 -3.15122e-08 0)
(1.03896 -9.25837e-08 0)
(1.03896 -3.04917e-08 0)
(1.03896 -1.16701e-07 0)
(1.03896 -5.68944e-08 0)
(1.03896 -1.14334e-07 0)
(1.03896 -6.8756e-08 0)
(1.03896 -1.4896e-07 0)
(1.03896 -8.73662e-08 0)
(1.03896 -1.54139e-07 0)
(1.03896 -1.23682e-07 0)
(1.03896 -2.01918e-07 0)
(1.03896 -2.22256e-07 0)
(1.03896 -3.52542e-07 0)
(1.03896 -4.32244e-07 0)
(1.03896 -6.42399e-07 0)
(1.03896 -8.33354e-07 0)
(1.03896 -1.18918e-06 0)
(1.03897 -1.60443e-06 0)
(1.03897 -2.25539e-06 0)
(1.03897 -3.11677e-06 0)
(1.03897 -4.48321e-06 0)
(1.03898 -6.42684e-06 0)
(1.03899 -9.88889e-06 0)
(1.039 -1.51865e-05 0)
(1.03901 -2.72247e-05 0)
(1.03906 -4.65605e-05 0)
(1.03909 -0.000120643 0)
(1.03936 -0.000295287 0)
(1.03967 -0.00100634 0)
(1.04198 -0.00196173 0)
(0.969142 -0.0229961 0)
(1.05042 -0.0143017 0)
(1.02669 -0.00419797 0)
(1.04163 -0.000115839 0)
(1.03515 0.00028834 0)
(1.03789 -9.1311e-05 0)
(1.03681 -0.00024508 0)
(1.03758 -0.00030342 0)
(1.03757 -0.000268648 0)
(1.03787 -0.000235357 0)
(1.03799 -0.000197485 0)
(1.03815 -0.00016774 0)
(1.03826 -0.000141336 0)
(1.03836 -0.000120116 0)
(1.03845 -0.00010266 0)
(1.03852 -8.84466e-05 0)
(1.03858 -7.67338e-05 0)
(1.03864 -6.67358e-05 0)
(1.03868 -5.82134e-05 0)
(1.03872 -5.07629e-05 0)
(1.03876 -4.42173e-05 0)
(1.03879 -3.83624e-05 0)
(1.03882 -3.32933e-05 0)
(1.03884 -2.86444e-05 0)
(1.03886 -2.46491e-05 0)
(1.03888 -2.10217e-05 0)
(1.03889 -1.7989e-05 0)
(1.0389 -1.5182e-05 0)
(1.03891 -1.28358e-05 0)
(1.03892 -1.07172e-05 0)
(1.03893 -9.00337e-06 0)
(1.03894 -7.38818e-06 0)
(1.03894 -6.14297e-06 0)
(1.03894 -4.93279e-06 0)
(1.03895 -4.04784e-06 0)
(1.03895 -3.18874e-06 0)
(1.03895 -2.57812e-06 0)
(1.03895 -1.95014e-06 0)
(1.03896 -1.57388e-06 0)
(1.03896 -1.16687e-06 0)
(1.03896 -9.84703e-07 0)
(1.03896 -6.77088e-07 0)
(1.03896 -6.40875e-07 0)
(1.03896 -4.53603e-07 0)
(1.03896 -4.73121e-07 0)
(1.03896 -3.34054e-07 0)
(1.03896 -3.69468e-07 0)
(1.03896 -2.48877e-07 0)
(1.03896 -2.69089e-07 0)
(1.03896 -1.60137e-07 0)
(1.03896 -1.70129e-07 0)
(1.03896 -6.02808e-08 0)
(1.03896 -1.30055e-07 0)
(1.03896 2.60501e-08 0)
(1.03896 -4.64937e-08 0)
(1.03896 5.96533e-08 0)
(1.03896 3.20013e-09 0)
(1.03896 8.29497e-08 0)
(1.03896 9.48843e-09 0)
(1.03896 8.17507e-08 0)
(1.03896 -2.37969e-08 0)
(1.03896 3.38916e-08 0)
(1.03896 -3.45333e-08 0)
(1.03896 3.63033e-08 0)
(1.03896 -5.81599e-08 0)
(1.03896 2.4535e-08 0)
(1.03896 -5.51497e-08 0)
(1.03896 7.49063e-09 0)
(1.03896 -7.9191e-08 0)
(1.03896 -4.12946e-08 0)
(1.03896 -1.03814e-07 0)
(1.03896 -3.81749e-08 0)
(1.03896 -1.20721e-07 0)
(1.03896 -6.7159e-08 0)
(1.03896 -1.2105e-07 0)
(1.03896 -7.28588e-08 0)
(1.03896 -1.54157e-07 0)
(1.03896 -9.96422e-08 0)
(1.03896 -1.66e-07 0)
(1.03896 -1.45133e-07 0)
(1.03896 -2.33139e-07 0)
(1.03896 -2.70761e-07 0)
(1.03896 -4.21864e-07 0)
(1.03896 -5.33641e-07 0)
(1.03896 -7.86648e-07 0)
(1.03896 -1.04024e-06 0)
(1.03896 -1.47578e-06 0)
(1.03897 -2.00816e-06 0)
(1.03897 -2.81994e-06 0)
(1.03897 -3.90213e-06 0)
(1.03897 -5.59077e-06 0)
(1.03898 -8.00187e-06 0)
(1.03898 -1.22511e-05 0)
(1.039 -1.87238e-05 0)
(1.03901 -3.34069e-05 0)
(1.03904 -5.70951e-05 0)
(1.03907 -0.00014878 0)
(1.03931 -0.000366833 0)
(1.03959 -0.00125565 0)
(1.04168 -0.00245356 0)
(0.969676 -0.0284995 0)
(1.05126 -0.0172818 0)
(1.02687 -0.00500163 0)
(1.04178 -0.000146605 0)
(1.03532 0.000339581 0)
(1.03807 -0.000115001 0)
(1.037 -0.000292403 0)
(1.03775 -0.000361547 0)
(1.03772 -0.000319437 0)
(1.03799 -0.000279832 0)
(1.0381 -0.000234453 0)
(1.03825 -0.00019897 0)
(1.03834 -0.000167538 0)
(1.03843 -0.000142331 0)
(1.03851 -0.00012159 0)
(1.03857 -0.000104719 0)
(1.03863 -9.07828e-05 0)
(1.03868 -7.8912e-05 0)
(1.03872 -6.87875e-05 0)
(1.03876 -5.99561e-05 0)
(1.03879 -5.21882e-05 0)
(1.03881 -4.52568e-05 0)
(1.03884 -3.92317e-05 0)
(1.03886 -3.37522e-05 0)
(1.03887 -2.90047e-05 0)
(1.03889 -2.47124e-05 0)
(1.0389 -2.11014e-05 0)
(1.03891 -1.7801e-05 0)
(1.03892 -1.50275e-05 0)
(1.03893 -1.25367e-05 0)
(1.03893 -1.05078e-05 0)
(1.03894 -8.635e-06 0)
(1.03894 -7.16589e-06 0)
(1.03895 -5.77995e-06 0)
(1.03895 -4.72869e-06 0)
(1.03895 -3.7436e-06 0)
(1.03895 -3.02813e-06 0)
(1.03896 -2.31219e-06 0)
(1.03896 -1.85555e-06 0)
(1.03896 -1.3866e-06 0)
(1.03896 -1.16091e-06 0)
(1.03896 -8.16209e-07 0)
(1.03896 -7.36851e-07 0)
(1.03896 -5.301e-07 0)
(1.03896 -5.29383e-07 0)
(1.03896 -3.81603e-07 0)
(1.03896 -3.94521e-07 0)
(1.03896 -2.67086e-07 0)
(1.03896 -2.78748e-07 0)
(1.03896 -1.72605e-07 0)
(1.03896 -1.79602e-07 0)
(1.03896 -6.32847e-08 0)
(1.03896 -1.39046e-07 0)
(1.03896 5.45469e-09 0)
(1.03896 -5.65525e-08 0)
(1.03896 4.37511e-08 0)
(1.03896 -6.24962e-09 0)
(1.03896 7.00448e-08 0)
(1.03896 -1.24836e-09 0)
(1.03896 7.66701e-08 0)
(1.03896 -2.092e-08 0)
(1.03896 2.9635e-08 0)
(1.03896 -3.38156e-08 0)
(1.03896 4.15902e-08 0)
(1.03896 -5.00541e-08 0)
(1.03896 2.40235e-08 0)
(1.03896 -5.63144e-08 0)
(1.03896 2.9769e-10 0)
(1.03896 -8.24901e-08 0)
(1.03896 -5.29381e-08 0)
(1.03896 -1.17557e-07 0)
(1.03896 -4.86637e-08 0)
(1.03896 -1.24196e-07 0)
(1.03896 -7.67971e-08 0)
(1.03896 -1.27802e-07 0)
(1.03896 -7.66818e-08 0)
(1.03896 -1.56411e-07 0)
(1.03896 -1.09371e-07 0)
(1.03896 -1.75365e-07 0)
(1.03896 -1.63877e-07 0)
(1.03896 -2.60126e-07 0)
(1.03896 -3.13098e-07 0)
(1.03896 -4.82284e-07 0)
(1.03896 -6.23163e-07 0)
(1.03896 -9.14298e-07 0)
(1.03896 -1.22553e-06 0)
(1.03896 -1.7331e-06 0)
(1.03896 -2.37103e-06 0)
(1.03897 -3.32756e-06 0)
(1.03897 -4.60591e-06 0)
(1.03897 -6.57463e-06 0)
(1.03898 -9.38498e-06 0)
(1.03898 -1.42838e-05 0)
(1.03899 -2.16929e-05 0)
(1.039 -3.84647e-05 0)
(1.03903 -6.56715e-05 0)
(1.03905 -0.000172376 0)
(1.03925 -0.000429077 0)
(1.03949 -0.00147668 0)
(1.04131 -0.00289411 0)
(0.97036 -0.0342523 0)
(1.05229 -0.0201325 0)
(1.02709 -0.00572629 0)
(1.04197 -0.000180314 0)
(1.03554 0.000383945 0)
(1.0383 -0.000139952 0)
(1.03722 -0.000335167 0)
(1.03794 -0.000413972 0)
(1.03789 -0.000364763 0)
(1.03814 -0.000319488 0)
(1.03823 -0.000267267 0)
(1.03835 -0.00022663 0)
(1.03844 -0.000190683 0)
(1.03852 -0.000161912 0)
(1.03858 -0.000138228 0)
(1.03864 -0.000118984 0)
(1.03868 -0.000103064 0)
(1.03873 -8.95211e-05 0)
(1.03876 -7.79656e-05 0)
(1.03879 -6.79119e-05 0)
(1.03882 -5.90646e-05 0)
(1.03884 -5.1185e-05 0)
(1.03886 -4.43134e-05 0)
(1.03888 -3.81103e-05 0)
(1.03889 -3.2713e-05 0)
(1.0389 -2.78441e-05 0)
(1.03891 -2.37316e-05 0)
(1.03892 -2.00075e-05 0)
(1.03893 -1.68709e-05 0)
(1.03893 -1.40635e-05 0)
(1.03894 -1.17623e-05 0)
(1.03894 -9.67284e-06 0)
(1.03895 -8.0148e-06 0)
(1.03895 -6.48482e-06 0)
(1.03895 -5.2932e-06 0)
(1.03895 -4.19902e-06 0)
(1.03896 -3.39743e-06 0)
(1.03896 -2.61148e-06 0)
(1.03896 -2.08723e-06 0)
(1.03896 -1.56609e-06 0)
(1.03896 -1.30163e-06 0)
(1.03896 -9.30696e-07 0)
(1.03896 -8.12372e-07 0)
(1.03896 -5.89985e-07 0)
(1.03896 -5.71403e-07 0)
(1.03896 -4.18488e-07 0)
(1.03896 -4.12594e-07 0)
(1.03896 -2.79225e-07 0)
(1.03896 -2.84071e-07 0)
(1.03896 -1.8117e-07 0)
(1.03896 -1.86299e-07 0)
(1.03896 -6.40166e-08 0)
(1.03896 -1.41589e-07 0)
(1.03896 -1.21744e-08 0)
(1.03896 -6.33764e-08 0)
(1.03896 3.1504e-08 0)
(1.03896 -1.1964e-08 0)
(1.03896 6.10539e-08 0)
(1.03896 -1.02566e-08 0)
(1.03896 7.01806e-08 0)
(1.03896 -1.77781e-08 0)
(1.03896 2.45178e-08 0)
(1.03896 -3.64612e-08 0)
(1.03896 4.1478e-08 0)
(1.03896 -4.61012e-08 0)
(1.03896 1.89469e-08 0)
(1.03896 -6.21745e-08 0)
(1.03896 -1.22978e-08 0)
(1.03896 -8.84759e-08 0)
(1.03896 -6.40735e-08 0)
(1.03896 -1.31004e-07 0)
(1.03896 -6.04536e-08 0)
(1.03896 -1.26465e-07 0)
(1.03896 -8.49264e-08 0)
(1.03896 -1.3414e-07 0)
(1.03896 -8.06262e-08 0)
(1.03896 -1.56593e-07 0)
(1.03896 -1.17348e-07 0)
(1.03896 -1.83449e-07 0)
(1.03896 -1.81315e-07 0)
(1.03896 -2.84082e-07 0)
(1.03896 -3.50072e-07 0)
(1.03896 -5.34395e-07 0)
(1.03896 -7.00917e-07 0)
(1.03896 -1.02416e-06 0)
(1.03896 -1.3861e-06 0)
(1.03896 -1.95596e-06 0)
(1.03896 -2.68465e-06 0)
(1.03896 -3.7659e-06 0)
(1.03897 -5.21175e-06 0)
(1.03897 -7.41265e-06 0)
(1.03897 -1.05445e-05 0)
(1.03898 -1.59365e-05 0)
(1.03898 -2.4011e-05 0)
(1.03899 -4.22362e-05 0)
(1.03901 -7.19963e-05 0)
(1.03902 -0.000190668 0)
(1.03918 -0.00048032 0)
(1.03938 -0.00166359 0)
(1.04087 -0.00327229 0)
(0.971223 -0.0403134 0)
(1.05353 -0.0228197 0)
(1.02736 -0.00635611 0)
(1.04219 -0.000217314 0)
(1.0358 0.000420908 0)
(1.03856 -0.00016575 0)
(1.03748 -0.000372336 0)
(1.03816 -0.00045953 0)
(1.03808 -0.000403578 0)
(1.03831 -0.000353418 0)
(1.03837 -0.000295169 0)
(1.03848 -0.000250077 0)
(1.03855 -0.00021023 0)
(1.03861 -0.000178401 0)
(1.03866 -0.000152184 0)
(1.03871 -0.000130901 0)
(1.03875 -0.000113281 0)
(1.03878 -9.83073e-05 0)
(1.03881 -8.55258e-05 0)
(1.03883 -7.44351e-05 0)
(1.03885 -6.46761e-05 0)
(1.03887 -5.60006e-05 0)
(1.03888 -4.84148e-05 0)
(1.0389 -4.1611e-05 0)
(1.03891 -3.56818e-05 0)
(1.03892 -3.03403e-05 0)
(1.03893 -2.58164e-05 0)
(1.03893 -2.17481e-05 0)
(1.03894 -1.83193e-05 0)
(1.03894 -1.52589e-05 0)
(1.03895 -1.27355e-05 0)
(1.03895 -1.04751e-05 0)
(1.03895 -8.66686e-06 0)
(1.03895 -7.02709e-06 0)
(1.03895 -5.72633e-06 0)
(1.03896 -4.54416e-06 0)
(1.03896 -3.67701e-06 0)
(1.03896 -2.84174e-06 0)
(1.03896 -2.26558e-06 0)
(1.03896 -1.70468e-06 0)
(1.03896 -1.40681e-06 0)
(1.03896 -1.0209e-06 0)
(1.03896 -8.70198e-07 0)
(1.03896 -6.36109e-07 0)
(1.03896 -6.01361e-07 0)
(1.03896 -4.46067e-07 0)
(1.03896 -4.26389e-07 0)
(1.03896 -2.88886e-07 0)
(1.03896 -2.87417e-07 0)
(1.03896 -1.87414e-07 0)
(1.03896 -1.92003e-07 0)
(1.03896 -6.59448e-08 0)
(1.03896 -1.40652e-07 0)
(1.03896 -2.79753e-08 0)
(1.03896 -6.923e-08 0)
(1.03896 2.02257e-08 0)
(1.03896 -1.71707e-08 0)
(1.03896 5.30262e-08 0)
(1.03896 -1.98427e-08 0)
(1.03896 5.85798e-08 0)
(1.03896 -1.83117e-08 0)
(1.03896 1.59211e-08 0)
(1.03896 -4.46408e-08 0)
(1.03896 3.38161e-08 0)
(1.03896 -4.83653e-08 0)
(1.03896 8.7786e-09 0)
(1.03896 -7.18081e-08 0)
(1.03896 -2.86576e-08 0)
(1.03896 -9.62491e-08 0)
(1.03896 -7.32619e-08 0)
(1.03896 -1.42353e-07 0)
(1.03896 -7.3063e-08 0)
(1.03896 -1.28418e-07 0)
(1.03896 -9.21709e-08 0)
(1.03896 -1.41141e-07 0)
(1.03896 -8.66897e-08 0)
(1.03896 -1.57614e-07 0)
(1.03896 -1.26515e-07 0)
(1.03896 -1.93432e-07 0)
(1.03896 -2.00593e-07 0)
(1.03896 -3.08006e-07 0)
(1.03896 -3.84285e-07 0)
(1.03896 -5.80325e-07 0)
(1.03896 -7.68269e-07 0)
(1.03896 -1.11615e-06 0)
(1.03896 -1.51956e-06 0)
(1.03896 -2.13967e-06 0)
(1.03896 -2.94141e-06 0)
(1.03896 -4.12384e-06 0)
(1.03896 -5.70522e-06 0)
(1.03897 -8.08596e-06 0)
(1.03897 -1.14544e-05 0)
(1.03897 -1.71704e-05 0)
(1.03898 -2.56191e-05 0)
(1.03898 -4.46083e-05 0)
(1.03899 -7.58577e-05 0)
(1.039 -0.00020304 0)
(1.0391 -0.000519079 0)
(1.03926 -0.00181088 0)
(1.04037 -0.0035772 0)
(0.972303 -0.046749 0)
(1.055 -0.0253032 0)
(1.02767 -0.00687443 0)
(1.04245 -0.000257711 0)
(1.0361 0.000450265 0)
(1.03886 -0.000191682 0)
(1.03777 -0.000402786 0)
(1.03841 -0.000496991 0)
(1.0383 -0.000434809 0)
(1.03849 -0.000380693 0)
(1.03853 -0.000317391 0)
(1.03862 -0.000268668 0)
(1.03867 -0.000225637 0)
(1.03872 -0.00019134 0)
(1.03875 -0.000163068 0)
(1.03879 -0.000140136 0)
(1.03881 -0.000121145 0)
(1.03884 -0.000105023 0)
(1.03886 -9.12556e-05 0)
(1.03887 -7.93395e-05 0)
(1.03889 -6.88608e-05 0)
(1.0389 -5.95651e-05 0)
(1.03891 -5.14194e-05 0)
(1.03892 -4.41533e-05 0)
(1.03893 -3.78231e-05 0)
(1.03893 -3.21264e-05 0)
(1.03894 -2.72931e-05 0)
(1.03894 -2.29692e-05 0)
(1.03894 -1.93246e-05 0)
(1.03895 -1.60811e-05 0)
(1.03895 -1.33929e-05 0)
(1.03895 -1.10119e-05 0)
(1.03895 -9.09552e-06 0)
(1.03895 -7.38213e-06 0)
(1.03895 -6.00828e-06 0)
(1.03896 -4.76429e-06 0)
(1.03896 -3.85403e-06 0)
(1.03896 -2.99257e-06 0)
(1.03896 -2.38316e-06 0)
(1.03896 -1.79813e-06 0)
(1.03896 -1.47407e-06 0)
(1.03896 -1.08437e-06 0)
(1.03896 -9.09701e-07 0)
(1.03896 -6.67817e-07 0)
(1.03896 -6.18326e-07 0)
(1.03896 -4.62339e-07 0)
(1.03896 -4.34409e-07 0)
(1.03896 -2.95273e-07 0)
(1.03896 -2.87244e-07 0)
(1.03896 -1.89318e-07 0)
(1.03896 -1.94934e-07 0)
(1.03896 -6.88399e-08 0)
(1.03896 -1.36456e-07 0)
(1.03896 -4.03264e-08 0)
(1.03896 -7.34829e-08 0)
(1.03896 1.01789e-08 0)
(1.03896 -2.2388e-08 0)
(1.03896 4.57503e-08 0)
(1.03896 -2.94881e-08 0)
(1.03896 4.28646e-08 0)
(1.03896 -2.21691e-08 0)
(1.03896 5.76446e-09 0)
(1.03896 -5.56952e-08 0)
(1.03896 2.15154e-08 0)
(1.03896 -5.3686e-08 0)
(1.03896 -2.14056e-09 0)
(1.03896 -7.963e-08 0)
(1.03896 -4.28042e-08 0)
(1.03896 -1.00926e-07 0)
(1.03896 -7.59616e-08 0)
(1.03896 -1.46633e-07 0)
(1.03896 -8.24778e-08 0)
(1.03896 -1.27399e-07 0)
(1.03896 -9.57525e-08 0)
(1.03896 -1.46122e-07 0)
(1.03896 -9.31088e-08 0)
(1.03896 -1.58821e-07 0)
(1.03896 -1.36185e-07 0)
(1.03896 -2.04552e-07 0)
(1.03896 -2.20564e-07 0)
(1.03896 -3.30741e-07 0)
(1.03896 -4.14257e-07 0)
(1.03896 -6.18005e-07 0)
(1.03896 -8.22414e-07 0)
(1.03896 -1.18619e-06 0)
(1.03896 -1.61909e-06 0)
(1.03896 -2.27478e-06 0)
(1.03896 -3.12897e-06 0)
(1.03896 -4.38565e-06 0)
(1.03896 -6.06749e-06 0)
(1.03896 -8.57201e-06 0)
(1.03896 -1.20875e-05 0)
(1.03897 -1.79516e-05 0)
(1.03897 -2.6475e-05 0)
(1.03897 -4.55147e-05 0)
(1.03897 -7.71293e-05 0)
(1.03897 -0.00020905 0)
(1.03901 -0.000544127 0)
(1.03912 -0.00191342 0)
(1.03982 -0.00379823 0)
(0.973652 -0.0536353 0)
(1.05672 -0.0275345 0)
(1.02804 -0.00726345 0)
(1.04273 -0.000301223 0)
(1.03644 0.000472103 0)
(1.03919 -0.000216716 0)
(1.0381 -0.000425323 0)
(1.03868 -0.000525071 0)
(1.03854 -0.000457367 0)
(1.0387 -0.000400374 0)
(1.03871 -0.000333166 0)
(1.03877 -0.000281762 0)
(1.03879 -0.000236375 0)
(1.03882 -0.000200285 0)
(1.03885 -0.000170509 0)
(1.03887 -0.000146373 0)
(1.03888 -0.000126386 0)
(1.0389 -0.000109438 0)
(1.03891 -9.49594e-05 0)
(1.03892 -8.24567e-05 0)
(1.03892 -7.14735e-05 0)
(1.03893 -6.17551e-05 0)
(1.03893 -5.32248e-05 0)
(1.03894 -4.56491e-05 0)
(1.03894 -3.90598e-05 0)
(1.03894 -3.31366e-05 0)
(1.03895 -2.81052e-05 0)
(1.03895 -2.36223e-05 0)
(1.03895 -1.98434e-05 0)
(1.03895 -1.64922e-05 0)
(1.03895 -1.37037e-05 0)
(1.03895 -1.12566e-05 0)
(1.03895 -9.27727e-06 0)
(1.03895 -7.52821e-06 0)
(1.03895 -6.12117e-06 0)
(1.03895 -4.84677e-06 0)
(1.03895 -3.91769e-06 0)
(1.03895 -3.05493e-06 0)
(1.03895 -2.43342e-06 0)
(1.03895 -1.84196e-06 0)
(1.03895 -1.50039e-06 0)
(1.03895 -1.11652e-06 0)
(1.03895 -9.26661e-07 0)
(1.03895 -6.80109e-07 0)
(1.03895 -6.16725e-07 0)
(1.03895 -4.59938e-07 0)
(1.03895 -4.28407e-07 0)
(1.03895 -2.89057e-07 0)
(1.03895 -2.73755e-07 0)
(1.03895 -1.77076e-07 0)
(1.03895 -1.85318e-07 0)
(1.03895 -6.38176e-08 0)
(1.03895 -1.21315e-07 0)
(1.03895 -3.96563e-08 0)
(1.03895 -6.72665e-08 0)
(1.03895 1.0321e-08 0)
(1.03895 -1.95653e-08 0)
(1.03895 4.73328e-08 0)
(1.03895 -2.93866e-08 0)
(1.03895 3.39033e-08 0)
(1.03895 -1.90868e-08 0)
(1.03895 5.37371e-09 0)
(1.03895 -5.80218e-08 0)
(1.03895 1.67924e-08 0)
(1.03895 -5.00665e-08 0)
(1.03895 -1.38256e-09 0)
(1.03895 -7.28518e-08 0)
(1.03895 -4.15862e-08 0)
(1.03895 -9.07573e-08 0)
(1.03895 -6.15408e-08 0)
(1.03895 -1.32735e-07 0)
(1.03895 -7.73113e-08 0)
(1.03895 -1.13357e-07 0)
(1.03895 -8.52142e-08 0)
(1.03895 -1.3869e-07 0)
(1.03895 -8.97755e-08 0)
(1.03895 -1.51145e-07 0)
(1.03895 -1.36956e-07 0)
(1.03895 -2.06984e-07 0)
(1.03895 -2.30741e-07 0)
(1.03895 -3.41875e-07 0)
(1.03895 -4.30532e-07 0)
(1.03895 -6.40077e-07 0)
(1.03895 -8.56538e-07 0)
(1.03895 -1.22787e-06 0)
(1.03895 -1.67736e-06 0)
(1.03895 -2.35224e-06 0)
(1.03895 -3.23599e-06 0)
(1.03895 -4.53687e-06 0)
(1.03895 -6.28088e-06 0)
(1.03895 -8.84992e-06 0)
(1.03896 -1.24199e-05 0)
(1.03896 -1.82566e-05 0)
(1.03896 -2.65607e-05 0)
(1.03895 -4.49456e-05 0)
(1.03895 -7.57867e-05 0)
(1.03893 -0.000208457 0)
(1.03892 -0.000554542 0)
(1.03898 -0.00196666 0)
(1.03921 -0.00392518 0)
(0.975334 -0.0610617 0)
(1.0587 -0.0294546 0)
(1.02847 -0.00750407 0)
(1.04304 -0.000347078 0)
(1.03682 0.000486641 0)
(1.03954 -0.000239598 0)
(1.03844 -0.0004388 0)
(1.03897 -0.00054253 0)
(1.03879 -0.000470251 0)
(1.03891 -0.000411619 0)
(1.03889 -0.000341833 0)
(1.03892 -0.000288834 0)
(1.03892 -0.00024203 0)
(1.03893 -0.000204912 0)
(1.03894 -0.000174256 0)
(1.03894 -0.000149419 0)
(1.03894 -0.000128859 0)
(1.03895 -0.000111446 0)
(1.03895 -9.65653e-05 0)
(1.03895 -8.37427e-05 0)
(1.03895 -7.24937e-05 0)
(1.03895 -6.25701e-05 0)
(1.03895 -5.38505e-05 0)
(1.03895 -4.61324e-05 0)
(1.03895 -3.94358e-05 0)
(1.03894 -3.34254e-05 0)
(1.03894 -2.83167e-05 0)
(1.03894 -2.37785e-05 0)
(1.03894 -1.99516e-05 0)
(1.03894 -1.65722e-05 0)
(1.03894 -1.37531e-05 0)
(1.03894 -1.12963e-05 0)
(1.03894 -9.30078e-06 0)
(1.03894 -7.55398e-06 0)
(1.03894 -6.15371e-06 0)
(1.03894 -4.8817e-06 0)
(1.03894 -3.95612e-06 0)
(1.03894 -3.11354e-06 0)
(1.03894 -2.49813e-06 0)
(1.03894 -1.91298e-06 0)
(1.03894 -1.55737e-06 0)
(1.03894 -1.18401e-06 0)
(1.03894 -9.86714e-07 0)
(1.03894 -7.36919e-07 0)
(1.03894 -6.60248e-07 0)
(1.03893 -5.00222e-07 0)
(1.03893 -4.68192e-07 0)
(1.03893 -3.25999e-07 0)
(1.03893 -3.03126e-07 0)
(1.03893 -2.07897e-07 0)
(1.03893 -2.19909e-07 0)
(1.03893 -1.09255e-07 0)
(1.03893 -1.54694e-07 0)
(1.03893 -8.61908e-08 0)
(1.03893 -1.10935e-07 0)
(1.03893 -4.12468e-08 0)
(1.03893 -7.0498e-08 0)
(1.03893 -1.96156e-09 0)
(1.03893 -7.93793e-08 0)
(1.03893 -2.80697e-08 0)
(1.03893 -6.90828e-08 0)
(1.03893 -4.52662e-08 0)
(1.03893 -1.07808e-07 0)
(1.03893 -3.71688e-08 0)
(1.03893 -9.42073e-08 0)
(1.03893 -4.65524e-08 0)
(1.03893 -1.08377e-07 0)
(1.03893 -8.20358e-08 0)
(1.03893 -1.23806e-07 0)
(1.03893 -8.99394e-08 0)
(1.03893 -1.58965e-07 0)
(1.03893 -1.15705e-07 0)
(1.03893 -1.44912e-07 0)
(1.03893 -1.19954e-07 0)
(1.03893 -1.76593e-07 0)
(1.03893 -1.34897e-07 0)
(1.03893 -1.9235e-07 0)
(1.03893 -1.86089e-07 0)
(1.03893 -2.56461e-07 0)
(1.03893 -2.85721e-07 0)
(1.03893 -3.95866e-07 0)
(1.03893 -4.89321e-07 0)
(1.03893 -7.06872e-07 0)
(1.03893 -9.33116e-07 0)
(1.03893 -1.30626e-06 0)
(1.03893 -1.76668e-06 0)
(1.03893 -2.45231e-06 0)
(1.03893 -3.34687e-06 0)
(1.03893 -4.66438e-06 0)
(1.03893 -6.43285e-06 0)
(1.03893 -9.00752e-06 0)
(1.03893 -1.25411e-05 0)
(1.03893 -1.81835e-05 0)
(1.03893 -2.59946e-05 0)
(1.03892 -4.30625e-05 0)
(1.03891 -7.20247e-05 0)
(1.03889 -0.000201365 0)
(1.03882 -0.000549852 0)
(1.03882 -0.00196683 0)
(1.03856 -0.00394851 0)
(0.97743 -0.0691354 0)
(1.06097 -0.0309906 0)
(1.02893 -0.00757548 0)
(1.04334 -0.00039385 0)
(1.03722 0.000493986 0)
(1.0399 -0.000259007 0)
(1.03879 -0.000442278 0)
(1.03925 -0.000548305 0)
(1.03903 -0.000472693 0)
(1.0391 -0.000413826 0)
(1.03904 -0.000342998 0)
(1.03904 -0.000289642 0)
(1.03902 -0.00024249 0)
(1.03901 -0.000205207 0)
(1.03899 -0.000174378 0)
(1.03898 -0.000149406 0)
(1.03897 -0.000128743 0)
(1.03896 -0.000111267 0)
(1.03895 -9.63302e-05 0)
(1.03895 -8.34843e-05 0)
(1.03894 -7.22328e-05 0)
(1.03893 -6.23422e-05 0)
(1.03893 -5.36486e-05 0)
(1.03892 -4.59724e-05 0)
(1.03891 -3.93336e-05 0)
(1.03891 -3.33882e-05 0)
(1.03891 -2.83355e-05 0)
(1.0389 -2.38557e-05 0)
(1.0389 -2.00709e-05 0)
(1.0389 -1.67435e-05 0)
(1.03889 -1.39639e-05 0)
(1.03889 -1.15521e-05 0)
(1.03889 -9.58446e-06 0)
(1.03889 -7.87272e-06 0)
(1.03889 -6.5112e-06 0)
(1.03889 -5.26573e-06 0)
(1.03889 -4.3542e-06 0)
(1.03888 -3.537e-06 0)
(1.03888 -2.93033e-06 0)
(1.03888 -2.35391e-06 0)
(1.03888 -1.97887e-06 0)
(1.03888 -1.61768e-06 0)
(1.03888 -1.42479e-06 0)
(1.03888 -1.18102e-06 0)
(1.03888 -1.098e-06 0)
(1.03888 -9.40753e-07 0)
(1.03888 -9.12623e-07 0)
(1.03888 -7.78292e-07 0)
(1.03888 -7.48984e-07 0)
(1.03888 -6.56137e-07 0)
(1.03888 -6.72079e-07 0)
(1.03888 -5.77187e-07 0)
(1.03888 -6.10343e-07 0)
(1.03888 -5.52769e-07 0)
(1.03888 -5.76913e-07 0)
(1.03888 -5.16247e-07 0)
(1.03888 -5.46312e-07 0)
(1.03888 -4.74899e-07 0)
(1.03888 -5.50535e-07 0)
(1.03888 -5.13491e-07 0)
(1.03888 -5.43846e-07 0)
(1.03888 -5.18306e-07 0)
(1.03888 -5.77492e-07 0)
(1.03888 -5.12342e-07 0)
(1.03888 -5.59279e-07 0)
(1.03888 -5.11696e-07 0)
(1.03888 -5.61526e-07 0)
(1.03888 -5.38972e-07 0)
(1.03888 -5.75789e-07 0)
(1.03888 -5.37758e-07 0)
(1.03888 -6.01602e-07 0)
(1.03888 -5.71767e-07 0)
(1.03888 -5.96685e-07 0)
(1.03888 -5.74326e-07 0)
(1.03888 -6.33565e-07 0)
(1.03888 -6.01369e-07 0)
(1.03888 -6.55392e-07 0)
(1.03888 -6.55763e-07 0)
(1.03888 -7.24346e-07 0)
(1.03888 -7.56325e-07 0)
(1.03888 -8.6276e-07 0)
(1.03888 -9.53817e-07 0)
(1.03888 -1.16431e-06 0)
(1.03888 -1.38754e-06 0)
(1.03888 -1.7495e-06 0)
(1.03888 -2.22673e-06 0)
(1.03888 -2.92816e-06 0)
(1.03888 -3.83708e-06 0)
(1.03888 -5.16037e-06 0)
(1.03888 -6.92669e-06 0)
(1.03888 -9.45731e-06 0)
(1.03888 -1.28733e-05 0)
(1.03887 -1.81749e-05 0)
(1.03887 -2.52573e-05 0)
(1.03886 -4.04216e-05 0)
(1.03884 -6.64786e-05 0)
(1.03881 -0.000188442 0)
(1.0387 -0.000530216 0)
(1.03863 -0.00191136 0)
(1.03784 -0.00385962 0)
(0.980015 -0.0779769 0)
(1.06349 -0.0320489 0)
(1.02938 -0.00745376 0)
(1.04357 -0.000438465 0)
(1.03756 0.000494489 0)
(1.04018 -0.000273063 0)
(1.03906 -0.000434524 0)
(1.03945 -0.000540951 0)
(1.03918 -0.000463616 0)
(1.0392 -0.000406116 0)
(1.0391 -0.000336039 0)
(1.03907 -0.000283755 0)
(1.03902 -0.000237502 0)
(1.03899 -0.000201063 0)
(1.03895 -0.000170867 0)
(1.03892 -0.000146388 0)
(1.0389 -0.000126142 0)
(1.03888 -0.000109043 0)
(1.03886 -9.44294e-05 0)
(1.03884 -8.18858e-05 0)
(1.03882 -7.09172e-05 0)
(1.03881 -6.13133e-05 0)
(1.0388 -5.28764e-05 0)
(1.03879 -4.544e-05 0)
(1.03878 -3.90339e-05 0)
(1.03877 -3.33144e-05 0)
(1.03876 -2.84593e-05 0)
(1.03876 -2.4159e-05 0)
(1.03875 -2.05113e-05 0)
(1.03875 -1.73184e-05 0)
(1.03874 -1.46504e-05 0)
(1.03874 -1.23389e-05 0)
(1.03874 -1.04445e-05 0)
(1.03873 -8.80074e-06 0)
(1.03873 -7.50633e-06 0)
(1.03873 -6.30913e-06 0)
(1.03873 -5.41894e-06 0)
(1.03873 -4.62741e-06 0)
(1.03873 -4.02796e-06 0)
(1.03873 -3.49144e-06 0)
(1.03873 -3.13226e-06 0)
(1.03873 -2.80139e-06 0)
(1.03872 -2.62457e-06 0)
(1.03872 -2.3964e-06 0)
(1.03872 -2.31512e-06 0)
(1.03872 -2.16718e-06 0)
(1.03872 -2.14546e-06 0)
(1.03872 -2.02847e-06 0)
(1.03872 -1.99464e-06 0)
(1.03872 -1.90541e-06 0)
(1.03872 -1.9242e-06 0)
(1.03872 -1.84629e-06 0)
(1.03872 -1.86872e-06 0)
(1.03872 -1.81811e-06 0)
(1.03872 -1.84302e-06 0)
(1.03872 -1.7903e-06 0)
(1.03872 -1.82248e-06 0)
(1.03872 -1.75079e-06 0)
(1.03872 -1.82004e-06 0)
(1.03872 -1.79775e-06 0)
(1.03872 -1.82063e-06 0)
(1.03872 -1.79193e-06 0)
(1.03872 -1.84864e-06 0)
(1.03872 -1.78923e-06 0)
(1.03872 -1.82762e-06 0)
(1.03872 -1.7801e-06 0)
(1.03872 -1.81788e-06 0)
(1.03872 -1.79729e-06 0)
(1.03872 -1.83178e-06 0)
(1.03872 -1.79048e-06 0)
(1.03872 -1.84659e-06 0)
(1.03872 -1.82844e-06 0)
(1.03872 -1.85171e-06 0)
(1.03872 -1.83064e-06 0)
(1.03872 -1.89199e-06 0)
(1.03872 -1.86959e-06 0)
(1.03872 -1.921e-06 0)
(1.03872 -1.92591e-06 0)
(1.03872 -1.99063e-06 0)
(1.03872 -2.0223e-06 0)
(1.03872 -2.1228e-06 0)
(1.03872 -2.20504e-06 0)
(1.03872 -2.39409e-06 0)
(1.03872 -2.60223e-06 0)
(1.03872 -2.94027e-06 0)
(1.03872 -3.39499e-06 0)
(1.03872 -4.08305e-06 0)
(1.03872 -5.01098e-06 0)
(1.03872 -6.33016e-06 0)
(1.03872 -8.06674e-06 0)
(1.03872 -1.0504e-05 0)
(1.03872 -1.37263e-05 0)
(1.03871 -1.85611e-05 0)
(1.0387 -2.47274e-05 0)
(1.03869 -3.75186e-05 0)
(1.03867 -5.97969e-05 0)
(1.03863 -0.000170549 0)
(1.03847 -0.000495942 0)
(1.03834 -0.00179838 0)
(1.03701 -0.00365047 0)
(0.983101 -0.087683 0)
(1.06611 -0.0325026 0)
(1.0296 -0.00711009 0)
(1.04348 -0.00047448 0)
(1.03764 0.000489822 0)
(1.04017 -0.000277907 0)
(1.03905 -0.000412646 0)
(1.03935 -0.000517296 0)
(1.03903 -0.000440259 0)
(1.03899 -0.000385905 0)
(1.03886 -0.00031861 0)
(1.03879 -0.000268986 0)
(1.03871 -0.000225022 0)
(1.03865 -0.000190539 0)
(1.0386 -0.000161858 0)
(1.03855 -0.00013855 0)
(1.03851 -0.000119272 0)
(1.03848 -0.000103011 0)
(1.03844 -8.91112e-05 0)
(1.03842 -7.71992e-05 0)
(1.03839 -6.67929e-05 0)
(1.03837 -5.77117e-05 0)
(1.03835 -4.97383e-05 0)
(1.03834 -4.27093e-05 0)
(1.03832 -3.66692e-05 0)
(1.03831 -3.12853e-05 0)
(1.0383 -2.67102e-05 0)
(1.03829 -2.26732e-05 0)
(1.03828 -1.92683e-05 0)
(1.03828 -1.63038e-05 0)
(1.03827 -1.38309e-05 0)
(1.03827 -1.16909e-05 0)
(1.03826 -9.93406e-06 0)
(1.03826 -8.41413e-06 0)
(1.03826 -7.23676e-06 0)
(1.03826 -6.14187e-06 0)
(1.03825 -5.31804e-06 0)
(1.03825 -4.59878e-06 0)
(1.03825 -4.05112e-06 0)
(1.03825 -3.56569e-06 0)
(1.03825 -3.2516e-06 0)
(1.03825 -2.96372e-06 0)
(1.03825 -2.80907e-06 0)
(1.03825 -2.59964e-06 0)
(1.03825 -2.52407e-06 0)
(1.03825 -2.38528e-06 0)
(1.03825 -2.36813e-06 0)
(1.03825 -2.26426e-06 0)
(1.03825 -2.22809e-06 0)
(1.03825 -2.14451e-06 0)
(1.03825 -2.16394e-06 0)
(1.03825 -2.10225e-06 0)
(1.03825 -2.11621e-06 0)
(1.03825 -2.07033e-06 0)
(1.03825 -2.0965e-06 0)
(1.03825 -2.05095e-06 0)
(1.03825 -2.08597e-06 0)
(1.03825 -2.01716e-06 0)
(1.03825 -2.07732e-06 0)
(1.03825 -2.06868e-06 0)
(1.03825 -2.08784e-06 0)
(1.03825 -2.0563e-06 0)
(1.03825 -2.1102e-06 0)
(1.03825 -2.05743e-06 0)
(1.03825 -2.08883e-06 0)
(1.03825 -2.04286e-06 0)
(1.03825 -2.06927e-06 0)
(1.03825 -2.04921e-06 0)
(1.03825 -2.08261e-06 0)
(1.03825 -2.03993e-06 0)
(1.03825 -2.08555e-06 0)
(1.03825 -2.0763e-06 0)
(1.03825 -2.09951e-06 0)
(1.03825 -2.07935e-06 0)
(1.03825 -2.14071e-06 0)
(1.03825 -2.12727e-06 0)
(1.03825 -2.17569e-06 0)
(1.03825 -2.18277e-06 0)
(1.03825 -2.24117e-06 0)
(1.03825 -2.26964e-06 0)
(1.03825 -2.36244e-06 0)
(1.03825 -2.43593e-06 0)
(1.03825 -2.60564e-06 0)
(1.03825 -2.79732e-06 0)
(1.03825 -3.10747e-06 0)
(1.03825 -3.5109e-06 0)
(1.03825 -4.16686e-06 0)
(1.03825 -5.04828e-06 0)
(1.03824 -6.29116e-06 0)
(1.03824 -7.92216e-06 0)
(1.03824 -1.01812e-05 0)
(1.03824 -1.31137e-05 0)
(1.03823 -1.73599e-05 0)
(1.03822 -2.24736e-05 0)
(1.03821 -3.26497e-05 0)
(1.03818 -5.06406e-05 0)
(1.03814 -0.000146984 0)
(1.03794 -0.000446051 0)
(1.03774 -0.0016256 0)
(1.03587 -0.00331286 0)
(0.986397 -0.0982887 0)
(1.06823 -0.0321905 0)
(1.02898 -0.00651934 0)
(1.04245 -0.000498631 0)
(1.03682 0.000476284 0)
(1.03924 -0.000273102 0)
(1.03811 -0.000377755 0)
(1.03832 -0.000478427 0)
(1.03795 -0.000403922 0)
(1.03785 -0.000354422 0)
(1.03767 -0.000291794 0)
(1.03756 -0.000246166 0)
(1.03745 -0.000205536 0)
(1.03737 -0.000173736 0)
(1.03729 -0.00014729 0)
(1.03723 -0.00012585 0)
(1.03717 -0.000108106 0)
(1.03712 -9.31463e-05 0)
(1.03708 -8.0342e-05 0)
(1.03704 -6.93685e-05 0)
(1.03701 -5.97691e-05 0)
(1.03698 -5.13941e-05 0)
(1.03696 -4.4025e-05 0)
(1.03694 -3.74925e-05 0)
(1.03692 -3.18535e-05 0)
(1.0369 -2.67957e-05 0)
(1.03689 -2.24434e-05 0)
(1.03688 -1.86541e-05 0)
(1.03687 -1.5599e-05 0)
(1.03686 -1.29596e-05 0)
(1.03685 -1.07656e-05 0)
(1.03685 -8.87131e-06 0)
(1.03684 -7.32087e-06 0)
(1.03684 -5.9859e-06 0)
(1.03684 -4.97634e-06 0)
(1.03683 -4.04229e-06 0)
(1.03683 -3.33896e-06 0)
(1.03683 -2.74736e-06 0)
(1.03683 -2.305e-06 0)
(1.03683 -1.89316e-06 0)
(1.03683 -1.6205e-06 0)
(1.03683 -1.37204e-06 0)
(1.03683 -1.24454e-06 0)
(1.03682 -1.05953e-06 0)
(1.03682 -9.94583e-07 0)
(1.03682 -8.68462e-07 0)
(1.03682 -8.5401e-07 0)
(1.03682 -7.63894e-07 0)
(1.03682 -7.28062e-07 0)
(1.03682 -6.52655e-07 0)
(1.03682 -6.70038e-07 0)
(1.03682 -6.21969e-07 0)
(1.03682 -6.30235e-07 0)
(1.03682 -5.88591e-07 0)
(1.03682 -6.15858e-07 0)
(1.03682 -5.76614e-07 0)
(1.03682 -6.14214e-07 0)
(1.03682 -5.52497e-07 0)
(1.03682 -6.02083e-07 0)
(1.03682 -6.04529e-07 0)
(1.03682 -6.23172e-07 0)
(1.03682 -5.90695e-07 0)
(1.03682 -6.40922e-07 0)
(1.03682 -5.95535e-07 0)
(1.03682 -6.2129e-07 0)
(1.03682 -5.79054e-07 0)
(1.03682 -5.95735e-07 0)
(1.03682 -5.75048e-07 0)
(1.03682 -6.07231e-07 0)
(1.03682 -5.65563e-07 0)
(1.03682 -5.99043e-07 0)
(1.03682 -5.95128e-07 0)
(1.03682 -6.19003e-07 0)
(1.03682 -6.0002e-07 0)
(1.03682 -6.58573e-07 0)
(1.03682 -6.52086e-07 0)
(1.03682 -6.96223e-07 0)
(1.03682 -7.03249e-07 0)
(1.03682 -7.53146e-07 0)
(1.03682 -7.76198e-07 0)
(1.03682 -8.58809e-07 0)
(1.03682 -9.21728e-07 0)
(1.03682 -1.06927e-06 0)
(1.03682 -1.24044e-06 0)
(1.03682 -1.51862e-06 0)
(1.03682 -1.88011e-06 0)
(1.03682 -2.46639e-06 0)
(1.03682 -3.21959e-06 0)
(1.03682 -4.30098e-06 0)
(1.03682 -5.7403e-06 0)
(1.03681 -7.73064e-06 0)
(1.03681 -1.02805e-05 0)
(1.0368 -1.384e-05 0)
(1.03679 -1.78361e-05 0)
(1.03678 -2.55187e-05 0)
(1.03674 -3.93027e-05 0)
(1.0367 -0.000119245 0)
(1.03647 -0.000383816 0)
(1.03621 -0.00139846 0)
(1.03382 -0.00284676 0)
(0.988573 -0.109968 0)
(1.06795 -0.0309653 0)
(1.0256 -0.0056949 0)
(1.03851 -0.000544542 0)
(1.03318 0.000410675 0)
(1.03547 -0.000294167 0)
(1.03434 -0.000367218 0)
(1.03445 -0.000461847 0)
(1.03402 -0.000392089 0)
(1.03386 -0.000348843 0)
(1.03364 -0.000292254 0)
(1.03349 -0.000251334 0)
(1.03334 -0.000214284 0)
(1.03323 -0.00018503 0)
(1.03313 -0.00016123 0)
(1.03305 -0.000142495 0)
(1.03298 -0.000127005 0)
(1.03292 -0.000113966 0)
(1.03286 -0.000102804 0)
(1.03281 -9.32561e-05 0)
(1.03277 -8.4908e-05 0)
(1.03274 -7.7647e-05 0)
(1.03271 -7.12784e-05 0)
(1.03268 -6.56289e-05 0)
(1.03266 -6.07673e-05 0)
(1.03264 -5.6418e-05 0)
(1.03262 -5.26767e-05 0)
(1.03261 -4.94334e-05 0)
(1.0326 -4.68381e-05 0)
(1.03259 -4.4606e-05 0)
(1.03258 -4.27575e-05 0)
(1.03257 -4.11645e-05 0)
(1.03257 -3.98675e-05 0)
(1.03256 -3.87518e-05 0)
(1.03256 -3.79272e-05 0)
(1.03256 -3.71698e-05 0)
(1.03256 -3.65969e-05 0)
(1.03255 -3.61307e-05 0)
(1.03255 -3.57886e-05 0)
(1.03255 -3.54788e-05 0)
(1.03255 -3.5258e-05 0)
(1.03255 -3.50521e-05 0)
(1.03255 -3.49548e-05 0)
(1.03255 -3.47999e-05 0)
(1.03255 -3.47498e-05 0)
(1.03255 -3.4641e-05 0)
(1.03255 -3.46277e-05 0)
(1.03255 -3.4553e-05 0)
(1.03255 -3.45208e-05 0)
(1.03255 -3.44564e-05 0)
(1.03255 -3.44693e-05 0)
(1.03255 -3.44315e-05 0)
(1.03255 -3.44374e-05 0)
(1.03255 -3.4401e-05 0)
(1.03255 -3.44281e-05 0)
(1.03255 -3.43943e-05 0)
(1.03255 -3.44332e-05 0)
(1.03255 -3.43832e-05 0)
(1.03255 -3.44212e-05 0)
(1.03255 -3.44305e-05 0)
(1.03255 -3.44508e-05 0)
(1.03255 -3.44201e-05 0)
(1.03255 -3.44651e-05 0)
(1.03255 -3.44273e-05 0)
(1.03255 -3.44483e-05 0)
(1.03255 -3.44121e-05 0)
(1.03255 -3.44212e-05 0)
(1.03255 -3.43994e-05 0)
(1.03255 -3.44292e-05 0)
(1.03255 -3.43916e-05 0)
(1.03255 -3.44128e-05 0)
(1.03255 -3.44107e-05 0)
(1.03255 -3.44353e-05 0)
(1.03255 -3.44185e-05 0)
(1.03255 -3.44709e-05 0)
(1.03255 -3.44685e-05 0)
(1.03255 -3.45066e-05 0)
(1.03255 -3.4512e-05 0)
(1.03255 -3.45519e-05 0)
(1.03255 -3.4568e-05 0)
(1.03255 -3.46381e-05 0)
(1.03255 -3.46889e-05 0)
(1.03255 -3.48104e-05 0)
(1.03255 -3.49563e-05 0)
(1.03255 -3.51963e-05 0)
(1.03255 -3.55059e-05 0)
(1.03254 -3.59824e-05 0)
(1.03254 -3.66012e-05 0)
(1.03254 -3.7503e-05 0)
(1.03254 -3.87154e-05 0)
(1.03253 -4.03879e-05 0)
(1.03253 -4.24994e-05 0)
(1.03252 -4.53257e-05 0)
(1.03251 -4.82089e-05 0)
(1.03249 -5.32055e-05 0)
(1.03246 -6.22947e-05 0)
(1.03242 -0.000123506 0)
(1.03218 -0.000349146 0)
(1.03186 -0.00116811 0)
(1.02902 -0.00229697 0)
(0.984968 -0.12329 0)
(1.0595 -0.0286587 0)
(1.01375 -0.00469006 0)
(1.02591 -0.000698141 0)
(1.021 0.000187844 0)
(1.02312 -0.000440153 0)
(1.02201 -0.000479066 0)
(1.02201 -0.000562147 0)
(1.02153 -0.000501312 0)
(1.02131 -0.000467079 0)
(1.02104 -0.00042039 0)
(1.02085 -0.000387303 0)
(1.02067 -0.000357005 0)
(1.02053 -0.000333138 0)
(1.02041 -0.000313798 0)
(1.02031 -0.000298679 0)
(1.02023 -0.00028618 0)
(1.02015 -0.000275685 0)
(1.02009 -0.000266716 0)
(1.02003 -0.00025908 0)
(1.01998 -0.000252425 0)
(1.01994 -0.000246677 0)
(1.0199 -0.000241687 0)
(1.01987 -0.00023729 0)
(1.01985 -0.00023356 0)
(1.01983 -0.000230275 0)
(1.01981 -0.000227503 0)
(1.01979 -0.000225081 0)
(1.01978 -0.000223047 0)
(1.01977 -0.000221296 0)
(1.01976 -0.000219852 0)
(1.01975 -0.000218608 0)
(1.01974 -0.000217604 0)
(1.01974 -0.000216735 0)
(1.01974 -0.000216104 0)
(1.01973 -0.000215527 0)
(1.01973 -0.000215086 0)
(1.01973 -0.000214733 0)
(1.01973 -0.000214474 0)
(1.01973 -0.000214246 0)
(1.01972 -0.000214084 0)
(1.01972 -0.000213925 0)
(1.01972 -0.000213859 0)
(1.01972 -0.000213738 0)
(1.01972 -0.000213705 0)
(1.01972 -0.000213617 0)
(1.01972 -0.000213605 0)
(1.01972 -0.000213547 0)
(1.01972 -0.000213521 0)
(1.01972 -0.000213471 0)
(1.01972 -0.000213478 0)
(1.01972 -0.000213448 0)
(1.01972 -0.000213454 0)
(1.01972 -0.000213425 0)
(1.01972 -0.000213451 0)
(1.01972 -0.000213422 0)
(1.01972 -0.000213459 0)
(1.01972 -0.000213424 0)
(1.01972 -0.00021345 0)
(1.01972 -0.000213461 0)
(1.01972 -0.000213483 0)
(1.01972 -0.000213456 0)
(1.01972 -0.000213494 0)
(1.01972 -0.000213464 0)
(1.01972 -0.00021348 0)
(1.01972 -0.000213452 0)
(1.01972 -0.000213456 0)
(1.01972 -0.000213434 0)
(1.01972 -0.00021346 0)
(1.01972 -0.000213429 0)
(1.01972 -0.00021344 0)
(1.01972 -0.000213438 0)
(1.01972 -0.000213462 0)
(1.01972 -0.000213448 0)
(1.01972 -0.000213491 0)
(1.01972 -0.00021349 0)
(1.01972 -0.00021352 0)
(1.01972 -0.000213523 0)
(1.01972 -0.000213552 0)
(1.01972 -0.000213562 0)
(1.01972 -0.000213617 0)
(1.01972 -0.000213655 0)
(1.01972 -0.000213747 0)
(1.01972 -0.000213863 0)
(1.01972 -0.000214056 0)
(1.01972 -0.000214302 0)
(1.01972 -0.000214678 0)
(1.01972 -0.000215168 0)
(1.01971 -0.00021588 0)
(1.01971 -0.000216836 0)
(1.0197 -0.000218146 0)
(1.0197 -0.000219771 0)
(1.01969 -0.000221844 0)
(1.01968 -0.000223695 0)
(1.01966 -0.000226087 0)
(1.01963 -0.000230489 0)
(1.0196 -0.000271463 0)
(1.01935 -0.00044404 0)
(1.01899 -0.00104957 0)
(1.01589 -0.00176923 0)
(0.960318 -0.135901 0)
(1.02533 -0.0244329 0)
(0.976319 -0.00334246 0)
(0.987406 -0.000822828 0)
(0.983099 -0.00010118 0)
(0.985004 -0.000606332 0)
(0.983932 -0.000612604 0)
(0.983839 -0.000677098 0)
(0.983316 -0.000629571 0)
(0.983039 -0.000606243 0)
(0.982735 -0.000572614 0)
(0.982512 -0.000549611 0)
(0.982314 -0.000528329 0)
(0.982153 -0.000511781 0)
(0.982014 -0.000498409 0)
(0.981898 -0.000487681 0)
(0.981798 -0.000478778 0)
(0.981713 -0.00047132 0)
(0.981639 -0.00046495 0)
(0.981576 -0.000459544 0)
(0.981522 -0.000454836 0)
(0.981476 -0.000450783 0)
(0.981437 -0.000447298 0)
(0.981403 -0.000444227 0)
(0.981375 -0.000441637 0)
(0.981351 -0.000439375 0)
(0.981331 -0.00043748 0)
(0.981314 -0.000435829 0)
(0.9813 -0.000434433 0)
(0.981288 -0.000433233 0)
(0.981279 -0.000432247 0)
(0.981271 -0.000431401 0)
(0.981265 -0.000430726 0)
(0.98126 -0.000430134 0)
(0.981256 -0.000429712 0)
(0.981253 -0.000429333 0)
(0.98125 -0.000429036 0)
(0.981248 -0.0004288 0)
(0.981247 -0.000428628 0)
(0.981245 -0.000428482 0)
(0.981244 -0.000428382 0)
(0.981244 -0.000428272 0)
(0.981243 -0.000428233 0)
(0.981243 -0.000428151 0)
(0.981242 -0.000428134 0)
(0.981242 -0.000428072 0)
(0.981242 -0.00042806 0)
(0.981242 -0.000428021 0)
(0.981242 -0.000428005 0)
(0.981241 -0.000427971 0)
(0.981241 -0.000427973 0)
(0.981241 -0.00042795 0)
(0.981241 -0.000427959 0)
(0.981241 -0.000427939 0)
(0.981241 -0.000427959 0)
(0.981241 -0.000427935 0)
(0.981241 -0.000427968 0)
(0.981241 -0.000427948 0)
(0.981241 -0.000427962 0)
(0.981241 -0.00042797 0)
(0.981241 -0.000427992 0)
(0.981241 -0.000427972 0)
(0.981241 -0.000427998 0)
(0.981241 -0.000427976 0)
(0.981241 -0.000427988 0)
(0.981241 -0.000427969 0)
(0.981241 -0.00042797 0)
(0.981241 -0.00042795 0)
(0.981241 -0.00042797 0)
(0.981241 -0.00042795 0)
(0.981241 -0.000427952 0)
(0.981241 -0.000427949 0)
(0.981241 -0.000427972 0)
(0.981241 -0.000427963 0)
(0.981241 -0.000427992 0)
(0.981241 -0.00042799 0)
(0.981241 -0.000428011 0)
(0.98124 -0.000428012 0)
(0.98124 -0.00042803 0)
(0.98124 -0.000428033 0)
(0.98124 -0.000428072 0)
(0.98124 -0.000428097 0)
(0.98124 -0.000428158 0)
(0.981239 -0.000428238 0)
(0.981239 -0.000428374 0)
(0.981238 -0.000428542 0)
(0.981236 -0.000428801 0)
(0.981235 -0.000429139 0)
(0.981232 -0.000429627 0)
(0.981228 -0.00043028 0)
(0.981223 -0.000431172 0)
(0.981216 -0.000432256 0)
(0.981206 -0.000433571 0)
(0.981193 -0.00043455 0)
(0.981179 -0.000435201 0)
(0.981152 -0.000436342 0)
(0.981132 -0.000458744 0)
(0.980909 -0.000569019 0)
(0.980543 -0.000943038 0)
(0.977595 -0.00117798 0)
(0.864915 -0.128451 0)
(0.911561 -0.0160052 0)
(0.861953 -0.000986158 0)
(0.871341 7.19573e-05 0)
(0.867958 0.000506373 0)
(0.869549 0.000191323 0)
(0.868591 0.000202367 0)
(0.868424 0.000164182 0)
(0.867911 0.000193554 0)
(0.867613 0.000206047 0)
(0.867307 0.000225141 0)
(0.867077 0.000237788 0)
(0.866874 0.000249711 0)
(0.866709 0.000258938 0)
(0.866568 0.000266226 0)
(0.86645 0.000272057 0)
(0.866349 0.000276907 0)
(0.866262 0.000280945 0)
(0.866189 0.000284388 0)
(0.866126 0.000287291 0)
(0.866072 0.00028982 0)
(0.866026 0.000291995 0)
(0.865987 0.000293831 0)
(0.865954 0.000295462 0)
(0.865927 0.000296833 0)
(0.865904 0.00029802 0)
(0.865884 0.000299012 0)
(0.865868 0.000299869 0)
(0.865855 0.000300588 0)
(0.865844 0.000301207 0)
(0.865835 0.000301708 0)
(0.865828 0.000302139 0)
(0.865823 0.00030247 0)
(0.865818 0.000302776 0)
(0.865814 0.000302985 0)
(0.865811 0.000303166 0)
(0.865809 0.000303316 0)
(0.865807 0.000303433 0)
(0.865806 0.000303519 0)
(0.865805 0.000303586 0)
(0.865804 0.000303628 0)
(0.865803 0.000303691 0)
(0.865803 0.000303705 0)
(0.865802 0.000303749 0)
(0.865802 0.000303751 0)
(0.865802 0.000303786 0)
(0.865802 0.000303796 0)
(0.865801 0.000303814 0)
(0.865801 0.00030382 0)
(0.865801 0.000303836 0)
(0.865801 0.000303838 0)
(0.865801 0.000303852 0)
(0.865801 0.00030384 0)
(0.865801 0.000303852 0)
(0.865801 0.00030384 0)
(0.865801 0.000303858 0)
(0.865801 0.000303835 0)
(0.865801 0.00030384 0)
(0.865801 0.000303841 0)
(0.865801 0.000303838 0)
(0.865801 0.000303817 0)
(0.865801 0.000303832 0)
(0.865801 0.000303818 0)
(0.865801 0.000303833 0)
(0.865801 0.000303825 0)
(0.865801 0.000303833 0)
(0.865801 0.000303833 0)
(0.865801 0.000303848 0)
(0.865801 0.000303833 0)
(0.865801 0.000303842 0)
(0.865801 0.000303845 0)
(0.865801 0.000303848 0)
(0.8658 0.000303828 0)
(0.8658 0.000303835 0)
(0.8658 0.000303821 0)
(0.8658 0.000303823 0)
(0.8658 0.000303812 0)
(0.8658 0.000303812 0)
(0.8658 0.000303803 0)
(0.8658 0.000303804 0)
(0.8658 0.000303782 0)
(0.8658 0.000303769 0)
(0.8658 0.000303739 0)
(0.865799 0.000303696 0)
(0.865799 0.000303622 0)
(0.865798 0.000303538 0)
(0.865796 0.000303402 0)
(0.865795 0.000303226 0)
(0.865792 0.000302974 0)
(0.865788 0.000302636 0)
(0.865783 0.000302176 0)
(0.865776 0.000301629 0)
(0.865767 0.000301006 0)
(0.865754 0.000300663 0)
(0.865742 0.000300886 0)
(0.865724 0.000301455 0)
(0.865718 0.000293355 0)
(0.865546 0.000239585 0)
(0.865253 7.34743e-05 0)
(0.863186 0.00021921 0)
(0.537563 -0.0563958 0)
(0.552177 -0.00359781 0)
(0.517061 0.00176437 0)
(0.522884 0.00200152 0)
(0.521072 0.00213103 0)
(0.522006 0.00203779 0)
(0.5214 0.00204491 0)
(0.521249 0.00203501 0)
(0.520905 0.00204438 0)
(0.520696 0.00204822 0)
(0.520488 0.00205386 0)
(0.520331 0.0020575 0)
(0.520193 0.00206086 0)
(0.520081 0.00206339 0)
(0.519986 0.00206545 0)
(0.519906 0.00206708 0)
(0.519838 0.00206841 0)
(0.51978 0.0020695 0)
(0.519731 0.0020704 0)
(0.519689 0.00207115 0)
(0.519653 0.00207178 0)
(0.519623 0.00207233 0)
(0.519598 0.00207277 0)
(0.519577 0.00207316 0)
(0.519559 0.00207349 0)
(0.519544 0.00207377 0)
(0.519532 0.002074 0)
(0.519522 0.0020742 0)
(0.519513 0.00207436 0)
(0.519507 0.0020745 0)
(0.519501 0.00207462 0)
(0.519497 0.00207472 0)
(0.519493 0.00207479 0)
(0.519491 0.00207486 0)
(0.519488 0.0020749 0)
(0.519487 0.00207494 0)
(0.519485 0.00207497 0)
(0.519484 0.002075 0)
(0.519483 0.00207502 0)
(0.519483 0.00207503 0)
(0.519482 0.00207504 0)
(0.519482 0.00207506 0)
(0.519482 0.00207506 0)
(0.519481 0.00207507 0)
(0.519481 0.00207507 0)
(0.519481 0.00207508 0)
(0.519481 0.00207508 0)
(0.519481 0.00207509 0)
(0.519481 0.00207508 0)
(0.519481 0.00207509 0)
(0.519481 0.00207509 0)
(0.519481 0.00207509 0)
(0.519481 0.00207509 0)
(0.519481 0.00207509 0)
(0.519481 0.00207509 0)
(0.51948 0.00207509 0)
(0.51948 0.00207509 0)
(0.51948 0.00207509 0)
(0.51948 0.00207509 0)
(0.51948 0.00207509 0)
(0.51948 0.00207508 0)
(0.51948 0.00207509 0)
(0.51948 0.00207508 0)
(0.51948 0.00207509 0)
(0.51948 0.00207509 0)
(0.51948 0.00207509 0)
(0.51948 0.00207509 0)
(0.51948 0.00207509 0)
(0.51948 0.00207509 0)
(0.51948 0.00207509 0)
(0.51948 0.00207509 0)
(0.51948 0.00207509 0)
(0.51948 0.00207509 0)
(0.51948 0.00207509 0)
(0.51948 0.00207508 0)
(0.51948 0.00207509 0)
(0.51948 0.00207508 0)
(0.51948 0.00207508 0)
(0.51948 0.00207508 0)
(0.51948 0.00207508 0)
(0.51948 0.00207507 0)
(0.51948 0.00207507 0)
(0.51948 0.00207506 0)
(0.519479 0.00207505 0)
(0.519479 0.00207503 0)
(0.519478 0.002075 0)
(0.519478 0.00207497 0)
(0.519476 0.00207492 0)
(0.519475 0.00207485 0)
(0.519472 0.00207476 0)
(0.519469 0.00207463 0)
(0.519464 0.00207449 0)
(0.519458 0.00207435 0)
(0.51945 0.00207434 0)
(0.519443 0.00207464 0)
(0.519436 0.00207528 0)
(0.519442 0.00207439 0)
(0.51936 0.00206119 0)
(0.519228 0.00202119 0)
(0.518638 0.00215161 0)
)
;

boundaryField
{
    inlet
    {
        type            fixedValue;
        value           uniform (1 0 0);
    }
    outlet
    {
        type            zeroGradient;
    }
    lowerWall
    {
        type            noSlip;
    }
    upperWall
    {
        type            noSlip;
    }
    frontAndBack
    {
        type            empty;
    }
}


// ************************************************************************* //
