/*--------------------------------*- C++ -*----------------------------------*\
  =========                 |
  \\      /  F ield         | OpenFOAM: The Open Source CFD Toolbox
   \\    /   O peration     | Website:  https://openfoam.org
    \\  /    A nd           | Version:  7
     \\/     M anipulation  |
\*---------------------------------------------------------------------------*/
FoamFile
{
    version     2.0;
    format      ascii;
    class       surfaceScalarField;
    location    "0.5";
    object      phi;
}
// * * * * * * * * * * * * * * * * * * * * * * * * * * * * * * * * * * * * * //

dimensions      [0 3 -1 0 0 0 0];

internalField   nonuniform List<scalar> 
7860
(
0.00283464
0.00216536
0.00262142
0.00021321
0.0026088
1.26205e-05
0.00260604
2.7702e-06
0.00260851
-2.46996e-06
0.00260701
1.49719e-06
0.0026057
1.30832e-06
0.00260394
1.76119e-06
0.00260255
1.38453e-06
0.00260134
1.21317e-06
0.00260039
9.52721e-07
0.00259962
7.67868e-07
0.00259902
5.93699e-07
0.00259857
4.57176e-07
0.00259823
3.39881e-07
0.00259798
2.49383e-07
0.0025978
1.81232e-07
0.00259767
1.2832e-07
0.00259758
8.67158e-08
0.00259752
5.96163e-08
0.00259748
4.16731e-08
0.00259745
2.8258e-08
0.00259743
1.73757e-08
0.00259742
1.13586e-08
0.00259741
7.41319e-09
0.00259741
5.32023e-09
0.00259741
3.54238e-09
0.0025974
2.15488e-09
0.0025974
1.00561e-09
0.0025974
8.00059e-10
0.0025974
8.73775e-10
0.0025974
7.14193e-10
0.0025974
6.81519e-11
0.0025974
2.90573e-10
0.0025974
1.87292e-10
0.0025974
4.46274e-11
0.0025974
1.46685e-10
0.0025974
3.21171e-10
0.0025974
1.86203e-10
0.0025974
-8.03234e-11
0.0025974
-2.3604e-10
0.0025974
5.07383e-10
0.0025974
9.09121e-11
0.0025974
-1.56847e-10
0.0025974
-2.71969e-10
0.0025974
1.58295e-10
0.0025974
2.65996e-11
0.0025974
-1.83858e-10
0.0025974
-2.23373e-10
0.0025974
-1.6703e-12
0.0025974
9.83231e-13
0.0025974
1.12803e-10
0.0025974
-9.03075e-11
0.0025974
2.2028e-11
0.0025974
-2.6457e-11
0.0025974
2.54217e-10
0.0025974
1.87273e-10
0.0025974
1.51126e-10
0.0025974
-1.32146e-10
0.0025974
1.46879e-10
0.0025974
2.35715e-10
0.0025974
1.92538e-10
0.0025974
3.63579e-12
0.0025974
-3.16582e-12
0.0025974
5.64807e-11
0.0025974
6.17504e-11
0.0025974
-7.81979e-11
0.0025974
-1.73369e-10
0.0025974
-8.47911e-11
0.0025974
2.04291e-11
0.0025974
3.3642e-11
0.0025974
-7.33463e-11
0.0025974
-4.71454e-11
0.0025974
4.03496e-11
0.0025974
-8.72581e-11
0.0025974
1.51857e-12
0.0025974
-6.07761e-11
0.0025974
-3.56902e-11
0.0025974
-2.21493e-11
0.0025974
8.74007e-11
0.0025974
1.1678e-10
0.0025974
2.64842e-10
0.0025974
4.74095e-10
0.0025974
7.85528e-10
0.00259739
1.21262e-09
0.00259739
1.88689e-09
0.00259739
3.05609e-09
0.00259738
4.95301e-09
0.00259738
7.58301e-09
0.00259737
1.15036e-08
0.00259735
1.70902e-08
0.00259733
2.39899e-08
0.00259729
3.18798e-08
0.00259726
3.66009e-08
0.00259722
3.37813e-08
0.0025972
2.46158e-08
0.00259709
1.06287e-07
0.00259639
7.04002e-07
0.00259377
2.61637e-06
-1.17777e-06
0.00456827
0.00259709
0.00437572
0.000405769
0.00434651
4.18258e-05
0.00434238
6.89965e-06
0.00434504
-5.13028e-06
0.00434319
3.34446e-06
0.00434127
3.23024e-06
0.00433879
4.24307e-06
0.00433675
3.41842e-06
0.00433497
2.99211e-06
0.00433355
2.37188e-06
0.0043324
1.91619e-06
0.00433151
1.48946e-06
0.00433081
1.14989e-06
0.00433029
8.62576e-07
0.00432991
6.36556e-07
0.00432963
4.59119e-07
0.00432943
3.2645e-07
0.00432929
2.26861e-07
0.00432919
1.56625e-07
0.00432913
1.06548e-07
0.00432908
7.10372e-08
0.00432905
4.56725e-08
0.00432903
3.07749e-08
0.00432902
2.04912e-08
0.00432901
1.4017e-08
0.00432901
8.61521e-09
0.00432901
5.06491e-09
0.004329
3.18908e-09
0.004329
2.50313e-09
0.004329
1.89943e-09
0.004329
1.65102e-09
0.004329
7.01465e-10
0.004329
9.26115e-10
0.004329
6.7098e-10
0.004329
3.10492e-10
0.004329
3.0117e-11
0.004329
3.67367e-10
0.004329
3.20185e-10
0.004329
1.71171e-10
0.004329
-2.55653e-10
0.004329
5.9886e-10
0.004329
1.57367e-10
0.004329
1.32179e-10
0.004329
-3.46453e-10
0.004329
-8.80195e-11
0.004329
-3.77841e-10
0.004329
-5.25526e-10
0.004329
-6.12063e-10
0.004329
-1.64706e-10
0.004329
-4.06583e-10
0.004329
-1.42454e-10
0.004329
-1.2099e-10
0.004329
2.56832e-10
0.004329
-1.02565e-10
0.004329
2.59948e-10
0.004329
1.84576e-10
0.004329
3.80515e-10
0.004329
-8.81541e-11
0.004329
2.20148e-10
0.004329
2.94024e-10
0.004329
4.38817e-10
0.004329
1.54248e-10
0.004329
1.72859e-10
0.004329
3.63672e-11
0.004329
1.05346e-10
0.004329
-1.46284e-10
0.004329
-1.40337e-10
0.004329
-2.36616e-10
0.004329
-6.92497e-11
0.004329
-1.17207e-10
0.004329
-5.49109e-11
0.004329
-1.85064e-10
0.004329
-1.35776e-11
0.004329
-2.15218e-10
0.004329
1.50591e-11
0.004329
-1.38098e-10
0.004329
-5.32909e-11
0.004329
-6.5425e-11
0.004329
2.32342e-10
0.004329
3.41982e-10
0.004329
7.32759e-10
0.00432899
1.14398e-09
0.00432899
2.01343e-09
0.00432899
3.13673e-09
0.00432899
5.02613e-09
0.00432898
7.92761e-09
0.00432898
1.27172e-08
0.00432896
1.95685e-08
0.00432895
2.9527e-08
0.00432892
4.35435e-08
0.00432888
6.12145e-08
0.00432883
8.23668e-08
0.00432877
9.82819e-08
0.0043287
1.06064e-07
0.00432861
1.16508e-07
0.00432828
4.29164e-07
0.00432694
2.04798e-06
0.00432234
7.21629e-06
7.93996e-06
0.00507266
0.00252443
0.00495578
0.000522652
0.00492272
7.48809e-05
0.00492014
9.48125e-06
0.00492166
-6.64663e-06
0.00492023
4.78194e-06
0.00491828
5.17792e-06
0.00491594
6.58015e-06
0.00491394
5.4197e-06
0.00491221
4.72858e-06
0.0049108
3.77881e-06
0.00490966
3.05788e-06
0.00490876
2.38877e-06
0.00490807
1.8474e-06
0.00490754
1.39276e-06
0.00490714
1.0324e-06
0.00490685
7.45598e-07
0.00490665
5.31069e-07
0.0049065
3.72458e-07
0.0049064
2.57959e-07
0.00490633
1.74886e-07
0.00490629
1.16409e-07
0.00490626
7.59668e-08
0.00490624
5.12303e-08
0.00490622
3.36904e-08
0.00490621
2.23044e-08
0.00490621
1.36932e-08
0.00490621
8.21281e-09
0.0049062
5.50682e-09
0.0049062
4.14038e-09
0.0049062
2.76049e-09
0.0049062
2.35203e-09
0.0049062
1.34173e-09
0.0049062
1.41712e-09
0.0049062
9.01902e-10
0.0049062
3.68979e-10
0.0049062
-1.31572e-10
0.0049062
2.56716e-10
0.0049062
2.66137e-10
0.0049062
3.75134e-10
0.0049062
-1.06598e-10
0.0049062
6.14549e-10
0.0049062
1.65096e-10
0.0049062
2.51384e-10
0.0049062
-3.90172e-10
0.0049062
-3.39011e-10
0.0049062
-7.38578e-10
0.0049062
-8.31376e-10
0.0049062
-1.03495e-09
0.0049062
-3.77163e-10
0.0049062
-6.27792e-10
0.0049062
-3.34151e-10
0.0049062
-2.74303e-10
0.0049062
3.24654e-10
0.0049062
-1.41482e-10
0.0049062
1.96505e-10
0.0049062
1.40867e-11
0.0049062
3.9873e-10
0.0049062
-3.39891e-11
0.0049062
3.34558e-10
0.0049062
3.80938e-10
0.0049062
6.33238e-10
0.0049062
3.08453e-10
0.0049062
3.71621e-10
0.0049062
3.44048e-11
0.0049062
1.14331e-10
0.0049062
-2.62138e-10
0.0049062
-1.37106e-10
0.0049062
-3.3694e-10
0.0049062
-9.78412e-11
0.0049062
-2.40849e-10
0.0049062
-3.9699e-13
0.0049062
-2.36131e-10
0.0049062
-1.2521e-11
0.0049062
-2.80723e-10
0.0049062
-1.44501e-12
0.0049062
-1.943e-10
0.0049062
-4.21962e-11
0.0049062
-7.26685e-11
0.00490619
3.90485e-10
0.00490619
6.40293e-10
0.00490619
1.32802e-09
0.00490619
1.98616e-09
0.00490619
3.39046e-09
0.00490619
5.23539e-09
0.00490619
8.42221e-09
0.00490618
1.31444e-08
0.00490617
2.08467e-08
0.00490616
3.20395e-08
0.00490614
4.81799e-08
0.00490612
7.08446e-08
0.00490608
9.98315e-08
0.00490602
1.36142e-07
0.00490595
1.68136e-07
0.00490586
2.03522e-07
0.00490571
2.65655e-07
0.00490522
9.10578e-07
0.00490359
3.67987e-06
0.00489773
1.30788e-05
2.27855e-05
0.00521043
0.00231401
0.00513984
0.000593234
0.00511247
0.000102261
0.00511107
1.08833e-05
0.00511192
-7.50056e-06
0.00511086
5.84399e-06
0.00510917
6.87135e-06
0.0051072
8.54769e-06
0.00510547
7.1509e-06
0.00510397
6.23134e-06
0.00510273
5.01159e-06
0.00510173
4.0632e-06
0.00510093
3.18777e-06
0.0051003
2.47324e-06
0.00509983
1.86947e-06
0.00509947
1.39101e-06
0.00509921
1.00788e-06
0.00509902
7.19568e-07
0.00509888
5.06907e-07
0.00509879
3.51976e-07
0.00509873
2.39031e-07
0.00509868
1.59531e-07
0.00509865
1.04716e-07
0.00509863
7.04008e-08
0.00509862
4.59827e-08
0.00509861
3.00685e-08
0.00509861
1.87898e-08
0.0050986
1.15618e-08
0.0050986
7.7193e-09
0.0050986
5.54677e-09
0.0050986
3.61575e-09
0.0050986
3.09895e-09
0.0050986
2.03656e-09
0.0050986
1.91743e-09
0.0050986
1.11167e-09
0.0050986
3.22398e-10
0.0050986
-2.20433e-10
0.0050986
2.90217e-10
0.0050986
3.01344e-10
0.0050986
4.98003e-10
0.0050986
3.88797e-11
0.0050986
7.11656e-10
0.0050986
2.99595e-10
0.0050986
3.45068e-10
0.0050986
-4.54328e-10
0.0050986
-5.13713e-10
0.0050986
-9.90336e-10
0.0050986
-1.09238e-09
0.0050986
-1.42857e-09
0.0050986
-6.78938e-10
0.0050986
-8.05027e-10
0.0050986
-4.47183e-10
0.0050986
-4.11455e-10
0.0050986
2.76134e-10
0.0050986
-1.77663e-10
0.0050986
1.62224e-10
0.0050986
-1.02647e-10
0.0050986
3.83819e-10
0.0050986
1.56866e-11
0.0050986
4.51568e-10
0.0050986
5.4849e-10
0.0050986
8.44217e-10
0.0050986
4.745e-10
0.0050986
5.43002e-10
0.00509859
8.00683e-11
0.0050986
1.38504e-10
0.00509859
-3.32894e-10
0.0050986
-1.84463e-10
0.0050986
-4.16751e-10
0.0050986
-1.20355e-10
0.0050986
-3.2409e-10
0.0050986
-3.82421e-12
0.0050986
-2.75665e-10
0.0050986
-1.76004e-11
0.00509859
-3.08243e-10
0.00509859
-3.59766e-11
0.00509859
-2.46596e-10
0.00509859
-3.17213e-11
0.00509859
-4.70096e-11
0.00509859
5.32197e-10
0.00509859
9.34281e-10
0.00509859
1.88527e-09
0.00509859
2.83196e-09
0.00509859
4.71219e-09
0.00509859
7.25124e-09
0.00509859
1.1634e-08
0.00509858
1.80822e-08
0.00509857
2.8436e-08
0.00509856
4.35881e-08
0.00509855
6.5342e-08
0.00509852
9.59788e-08
0.00509849
1.35709e-07
0.00509843
1.87759e-07
0.00509836
2.3968e-07
0.00509825
3.16601e-07
0.00509806
4.54234e-07
0.00509749
1.48502e-06
0.00509582
5.34355e-06
0.00508954
1.93604e-05
3.78761e-05
0.00523368
0.00208033
0.00519439
0.000632525
0.00517351
0.000123143
0.00517299
1.14014e-05
0.00517345
-7.95829e-06
0.00517275
6.53782e-06
0.00517139
8.23006e-06
0.00516985
1.00966e-05
0.00516845
8.54571e-06
0.00516723
7.4482e-06
0.00516622
6.02258e-06
0.00516539
4.89437e-06
0.00516472
3.85482e-06
0.0051642
2.99509e-06
0.0051638
2.27312e-06
0.00516349
1.6971e-06
0.00516327
1.23382e-06
0.0051631
8.83206e-07
0.00516299
6.24185e-07
0.0051629
4.34536e-07
0.00516285
2.95908e-07
0.00516281
1.97958e-07
0.00516278
1.30349e-07
0.00516276
8.74083e-08
0.00516275
5.71025e-08
0.00516275
3.73287e-08
0.00516274
2.36561e-08
0.00516274
1.47566e-08
0.00516274
9.73682e-09
0.00516273
6.80911e-09
0.00516273
4.50729e-09
0.00516273
3.92359e-09
0.00516273
2.73426e-09
0.00516273
2.3482e-09
0.00516273
1.34089e-09
0.00516273
3.2866e-10
0.00516273
-2.67858e-10
0.00516273
3.46417e-10
0.00516273
4.01236e-10
0.00516273
6.42696e-10
0.00516273
1.8602e-10
0.00516273
8.07654e-10
0.00516273
4.74317e-10
0.00516273
4.98813e-10
0.00516273
-4.89738e-10
0.00516273
-6.66589e-10
0.00516273
-1.19883e-09
0.00516273
-1.32833e-09
0.00516273
-1.77084e-09
0.00516273
-1.00125e-09
0.00516273
-1.00278e-09
0.00516273
-5.49385e-10
0.00516273
-5.22648e-10
0.00516273
1.9642e-10
0.00516273
-2.16173e-10
0.00516273
1.32801e-10
0.00516273
-1.99412e-10
0.00516273
3.73725e-10
0.00516273
8.4861e-11
0.00516273
5.63581e-10
0.00516273
7.33812e-10
0.00516273
1.06925e-09
0.00516273
6.63938e-10
0.00516273
7.10904e-10
0.00516273
1.48826e-10
0.00516273
1.78637e-10
0.00516273
-3.57656e-10
0.00516273
-2.36681e-10
0.00516273
-4.93175e-10
0.00516273
-1.51999e-10
0.00516273
-3.88891e-10
0.00516273
-4.38392e-11
0.00516273
-3.28783e-10
0.00516273
-4.36014e-11
0.00516273
-3.25625e-10
0.00516273
-8.22997e-11
0.00516273
-3.0817e-10
0.00516273
-3.6604e-11
0.00516273
-1.94477e-11
0.00516273
6.49685e-10
0.00516273
1.19647e-09
0.00516273
2.36866e-09
0.00516273
3.5875e-09
0.00516273
5.88853e-09
0.00516272
9.0568e-09
0.00516272
1.44905e-08
0.00516272
2.24732e-08
0.00516271
3.50887e-08
0.0051627
5.36489e-08
0.00516269
8.02273e-08
0.00516266
1.17816e-07
0.00516263
1.67276e-07
0.00516258
2.34826e-07
0.00516252
3.09204e-07
0.0051624
4.36852e-07
0.00516218
6.64771e-07
0.00516159
2.07492e-06
0.00516002
6.91916e-06
0.00515412
2.52589e-05
5.10195e-05
0.00522288
0.00185745
0.00520672
0.00064868
0.00519184
0.000138023
0.00519193
1.13089e-05
0.00519217
-8.19162e-06
0.0051918
6.90483e-06
0.00519079
9.24006e-06
0.00518965
1.12289e-05
0.0051886
9.59708e-06
0.00518768
8.37138e-06
0.0051869
6.80209e-06
0.00518625
5.54113e-06
0.00518573
4.37954e-06
0.00518531
3.41024e-06
0.00518499
2.5965e-06
0.00518474
1.94515e-06
0.00518456
1.41866e-06
0.00518442
1.01823e-06
0.00518432
7.21869e-07
0.00518425
5.03469e-07
0.00518421
3.43296e-07
0.00518417
2.3045e-07
0.00518415
1.52099e-07
0.00518414
1.01888e-07
0.00518413
6.67682e-08
0.00518412
4.38143e-08
0.00518412
2.80267e-08
0.00518411
1.75363e-08
0.00518411
1.14902e-08
0.00518411
7.99442e-09
0.00518411
5.38095e-09
0.00518411
4.70341e-09
0.00518411
3.35066e-09
0.00518411
2.66561e-09
0.00518411
1.50225e-09
0.00518411
3.82761e-10
0.00518411
-2.89908e-10
0.00518411
3.56409e-10
0.00518411
4.86058e-10
0.00518411
7.98859e-10
0.00518411
3.2701e-10
0.00518411
8.77837e-10
0.00518411
5.83642e-10
0.00518411
6.69422e-10
0.00518411
-4.76845e-10
0.00518411
-7.98378e-10
0.00518411
-1.4029e-09
0.00518411
-1.52478e-09
0.00518411
-2.02945e-09
0.00518411
-1.28315e-09
0.00518411
-1.19647e-09
0.00518411
-6.50897e-10
0.00518411
-6.13138e-10
0.00518411
1.18196e-10
0.00518411
-2.72839e-10
0.00518411
8.51815e-11
0.00518411
-3.01124e-10
0.00518411
3.43634e-10
0.00518411
1.61677e-10
0.00518411
6.76981e-10
0.00518411
9.01045e-10
0.00518411
1.28033e-09
0.00518411
8.53166e-10
0.00518411
8.72e-10
0.00518411
2.14758e-10
0.00518411
2.11695e-10
0.00518411
-3.64526e-10
0.00518411
-2.7934e-10
0.00518411
-5.65883e-10
0.00518411
-1.84901e-10
0.00518411
-4.30186e-10
0.00518411
-8.5353e-11
0.00518411
-3.80172e-10
0.00518411
-7.81944e-11
0.00518411
-3.44866e-10
0.00518411
-1.25639e-10
0.00518411
-3.76171e-10
0.00518411
-5.72293e-11
0.00518411
9.70615e-12
0.00518411
7.50652e-10
0.00518411
1.42233e-09
0.00518411
2.77997e-09
0.0051841
4.23288e-09
0.0051841
6.89228e-09
0.0051841
1.05987e-08
0.0051841
1.69032e-08
0.0051841
2.61939e-08
0.00518409
4.06159e-08
0.00518408
6.19471e-08
0.00518407
9.24857e-08
0.00518405
1.35873e-07
0.00518403
1.938e-07
0.00518398
2.76008e-07
0.00518392
3.73107e-07
0.0051838
5.56117e-07
0.00518359
8.78308e-07
0.00518301
2.64996e-06
0.00518163
8.30506e-06
0.00517657
3.03151e-05
6.16622e-05
0.00520414
0.00165331
0.00520562
0.000647201
0.00519612
0.000147516
0.00519662
1.08089e-05
0.00519672
-8.29174e-06
0.00519663
6.99267e-06
0.00519596
9.91306e-06
0.00519522
1.19704e-05
0.0051945
1.03173e-05
0.00519386
9.01023e-06
0.00519331
7.35377e-06
0.00519284
6.00459e-06
0.00519246
4.76131e-06
0.00519216
3.71678e-06
0.00519192
2.83773e-06
0.00519173
2.13261e-06
0.00519159
1.55986e-06
0.00519148
1.12232e-06
0.00519141
7.9797e-07
0.00519135
5.57703e-07
0.00519131
3.80835e-07
0.00519129
2.56224e-07
0.00519127
1.69533e-07
0.00519126
1.13634e-07
0.00519125
7.47251e-08
0.00519125
4.92401e-08
0.00519124
3.1593e-08
0.00519124
1.98238e-08
0.00519124
1.29613e-08
0.00519124
9.08487e-09
0.00519124
6.18344e-09
0.00519124
5.35908e-09
0.00519124
3.85456e-09
0.00519124
2.88419e-09
0.00519124
1.56732e-09
0.00519124
4.292e-10
0.00519124
-2.88966e-10
0.00519124
3.28285e-10
0.00519124
5.19006e-10
0.00519124
9.25525e-10
0.00519124
4.52284e-10
0.00519124
9.29277e-10
0.00519124
6.10536e-10
0.00519123
8.09304e-10
0.00519123
-4.21543e-10
0.00519123
-8.99904e-10
0.00519123
-1.59553e-09
0.00519123
-1.67564e-09
0.00519123
-2.19221e-09
0.00519123
-1.49689e-09
0.00519123
-1.36983e-09
0.00519123
-7.47508e-10
0.00519123
-6.87396e-10
0.00519123
4.53607e-11
0.00519123
-3.49488e-10
0.00519123
2.09833e-11
0.00519123
-4.07256e-10
0.00519123
2.84083e-10
0.00519123
2.28274e-10
0.00519123
7.89476e-10
0.00519123
1.04099e-09
0.00519123
1.45589e-09
0.00519123
1.02274e-09
0.00519123
1.0188e-09
0.00519123
2.69179e-10
0.00519123
2.26556e-10
0.00519123
-3.65637e-10
0.00519123
-3.05915e-10
0.00519123
-6.27257e-10
0.00519123
-2.14702e-10
0.00519123
-4.47901e-10
0.00519123
-1.11241e-10
0.00519123
-4.19353e-10
0.00519123
-1.13445e-10
0.00519123
-3.65093e-10
0.00519123
-1.59664e-10
0.00519123
-4.4138e-10
0.00519123
-8.67877e-11
0.00519123
4.37265e-11
0.00519123
8.41497e-10
0.00519123
1.61262e-09
0.00519123
3.12266e-09
0.00519123
4.76293e-09
0.00519123
7.70657e-09
0.00519123
1.18417e-08
0.00519123
1.88254e-08
0.00519122
2.9068e-08
0.00519122
4.49521e-08
0.00519121
6.83678e-08
0.0051912
1.01969e-07
0.00519119
1.49932e-07
0.00519117
2.1487e-07
0.00519114
3.10228e-07
0.00519108
4.29484e-07
0.00519097
6.67494e-07
0.00519077
1.08098e-06
0.00519024
3.17104e-06
0.00518911
9.44297e-06
0.0051851
3.43191e-05
6.97064e-05
0.00518548
0.00146783
0.00520065
0.000632035
0.00519592
0.000152242
0.00519667
1.00544e-05
0.00519668
-8.29608e-06
0.00519682
6.85165e-06
0.00519646
1.02718e-05
0.00519608
1.23528e-05
0.00519567
1.07263e-05
0.0051953
9.38001e-06
0.00519497
7.68664e-06
0.00519468
6.29057e-06
0.00519444
5.00301e-06
0.00519424
3.91515e-06
0.00519408
2.9968e-06
0.00519396
2.25862e-06
0.00519386
1.6564e-06
0.00519379
1.19439e-06
0.00519374
8.51438e-07
0.0051937
5.96422e-07
0.00519367
4.0791e-07
0.00519365
2.74899e-07
0.00519364
1.82365e-07
0.00519363
1.22445e-07
0.00519362
8.07739e-08
0.00519362
5.32878e-08
0.00519362
3.42535e-08
0.00519362
2.16157e-08
0.00519361
1.41506e-08
0.00519361
1.00426e-08
0.00519361
6.88785e-09
0.00519361
5.86237e-09
0.00519361
4.22769e-09
0.00519361
3.01974e-09
0.00519361
1.56418e-09
0.00519361
4.32624e-10
0.00519361
-2.80466e-10
0.00519361
2.75646e-10
0.00519361
5.04577e-10
0.00519361
1.00145e-09
0.00519361
5.55014e-10
0.00519361
9.75322e-10
0.00519361
5.85453e-10
0.00519361
8.84641e-10
0.00519361
-3.40098e-10
0.00519361
-9.57363e-10
0.00519361
-1.74992e-09
0.00519361
-1.78752e-09
0.00519361
-2.27606e-09
0.00519361
-1.63979e-09
0.00519361
-1.51132e-09
0.00519361
-8.41866e-10
0.00519361
-7.56575e-10
0.00519361
-2.64105e-11
0.00519361
-4.38279e-10
0.00519361
-5.88462e-11
0.00519361
-5.12897e-10
0.00519361
1.92506e-10
0.00519361
2.71248e-10
0.00519361
8.9522e-10
0.00519361
1.15885e-09
0.00519361
1.58675e-09
0.00519361
1.16302e-09
0.00519361
1.14907e-09
0.00519361
3.22049e-10
0.00519361
2.24345e-10
0.00519361
-3.64202e-10
0.00519361
-3.12913e-10
0.00519361
-6.65835e-10
0.00519361
-2.40147e-10
0.00519361
-4.50659e-10
0.00519361
-1.24141e-10
0.00519361
-4.41557e-10
0.00519361
-1.46323e-10
0.00519361
-3.88895e-10
0.00519361
-1.88217e-10
0.00519361
-4.93571e-10
0.00519361
-1.21563e-10
0.00519361
7.98162e-11
0.00519361
9.20834e-10
0.00519361
1.76494e-09
0.00519361
3.39251e-09
0.00519361
5.17461e-09
0.00519361
8.31369e-09
0.00519361
1.2752e-08
0.0051936
2.02258e-08
0.0051936
3.11003e-08
0.0051936
4.79435e-08
0.0051936
7.28727e-08
0.00519359
1.0861e-07
0.00519358
1.59875e-07
0.00519356
2.30196e-07
0.00519354
3.36657e-07
0.00519349
4.76029e-07
0.00519339
7.64593e-07
0.00519322
1.25958e-06
0.00519278
3.60687e-06
0.00519192
1.03003e-05
0.00518906
3.7184e-05
7.51792e-05
0.00516897
0.00129886
0.00519496
0.000606051
0.00519442
0.000152777
0.00519531
9.15973e-06
0.00519523
-8.2117e-06
0.00519555
6.53146e-06
0.00519548
1.03434e-05
0.00519542
1.24089e-05
0.0051953
1.08467e-05
0.00519518
9.49834e-06
0.00519506
7.8122e-06
0.00519494
6.40705e-06
0.00519484
5.10948e-06
0.00519475
4.00789e-06
0.00519467
3.07505e-06
0.0051946
2.32355e-06
0.00519455
1.7081e-06
0.00519451
1.23406e-06
0.00519448
8.81855e-07
0.00519446
6.19125e-07
0.00519444
4.24053e-07
0.00519443
2.86214e-07
0.00519442
1.90375e-07
0.00519442
1.28099e-07
0.00519441
8.4727e-08
0.00519441
5.59282e-08
0.00519441
3.60411e-08
0.00519441
2.28352e-08
0.00519441
1.50657e-08
0.00519441
1.08247e-08
0.00519441
7.46826e-09
0.00519441
6.21863e-09
0.00519441
4.47748e-09
0.00519441
3.08306e-09
0.00519441
1.53355e-09
0.00519441
3.93346e-10
0.00519441
-2.81339e-10
0.00519441
2.07808e-10
0.00519441
4.64759e-10
0.0051944
1.0379e-09
0.0051944
6.38012e-10
0.0051944
1.01961e-09
0.0051944
5.4447e-10
0.0051944
8.94825e-10
0.0051944
-2.47724e-10
0.0051944
-9.66331e-10
0.0051944
-1.84971e-09
0.0051944
-1.8689e-09
0.0051944
-2.30915e-09
0.0051944
-1.7298e-09
0.0051944
-1.62234e-09
0.0051944
-9.38785e-10
0.0051944
-8.28837e-10
0.0051944
-1.06463e-10
0.0051944
-5.35534e-10
0.0051944
-1.56447e-10
0.0051944
-6.14649e-10
0.0051944
7.46875e-11
0.0051944
2.85218e-10
0.0051944
9.8948e-10
0.0051944
1.26405e-09
0.0051944
1.67831e-09
0.0051944
1.27138e-09
0.0051944
1.2643e-09
0.0051944
3.88574e-10
0.0051944
2.17946e-10
0.0051944
-3.58331e-10
0.0051944
-3.00349e-10
0.0051944
-6.75501e-10
0.0051944
-2.62548e-10
0.0051944
-4.48581e-10
0.0051944
-1.34282e-10
0.0051944
-4.50134e-10
0.0051944
-1.75978e-10
0.0051944
-4.18125e-10
0.0051944
-2.20311e-10
0.0051944
-5.28856e-10
0.0051944
-1.58299e-10
0.0051944
1.11899e-10
0.0051944
9.82718e-10
0.0051944
1.86867e-09
0.0051944
3.57487e-09
0.0051944
5.45749e-09
0.0051944
8.69634e-09
0.0051944
1.33172e-08
0.0051944
2.10232e-08
0.0051944
3.23079e-08
0.0051944
4.96773e-08
0.00519439
7.54179e-08
0.00519439
1.12365e-07
0.00519438
1.65628e-07
0.00519438
2.39564e-07
0.00519436
3.54542e-07
0.00519432
5.10627e-07
0.00519425
8.41832e-07
0.0051941
1.40318e-06
0.00519377
3.93546e-06
0.00519322
1.08582e-05
0.00519151
3.88869e-05
7.81761e-05
0.00515488
0.00114398
0.00518952
0.000571406
0.00519267
0.000149634
0.00519362
8.2048e-06
0.00519344
-8.03109e-06
0.0051939
6.07815e-06
0.00519408
1.01567e-05
0.00519432
1.21709e-05
0.00519447
1.07019e-05
0.00519458
9.38407e-06
0.00519465
7.74367e-06
0.00519469
6.36368e-06
0.00519471
5.08726e-06
0.00519472
3.99913e-06
0.00519472
3.07508e-06
0.00519472
2.3289e-06
0.00519471
1.7157e-06
0.0051947
1.24166e-06
0.0051947
8.89257e-07
0.00519469
6.25698e-07
0.00519468
4.29105e-07
0.00519468
2.90024e-07
0.00519468
1.93419e-07
0.00519468
1.30447e-07
0.00519467
8.64888e-08
0.00519467
5.71226e-08
0.00519467
3.6946e-08
0.00519467
2.3574e-08
0.00519467
1.56826e-08
0.00519467
1.1385e-08
0.00519467
7.88452e-09
0.00519467
6.4313e-09
0.00519467
4.61956e-09
0.00519467
3.077e-09
0.00519467
1.4917e-09
0.00519467
3.27527e-10
0.00519467
-2.90464e-10
0.00519467
1.31803e-10
0.00519467
4.09811e-10
0.00519467
1.04927e-09
0.00519467
7.05371e-10
0.00519467
1.06179e-09
0.00519467
5.05856e-10
0.00519467
8.52768e-10
0.00519467
-1.57495e-10
0.00519467
-9.36946e-10
0.00519467
-1.88941e-09
0.00519467
-1.9228e-09
0.00519467
-2.31537e-09
0.00519467
-1.78706e-09
0.00519467
-1.7137e-09
0.00519467
-1.04374e-09
0.00519467
-9.08088e-10
0.00519467
-1.99055e-10
0.00519467
-6.41066e-10
0.00519467
-2.71347e-10
0.00519467
-7.08638e-10
0.00519467
-5.66913e-11
0.00519467
2.70827e-10
0.00519467
1.06656e-09
0.00519467
1.36544e-09
0.00519467
1.74472e-09
0.00519467
1.35138e-09
0.00519467
1.36145e-09
0.00519467
4.7114e-10
0.00519467
2.20539e-10
0.00519467
-3.47791e-10
0.00519467
-2.73243e-10
0.00519467
-6.55761e-10
0.00519467
-2.81971e-10
0.00519467
-4.4938e-10
0.00519467
-1.50818e-10
0.00519467
-4.52747e-10
0.00519467
-2.02174e-10
0.00519467
-4.50438e-10
0.00519467
-2.62192e-10
0.00519467
-5.49915e-10
0.00519467
-1.93147e-10
0.00519467
1.3166e-10
0.00519467
1.01855e-09
0.00519467
1.91515e-09
0.00519467
3.65698e-09
0.00519467
5.57623e-09
0.00519467
8.85671e-09
0.00519467
1.35286e-08
0.00519467
2.12846e-08
0.00519467
3.26834e-08
0.00519467
5.01487e-08
0.00519466
7.60219e-08
0.00519466
1.13243e-07
0.00519466
1.67184e-07
0.00519466
2.42859e-07
0.00519465
3.63304e-07
0.00519463
5.31613e-07
0.00519458
8.94782e-07
0.00519448
1.50354e-06
0.00519427
4.1422e-06
0.00519402
1.11083e-05
0.00519346
3.94464e-05
7.88376e-05
0.005143
0.00100098
0.00518463
0.000529775
0.005191
0.000143264
0.00519196
7.2411e-06
0.00519167
-7.74184e-06
0.00519222
5.53222e-06
0.00519263
9.74088e-06
0.00519313
1.16698e-05
0.00519352
1.03158e-05
0.00519385
9.05701e-06
0.0051941
7.49569e-06
0.00519429
6.17142e-06
0.00519443
4.94434e-06
0.00519454
3.89433e-06
0.00519461
3.00057e-06
0.00519466
2.27714e-06
0.0051947
1.68065e-06
0.00519472
1.21808e-06
0.00519474
8.7415e-07
0.00519475
6.16403e-07
0.00519475
4.23206e-07
0.00519476
2.86342e-07
0.00519476
1.91453e-07
0.00519476
1.29451e-07
0.00519476
8.60346e-08
0.00519476
5.68828e-08
0.00519476
3.69799e-08
0.00519476
2.38214e-08
0.00519476
1.59592e-08
0.00519476
1.16805e-08
0.00519476
8.11635e-09
0.00519476
6.51679e-09
0.00519476
4.66666e-09
0.00519476
3.00046e-09
0.00519476
1.41654e-09
0.00519476
2.5682e-10
0.00519476
-3.00162e-10
0.00519476
6.65351e-11
0.00519476
3.38428e-10
0.00519476
1.03706e-09
0.00519476
7.60589e-10
0.00519476
1.1008e-09
0.00519476
4.73365e-10
0.00519476
7.80131e-10
0.00519476
-9.32134e-11
0.00519476
-8.76024e-10
0.00519476
-1.87522e-09
0.00519476
-1.94406e-09
0.00519476
-2.30343e-09
0.00519476
-1.81851e-09
0.00519476
-1.79824e-09
0.00519476
-1.15409e-09
0.00519476
-1.00019e-09
0.00519476
-3.03846e-10
0.00519476
-7.58747e-10
0.00519476
-3.96019e-10
0.00519476
-7.92474e-10
0.00519476
-1.80537e-10
0.00519476
2.30648e-10
0.00519476
1.12423e-09
0.00519476
1.4675e-09
0.00519476
1.80384e-09
0.00519476
1.41147e-09
0.00519476
1.43743e-09
0.00519476
5.64389e-10
0.00519476
2.39592e-10
0.00519476
-3.36339e-10
0.00519476
-2.33108e-10
0.00519476
-6.12343e-10
0.00519476
-2.90125e-10
0.00519476
-4.57194e-10
0.00519476
-1.72702e-10
0.00519476
-4.57841e-10
0.00519476
-2.25097e-10
0.00519476
-4.81657e-10
0.00519476
-3.13775e-10
0.00519476
-5.61623e-10
0.00519476
-2.20992e-10
0.00519476
1.29898e-10
0.00519476
1.02309e-09
0.00519476
1.90247e-09
0.00519476
3.63219e-09
0.00519476
5.54728e-09
0.00519476
8.78036e-09
0.00519476
1.33872e-08
0.00519476
2.10131e-08
0.00519476
3.22384e-08
0.00519476
4.93802e-08
0.00519476
7.47414e-08
0.00519476
1.11317e-07
0.00519476
1.64613e-07
0.00519477
2.40079e-07
0.00519477
3.62596e-07
0.00519476
5.37825e-07
0.00519474
9.20298e-07
0.00519468
1.5551e-06
0.00519461
4.21873e-06
0.00519467
1.10504e-05
0.0051952
3.89099e-05
7.73324e-05
0.00513304
0.000867938
0.00518032
0.000482492
0.00518951
0.000134077
0.00519045
6.29894e-06
0.00519004
-7.33214e-06
0.00519064
4.92782e-06
0.00519126
9.12469e-06
0.00519199
1.09361e-05
0.0051926
9.71286e-06
0.00519311
8.53768e-06
0.00519353
7.08409e-06
0.00519385
5.84246e-06
0.00519411
4.68985e-06
0.0051943
3.7001e-06
0.00519445
2.85616e-06
0.00519455
2.17157e-06
0.00519463
1.60516e-06
0.00519468
1.16477e-06
0.00519472
8.375e-07
0.00519474
5.91824e-07
0.00519476
4.06727e-07
0.00519477
2.75366e-07
0.00519478
1.84544e-07
0.00519478
1.25176e-07
0.00519479
8.34303e-08
0.00519479
5.52585e-08
0.00519479
3.6146e-08
0.00519479
2.3542e-08
0.00519479
1.58479e-08
0.00519479
1.16731e-08
0.00519479
8.14125e-09
0.00519479
6.47429e-09
0.00519479
4.62237e-09
0.00519479
2.85781e-09
0.00519479
1.30071e-09
0.00519479
1.74048e-10
0.00519479
-3.08525e-10
0.00519479
2.01639e-11
0.00519479
2.59323e-10
0.00519479
1.00416e-09
0.00519479
7.93472e-10
0.00519479
1.13279e-09
0.00519479
4.47277e-10
0.00519479
6.84449e-10
0.00519479
-4.90262e-11
0.00519479
-7.93613e-10
0.00519479
-1.814e-09
0.00519479
-1.93397e-09
0.00519479
-2.28215e-09
0.00519479
-1.83486e-09
0.00519479
-1.86942e-09
0.00519479
-1.27e-09
0.00519479
-1.10246e-09
0.00519479
-4.16099e-10
0.00519479
-8.82641e-10
0.00519479
-5.34984e-10
0.00519479
-8.66179e-10
0.00519479
-2.84043e-10
0.00519479
1.83584e-10
0.00519479
1.161e-09
0.00519479
1.56264e-09
0.00519479
1.85987e-09
0.00519479
1.45066e-09
0.00519479
1.48926e-09
0.00519479
6.58563e-10
0.00519479
2.74661e-10
0.00519479
-3.1912e-10
0.00519479
-1.88309e-10
0.00519479
-5.4952e-10
0.00519479
-2.88982e-10
0.00519479
-4.67002e-10
0.00519479
-1.9869e-10
0.00519479
-4.67189e-10
0.00519479
-2.46318e-10
0.00519479
-5.0881e-10
0.00519479
-3.71562e-10
0.00519479
-5.68689e-10
0.00519479
-2.38372e-10
0.00519479
1.15781e-10
0.00519479
9.97604e-10
0.00519479
1.83162e-09
0.00519479
3.50791e-09
0.00519479
5.37501e-09
0.00519479
8.47779e-09
0.00519479
1.29032e-08
0.00519479
2.02225e-08
0.00519479
3.10021e-08
0.00519479
4.74229e-08
0.00519479
7.16658e-08
0.0051948
1.0671e-07
0.00519481
1.58052e-07
0.00519482
2.3134e-07
0.00519483
3.52326e-07
0.00519483
5.28633e-07
0.00519484
9.16533e-07
0.00519484
1.55476e-06
0.0051949
4.16235e-06
0.00519525
1.06926e-05
0.00519682
3.73461e-05
7.3847e-05
0.00512474
0.000743199
0.00517659
0.00043064
0.00518822
0.000122447
0.00518912
5.39379e-06
0.00518858
-6.79399e-06
0.00518922
4.29248e-06
0.00519001
8.33608e-06
0.00519094
9.99919e-06
0.00519174
8.91762e-06
0.00519243
7.84708e-06
0.00519298
6.52561e-06
0.00519344
5.38994e-06
0.00519379
4.33392e-06
0.00519407
3.4241e-06
0.00519428
2.6474e-06
0.00519443
2.01626e-06
0.00519455
1.49205e-06
0.00519463
1.08367e-06
0.00519468
7.80683e-07
0.00519472
5.52838e-07
0.00519475
3.80245e-07
0.00519477
2.5748e-07
0.00519478
1.72903e-07
0.00519479
1.1776e-07
0.00519479
7.87929e-08
0.0051948
5.23258e-08
0.0051948
3.44472e-08
0.0051948
2.2705e-08
0.0051948
1.5326e-08
0.0051948
1.13397e-08
0.0051948
7.94653e-09
0.0051948
6.29668e-09
0.0051948
4.48303e-09
0.0051948
2.6573e-09
0.0051948
1.13966e-09
0.0051948
7.54925e-11
0.0051948
-3.16682e-10
0.0051948
-2.52023e-13
0.0051948
1.85462e-10
0.0051948
9.51619e-10
0.0051948
7.96692e-10
0.0051948
1.15317e-09
0.0051948
4.26512e-10
0.0051948
5.79521e-10
0.0051948
-2.51163e-11
0.0051948
-6.93111e-10
0.0051948
-1.70509e-09
0.0051948
-1.89141e-09
0.0051948
-2.25346e-09
0.0051948
-1.84399e-09
0.0051948
-1.92832e-09
0.0051948
-1.38846e-09
0.0051948
-1.2147e-09
0.0051948
-5.31296e-10
0.0051948
-1.00559e-09
0.0051948
-6.84162e-10
0.0051948
-9.3388e-10
0.0051948
-3.58848e-10
0.0051948
1.43622e-10
0.0051948
1.17918e-09
0.0051948
1.64304e-09
0.0051948
1.91261e-09
0.0051948
1.47137e-09
0.0051948
1.5119e-09
0.0051948
7.43587e-10
0.0051948
3.24997e-10
0.0051948
-2.92754e-10
0.0051948
-1.40927e-10
0.0051948
-4.72511e-10
0.0051948
-2.77868e-10
0.0051948
-4.77016e-10
0.0051948
-2.27004e-10
0.0051948
-4.8138e-10
0.0051948
-2.67073e-10
0.0051948
-5.28464e-10
0.0051948
-4.28017e-10
0.0051948
-5.71826e-10
0.0051948
-2.40088e-10
0.0051948
9.6712e-11
0.0051948
9.48185e-10
0.0051948
1.7105e-09
0.0051948
3.28961e-09
0.0051948
5.07016e-09
0.0051948
7.97112e-09
0.0051948
1.21001e-08
0.0051948
1.89437e-08
0.0051948
2.90188e-08
0.00519481
4.43465e-08
0.00519481
6.69107e-08
0.00519482
9.95841e-08
0.00519483
1.47703e-07
0.00519484
2.16875e-07
0.00519486
3.32661e-07
0.00519489
5.03958e-07
0.00519492
8.82928e-07
0.00519497
1.50178e-06
0.00519516
3.97544e-06
0.0051958
1.005e-05
0.00519831
3.48397e-05
6.85803e-05
0.00511787
0.000625329
0.0051734
0.000375109
0.00518712
0.000108725
0.00518798
4.53107e-06
0.00518731
-6.12495e-06
0.00518796
3.64707e-06
0.00518889
7.40165e-06
0.00519
8.88751e-06
0.00519096
7.95472e-06
0.00519181
7.00639e-06
0.00519249
5.83759e-06
0.00519306
4.82781e-06
0.0051935
3.88753e-06
0.00519385
3.07483e-06
0.00519412
2.38063e-06
0.00519432
1.81591e-06
0.00519447
1.34474e-06
0.00519457
9.77195e-07
0.00519465
7.05425e-07
0.0051947
5.00616e-07
0.00519474
3.44523e-07
0.00519476
2.33223e-07
0.00519478
1.56874e-07
0.00519479
1.07411e-07
0.00519479
7.22611e-08
0.0051948
4.81696e-08
0.0051948
3.19063e-08
0.0051948
2.12917e-08
0.0051948
1.43935e-08
0.0051948
1.06843e-08
0.00519481
7.53505e-09
0.00519481
5.98174e-09
0.00519481
4.24698e-09
0.00519481
2.40116e-09
0.00519481
9.40301e-10
0.00519481
-4.08211e-11
0.00519481
-3.2718e-10
0.00519481
6.24311e-12
0.00519481
1.32545e-10
0.0051948
8.84286e-10
0.0051948
7.69e-10
0.0051948
1.15591e-09
0.0051948
4.172e-10
0.0051948
4.75973e-10
0.0051948
-1.99324e-11
0.0051948
-5.81017e-10
0.0051948
-1.55203e-09
0.0051948
-1.81437e-09
0.0051948
-2.21618e-09
0.0051948
-1.85378e-09
0.0051948
-1.97813e-09
0.0051948
-1.50573e-09
0.0051948
-1.33803e-09
0.0051948
-6.50207e-10
0.0051948
-1.12076e-09
0.0051948
-8.37322e-10
0.0051948
-9.97391e-10
0.0051948
-4.08036e-10
0.0051948
1.19437e-10
0.0051948
1.17767e-09
0.0051948
1.70022e-09
0.0051948
1.95743e-09
0.0051948
1.47657e-09
0.0051948
1.50207e-09
0.0051948
8.11124e-10
0.0051948
3.88476e-10
0.0051948
-2.53721e-10
0.0051948
-9.25337e-11
0.0051948
-3.86402e-10
0.0051948
-2.5757e-10
0.0051948
-4.87749e-10
0.0051948
-2.59048e-10
0.0051948
-5.019e-10
0.0051948
-2.90083e-10
0.0051948
-5.37156e-10
0.0051948
-4.72515e-10
0.0051948
-5.64856e-10
0.0051948
-2.24434e-10
0.0051948
8.05901e-11
0.0051948
8.81853e-10
0.0051948
1.55333e-09
0.0051948
2.99185e-09
0.0051948
4.64725e-09
0.0051948
7.28333e-09
0.0051948
1.10081e-08
0.00519481
1.72186e-08
0.00519481
2.63483e-08
0.00519481
4.02379e-08
0.00519482
6.06144e-08
0.00519483
9.01447e-08
0.00519484
1.33838e-07
0.00519486
1.97037e-07
0.00519489
3.04037e-07
0.00519493
4.64273e-07
0.00519499
8.20162e-07
0.0051951
1.39761e-06
0.00519541
3.66483e-06
0.00519631
9.14432e-06
0.00519967
3.14877e-05
6.17405e-05
0.00511226
0.000513073
0.00517072
0.000316644
0.0051862
9.32389e-05
0.00518703
3.70975e-06
0.00518623
-5.32907e-06
0.00518687
3.00604e-06
0.00518793
6.34629e-06
0.00518918
7.62831e-06
0.00519029
6.84856e-06
0.00519126
6.03689e-06
0.00519206
5.03773e-06
0.00519272
4.17057e-06
0.00519324
3.36229e-06
0.00519366
2.6615e-06
0.00519397
2.06289e-06
0.00519421
1.57584e-06
0.00519439
1.16714e-06
0.00519452
8.48162e-07
0.00519461
6.13749e-07
0.00519468
4.36581e-07
0.00519472
3.00503e-07
0.00519475
2.03246e-07
0.00519477
1.36905e-07
0.00519478
9.43982e-08
0.00519479
6.39892e-08
0.0051948
4.2882e-08
0.0051948
2.85729e-08
0.0051948
1.93136e-08
0.00519481
1.30732e-08
0.00519481
9.73115e-09
0.00519481
6.91927e-09
0.00519481
5.52968e-09
0.00519481
3.9179e-09
0.00519481
2.09912e-09
0.00519481
7.16887e-10
0.00519481
-1.73096e-10
0.00519481
-3.45198e-10
0.00519481
3.43677e-11
0.00519481
1.15534e-10
0.00519481
8.14243e-10
0.00519481
7.12875e-10
0.00519481
1.13245e-09
0.00519481
4.20682e-10
0.00519481
3.89272e-10
0.00519481
-2.44663e-11
0.00519481
-4.64296e-10
0.00519481
-1.36251e-09
0.00519481
-1.70583e-09
0.00519481
-2.17239e-09
0.00519481
-1.87304e-09
0.00519481
-2.02492e-09
0.00519481
-1.6194e-09
0.00519481
-1.46902e-09
0.00519481
-7.7285e-10
0.00519481
-1.22254e-09
0.00519481
-9.86876e-10
0.00519481
-1.05763e-09
0.00519481
-4.36729e-10
0.00519481
1.15427e-10
0.00519481
1.16092e-09
0.00519481
1.72845e-09
0.00519481
1.98861e-09
0.0051948
1.47042e-09
0.0051948
1.46248e-09
0.0051948
8.55916e-10
0.0051948
4.6191e-10
0.0051948
-1.96976e-10
0.0051948
-4.28999e-11
0.0051948
-2.96727e-10
0.0051948
-2.30865e-10
0.0051948
-4.99377e-10
0.0051948
-2.96972e-10
0.0051948
-5.29502e-10
0.0051948
-3.17526e-10
0.0051948
-5.33887e-10
0.0051948
-4.99553e-10
0.0051948
-5.43983e-10
0.0051948
-1.88889e-10
0.0051948
7.31055e-11
0.0051948
8.03785e-10
0.0051948
1.37006e-09
0.0051948
2.62974e-09
0.00519481
4.1201e-09
0.00519481
6.437e-09
0.00519481
9.66289e-09
0.00519481
1.50977e-08
0.00519481
2.30641e-08
0.00519482
3.52013e-08
0.00519483
5.29378e-08
0.00519484
7.86344e-08
0.00519485
1.16799e-07
0.00519488
1.72305e-07
0.00519492
2.67154e-07
0.00519497
4.10588e-07
0.00519506
7.30069e-07
0.00519521
1.2457e-06
0.00519564
3.24119e-06
0.00519678
8.00267e-06
0.00520087
2.73966e-05
5.35428e-05
0.00510776
0.000405312
0.00516852
0.000255881
0.00518546
7.63037e-05
0.00518624
2.92487e-06
0.00518533
-4.4168e-06
0.00518596
2.37786e-06
0.00518711
5.19305e-06
0.0051885
6.24769e-06
0.00518972
5.62325e-06
0.0051908
4.95982e-06
0.00519169
4.14406e-06
0.00519243
3.43324e-06
0.00519302
2.77043e-06
0.00519349
2.1939e-06
0.00519385
1.70179e-06
0.00519412
1.3019e-06
0.00519433
9.63634e-07
0.00519447
6.99756e-07
0.00519458
5.07938e-07
0.00519465
3.62371e-07
0.00519471
2.49285e-07
0.00519474
1.68299e-07
0.00519476
1.1351e-07
0.00519478
7.90473e-08
0.00519479
5.41579e-08
0.0051948
3.65661e-08
0.0051948
2.45194e-08
0.0051948
1.68153e-08
0.00519481
1.14055e-08
0.00519481
8.51711e-09
0.00519481
6.11788e-09
0.00519481
4.94929e-09
0.00519481
3.50246e-09
0.00519481
1.76204e-09
0.00519481
4.80654e-10
0.00519481
-3.16359e-10
0.00519481
-3.75012e-10
0.00519481
7.53237e-11
0.00519481
1.40391e-10
0.00519481
7.56346e-10
0.00519481
6.33474e-10
0.00519481
1.07772e-09
0.00519481
4.33114e-10
0.00519481
3.33005e-10
0.00519481
-2.67188e-11
0.00519481
-3.51449e-10
0.00519481
-1.15119e-09
0.00519481
-1.57079e-09
0.00519481
-2.12556e-09
0.00519481
-1.90674e-09
0.00519481
-2.07662e-09
0.00519481
-1.72668e-09
0.00519481
-1.60355e-09
0.00519481
-8.97746e-10
0.00519481
-1.30879e-09
0.00519481
-1.12301e-09
0.00519481
-1.1128e-09
0.00519481
-4.4865e-10
0.00519481
1.3196e-10
0.00519481
1.13589e-09
0.00519481
1.72593e-09
0.00519481
2.00193e-09
0.00519481
1.45751e-09
0.00519481
1.40236e-09
0.00519481
8.76074e-10
0.00519481
5.41043e-10
0.00519481
-1.19484e-10
0.00519481
9.68669e-12
0.00519481
-2.10854e-10
0.00519481
-2.00916e-10
0.00519481
-5.1344e-10
0.00519481
-3.42436e-10
0.00519481
-5.64402e-10
0.00519481
-3.50272e-10
0.00519481
-5.21022e-10
0.00519481
-5.05887e-10
0.00519481
-5.09359e-10
0.00519481
-1.359e-10
0.00519481
7.52501e-11
0.00519481
7.15155e-10
0.00519481
1.16493e-09
0.00519481
2.21658e-09
0.00519481
3.50176e-09
0.00519481
5.45471e-09
0.00519481
8.10197e-09
0.00519481
1.26383e-08
0.00519482
1.9252e-08
0.00519482
2.93595e-08
0.00519483
4.40651e-08
0.00519484
6.53353e-08
0.00519486
9.69981e-08
0.00519489
1.43281e-07
0.00519494
2.22967e-07
0.005195
3.44415e-07
0.00519512
6.15526e-07
0.00519531
1.05126e-06
0.00519584
2.71848e-06
0.00519718
6.65708e-06
0.0052019
2.26801e-05
4.42073e-05
0.00510428
0.000301034
0.00516679
0.000193367
0.00518487
5.82215e-05
0.00518563
2.16943e-06
0.00518462
-3.40446e-06
0.00518523
1.76588e-06
0.00518646
3.96332e-06
0.00518794
4.77079e-06
0.00518926
4.30261e-06
0.00519042
3.79642e-06
0.00519139
3.17486e-06
0.0051922
2.63122e-06
0.00519284
2.12466e-06
0.00519335
1.68234e-06
0.00519375
1.30545e-06
0.00519405
1.00036e-06
0.00519427
7.38994e-07
0.00519444
5.35499e-07
0.00519455
3.90509e-07
0.00519464
2.79801e-07
0.00519469
1.92114e-07
0.00519473
1.29224e-07
0.00519476
8.72657e-08
0.00519478
6.17333e-08
0.00519479
4.29866e-08
0.0051948
2.93493e-08
0.0051948
1.98354e-08
0.0051948
1.38656e-08
0.00519481
9.44514e-09
0.00519481
7.08783e-09
0.00519481
5.15381e-09
0.00519481
4.25627e-09
0.00519481
3.00847e-09
0.00519481
1.3978e-09
0.00519481
2.38415e-10
0.00519481
-4.63009e-10
0.00519481
-4.2079e-10
0.00519481
1.18782e-10
0.00519481
2.00578e-10
0.00519481
7.22297e-10
0.00519481
5.38725e-10
0.00519481
9.92537e-10
0.00519481
4.45762e-10
0.00519481
3.14865e-10
0.00519481
-1.5279e-11
0.00519481
-2.47691e-10
0.00519481
-9.36636e-10
0.00519481
-1.41583e-09
0.00519481
-2.07871e-09
0.00519481
-1.95581e-09
0.00519481
-2.13954e-09
0.00519481
-1.82562e-09
0.00519481
-1.73712e-09
0.00519481
-1.02082e-09
0.00519481
-1.37954e-09
0.00519481
-1.23475e-09
0.00519481
-1.15869e-09
0.00519481
-4.44193e-10
0.00519481
1.67576e-10
0.00519481
1.11245e-09
0.00519481
1.69586e-09
0.00519481
1.99721e-09
0.00519481
1.44073e-09
0.00519481
1.33316e-09
0.00519481
8.73272e-10
0.00519481
6.21671e-10
0.00519481
-2.16774e-11
0.00519481
6.8109e-11
0.00519481
-1.35325e-10
0.00519481
-1.72225e-10
0.00519481
-5.31812e-10
0.00519481
-3.96648e-10
0.00519481
-6.0745e-10
0.00519481
-3.87585e-10
0.00519481
-5.03174e-10
0.00519481
-4.9096e-10
0.00519481
-4.64792e-10
0.00519481
-7.25464e-11
0.00519481
8.2636e-11
0.00519481
6.14741e-10
0.00519481
9.38338e-10
0.00519481
1.7642e-09
0.00519481
2.80588e-09
0.00519481
4.35875e-09
0.00519481
6.36348e-09
0.00519481
9.90235e-09
0.00519482
1.50073e-08
0.00519483
2.28531e-08
0.00519484
3.42041e-08
0.00519485
5.0565e-08
0.00519487
7.49147e-08
0.0051949
1.10682e-07
0.00519495
1.72653e-07
0.00519503
2.67704e-07
0.00519517
4.80311e-07
0.0051954
8.20979e-07
0.005196
2.11335e-06
0.00519752
5.14356e-06
0.00520274
1.74575e-05
3.39579e-05
0.00510173
0.000199304
0.00516551
0.000129592
0.00518444
3.92857e-05
0.00518518
1.43569e-06
0.00518409
-2.31316e-06
0.00518468
1.16935e-06
0.00518597
2.67709e-06
0.00518752
3.22205e-06
0.00518891
2.91038e-06
0.00519014
2.56804e-06
0.00519117
2.1487e-06
0.00519202
1.78035e-06
0.0051927
1.4381e-06
0.00519325
1.13755e-06
0.00519367
8.82447e-07
0.00519399
6.77916e-07
0.00519423
4.98351e-07
0.00519441
3.592e-07
0.00519453
2.64196e-07
0.00519462
1.90838e-07
0.00519468
1.30366e-07
0.00519473
8.69646e-08
0.00519476
5.88092e-08
0.00519478
4.28796e-08
0.00519479
3.0741e-08
0.0051948
2.13976e-08
0.0051948
1.46306e-08
0.00519481
1.05483e-08
0.00519481
7.25714e-09
0.00519481
5.49871e-09
0.00519481
4.05613e-09
0.00519481
3.47091e-09
0.00519481
2.44406e-09
0.00519481
1.00913e-09
0.00519481
-7.13412e-12
0.00519481
-6.04595e-10
0.00519481
-4.85512e-10
0.00519481
1.52765e-10
0.00519481
2.7983e-10
0.00519481
7.16435e-10
0.00519481
4.39093e-10
0.00519481
8.8343e-10
0.00519481
4.49178e-10
0.00519481
3.34894e-10
0.00519481
1.97017e-11
0.00519481
-1.5237e-10
0.00519481
-7.37522e-10
0.00519481
-1.24898e-09
0.00519481
-2.03439e-09
0.00519481
-2.01835e-09
0.00519481
-2.2168e-09
0.00519481
-1.91498e-09
0.00519481
-1.86444e-09
0.00519481
-1.13581e-09
0.00519481
-1.43413e-09
0.00519481
-1.31252e-09
0.00519481
-1.18845e-09
0.00519481
-4.21597e-10
0.00519481
2.20945e-10
0.00519481
1.10106e-09
0.00519481
1.64568e-09
0.00519481
1.97619e-09
0.00519481
1.42127e-09
0.00519481
1.26539e-09
0.00519481
8.51814e-10
0.00519481
6.98734e-10
0.00519481
9.20024e-11
0.00519481
1.34769e-10
0.00519481
-7.50864e-11
0.00519481
-1.50432e-10
0.00519481
-5.56302e-10
0.00519481
-4.59173e-10
0.00519481
-6.59436e-10
0.00519481
-4.27557e-10
0.00519481
-4.86053e-10
0.00519481
-4.58408e-10
0.00519481
-4.15441e-10
0.00519481
-8.14499e-12
0.00519481
8.85029e-11
0.00519481
5.01127e-10
0.00519481
6.89631e-10
0.00519481
1.28303e-09
0.00519481
2.04705e-09
0.00519481
3.1719e-09
0.00519481
4.48692e-09
0.00519482
6.95553e-09
0.00519482
1.04333e-08
0.00519483
1.58384e-08
0.00519484
2.35831e-08
0.00519485
3.46705e-08
0.00519488
5.10818e-08
0.00519491
7.53223e-08
0.00519497
1.17581e-07
0.00519505
1.82776e-07
0.0051952
3.28938e-07
0.00519546
5.62753e-07
0.00519613
1.44457e-06
0.00519777
3.50134e-06
0.00520338
1.1852e-05
2.30211e-05
0.00510006
9.92416e-05
0.00516466
6.49987e-05
0.00518416
1.9784e-05
0.00518488
7.15922e-07
0.00518373
-1.16754e-06
0.00518432
5.84533e-07
0.00518564
1.35342e-06
0.00518724
1.62549e-06
0.00518868
1.47026e-06
0.00518995
1.29618e-06
0.00519102
1.08443e-06
0.0051919
8.96797e-07
0.00519261
7.24263e-07
0.00519318
5.70604e-07
0.00519362
4.41663e-07
0.00519395
3.41516e-07
0.0051942
2.47095e-07
0.00519439
1.74897e-07
0.00519452
1.31918e-07
0.00519461
9.75819e-08
0.00519468
6.55303e-08
0.00519472
4.25521e-08
0.00519475
2.88492e-08
0.00519477
2.29583e-08
0.00519479
1.77322e-08
0.0051948
1.29206e-08
0.0051948
9.04203e-09
0.00519481
6.95648e-09
0.00519481
4.9127e-09
0.00519481
3.81457e-09
0.00519481
2.86405e-09
0.00519481
2.61694e-09
0.00519481
1.81978e-09
0.00519481
5.93985e-10
0.00519481
-2.58682e-10
0.00519481
-7.33653e-10
0.00519481
-5.68523e-10
0.00519481
1.6426e-10
0.00519481
3.57547e-10
0.00519481
7.34637e-10
0.00519481
3.45642e-10
0.00519481
7.61648e-10
0.00519481
4.37668e-10
0.00519481
3.8678e-10
0.00519481
8.47564e-11
0.00519481
-5.99272e-11
0.00519481
-5.68994e-10
0.00519481
-1.08075e-09
0.00519481
-1.99367e-09
0.00519481
-2.0908e-09
0.00519481
-2.30739e-09
0.00519481
-1.99417e-09
0.00519481
-1.98009e-09
0.00519481
-1.23621e-09
0.00519481
-1.47063e-09
0.00519481
-1.3504e-09
0.00519481
-1.19412e-09
0.00519481
-3.78596e-10
0.00519481
2.9043e-10
0.00519481
1.10903e-09
0.00519481
1.58461e-09
0.00519481
1.94015e-09
0.00519481
1.39829e-09
0.00519481
1.20632e-09
0.00519481
8.16784e-10
0.00519481
7.66882e-10
0.00519481
2.13644e-10
0.00519481
2.1003e-10
0.00519481
-3.29619e-11
0.00519481
-1.41767e-10
0.00519481
-5.8883e-10
0.00519481
-5.28293e-10
0.00519481
-7.2031e-10
0.00519481
-4.68717e-10
0.00519481
-4.74098e-10
0.00519481
-4.14783e-10
0.00519481
-3.65357e-10
0.00519481
4.96305e-11
0.00519481
8.68009e-11
0.00519481
3.74588e-10
0.00519481
4.20036e-10
0.00519481
7.83359e-10
0.00519481
1.24257e-09
0.00519481
1.91847e-09
0.00519481
2.51409e-09
0.00519482
3.86668e-09
0.00519482
5.63871e-09
0.00519483
8.48157e-09
0.00519484
1.24457e-08
0.00519486
1.8018e-08
0.00519488
2.60711e-08
0.00519492
3.80911e-08
0.00519498
5.92631e-08
0.00519507
9.22267e-08
0.00519523
1.66486e-07
0.00519551
2.854e-07
0.00519622
7.32485e-07
0.00519795
1.772e-06
0.00520381
5.98978e-06
1.1625e-05
0.00509924
4.87635e-09
0.00516423
2.7614e-09
0.00518402
-5.131e-12
0.00518473
2.75944e-09
0.00518356
5.46788e-09
0.00518414
5.81298e-09
0.00518548
1.08607e-08
0.0051871
4.94096e-09
0.00518856
6.08443e-09
0.00518986
2.5144e-09
0.00519094
1.1238e-09
0.00519184
-3.04245e-09
0.00519257
-3.12657e-09
0.00519314
-7.24363e-09
0.00519359
-7.80205e-09
0.00519393
-1.7053e-09
0.00519419
-9.23456e-09
0.00519438
-1.32276e-08
0.00519451
-3.27907e-09
0.00519461
2.22655e-09
0.00519468
-8.17726e-10
0.00519472
-2.91411e-09
0.00519475
-1.84909e-09
0.00519477
2.48452e-09
0.00519479
4.30584e-09
0.0051948
4.16137e-09
0.0051948
3.23547e-09
0.00519481
3.19175e-09
0.00519481
2.48352e-09
0.00519481
2.1046e-09
0.00519481
1.62809e-09
0.00519481
1.72103e-09
0.00519481
1.15013e-09
0.00519481
1.49525e-10
0.00519481
-5.2212e-10
0.00519481
-8.4606e-10
0.00519481
-6.64174e-10
0.00519481
1.4165e-10
0.00519481
4.13666e-10
0.00519481
7.66235e-10
0.00519481
2.67922e-10
0.00519481
6.40673e-10
0.00519481
4.12011e-10
0.00519481
4.60294e-10
0.00519481
1.8204e-10
0.00519481
3.7588e-11
0.00519481
-4.39495e-10
0.00519481
-9.23675e-10
0.00519481
-1.95635e-09
0.00519481
-2.16918e-09
0.00519481
-2.40678e-09
0.00519481
-2.06283e-09
0.00519481
-2.07933e-09
0.00519481
-1.31691e-09
0.00519481
-1.48605e-09
0.00519481
-1.34701e-09
0.00519481
-1.16916e-09
0.00519481
-3.14106e-10
0.00519481
3.73556e-10
0.00519481
1.13789e-09
0.00519481
1.52142e-09
0.00519481
1.88905e-09
0.00519481
1.36871e-09
0.00519481
1.15883e-09
0.00519481
7.73499e-10
0.00519481
8.21397e-10
0.00519481
3.33725e-10
0.00519481
2.91277e-10
0.00519481
-9.48958e-12
0.00519481
-1.51812e-10
0.00519481
-6.31392e-10
0.00519481
-6.01707e-10
0.00519481
-7.88343e-10
0.00519481
-5.10366e-10
0.00519481
-4.69023e-10
0.00519481
-3.66992e-10
0.00519481
-3.16436e-10
0.00519481
9.71439e-11
0.00519481
7.48677e-11
0.00519481
2.38014e-10
0.00519481
1.34414e-10
0.00519481
2.7601e-10
0.00519481
4.13297e-10
0.00519481
6.25345e-10
0.00519481
4.89374e-10
0.00519482
7.06637e-10
0.00519482
7.34465e-10
0.00519483
9.539e-10
0.00519484
1.04441e-09
0.00519486
9.83752e-10
0.00519488
4.7628e-10
0.00519492
-7.66382e-11
0.00519498
-6.92065e-10
0.00519507
-1.15918e-09
0.00519524
-1.58698e-09
0.00519553
-1.65805e-09
0.00519626
-1.498e-09
0.00519804
-1.30417e-09
0.00520403
-1.2376e-09
-9.16692e-10
0.00509924
-9.92322e-05
0.00516423
-6.49935e-05
0.00518402
-1.97842e-05
0.00518473
-7.10799e-07
0.00518356
1.17795e-06
0.00518414
-5.73285e-07
0.00518548
-1.33223e-06
0.0051871
-1.61582e-06
0.00518856
-1.45827e-06
0.00518986
-1.29118e-06
0.00519094
-1.08207e-06
0.00519184
-9.02665e-07
0.00519257
-7.30238e-07
0.00519314
-5.84676e-07
0.00519359
-4.56808e-07
0.00519393
-3.44576e-07
0.00519419
-2.65093e-07
0.00519438
-2.00956e-07
0.00519451
-1.38303e-07
0.00519461
-9.30019e-08
0.00519468
-6.70673e-08
0.00519472
-4.83084e-08
0.00519475
-3.24976e-08
0.00519477
-1.80045e-08
0.00519479
-9.17721e-09
0.0051948
-4.62528e-09
0.0051948
-2.60436e-09
0.00519481
-6.35616e-10
0.00519481
3.70554e-11
0.00519481
4.3293e-10
0.00519481
4.05877e-10
0.00519481
8.13108e-10
0.00519481
4.54073e-10
0.00519481
-3.22673e-10
0.00519481
-8.03858e-10
0.00519481
-9.42993e-10
0.00519481
-7.62752e-10
0.00519481
7.8398e-11
0.00519481
4.32222e-10
0.00519481
7.9744e-10
0.00519481
2.12188e-10
0.00519481
5.33157e-10
0.00519481
3.79034e-10
0.00519481
5.44108e-10
0.00519481
3.08577e-10
0.00519481
1.47341e-10
0.00519481
-3.49479e-10
0.00519481
-7.90761e-10
0.00519481
-1.92186e-09
0.00519481
-2.24999e-09
0.00519481
-2.50862e-09
0.00519481
-2.1206e-09
0.00519481
-2.15836e-09
0.00519481
-1.37507e-09
0.00519481
-1.47729e-09
0.00519481
-1.30468e-09
0.00519481
-1.11041e-09
0.00519481
-2.29098e-10
0.00519481
4.66652e-10
0.00519481
1.18309e-09
0.00519481
1.46219e-09
0.00519481
1.82217e-09
0.00519481
1.32789e-09
0.00519481
1.12141e-09
0.00519481
7.2764e-10
0.00519481
8.5919e-10
0.00519481
4.43225e-10
0.00519481
3.73249e-10
0.00519481
-2.76204e-12
0.00519481
-1.83839e-10
0.00519481
-6.85088e-10
0.00519481
-6.76837e-10
0.00519481
-8.59678e-10
0.00519481
-5.51583e-10
0.00519481
-4.69555e-10
0.00519481
-3.20132e-10
0.00519481
-2.68697e-10
0.00519481
1.35005e-10
0.00519481
5.41896e-11
0.00519481
9.65588e-11
0.00519481
-1.58694e-10
0.00519481
-2.27569e-10
0.00519481
-4.17142e-10
0.00519481
-6.77762e-10
0.00519481
-1.54096e-09
0.00519482
-2.45289e-09
0.00519482
-4.16864e-09
0.00519483
-6.57368e-09
0.00519484
-1.03656e-08
0.00519486
-1.6054e-08
0.00519488
-2.51035e-08
0.00519492
-3.82259e-08
0.00519498
-6.06308e-08
0.00519507
-9.45094e-08
0.00519524
-1.69634e-07
0.00519553
-2.88691e-07
0.00519626
-7.35462e-07
0.00519804
-1.7746e-06
0.00520403
-5.99225e-06
-1.16268e-05
0.00510006
-0.000199295
0.00516466
-0.000129588
0.00518416
-3.92865e-05
0.00518488
-1.43163e-06
0.00518373
2.32214e-06
0.00518432
-1.15915e-06
0.00518564
-2.65737e-06
0.00518724
-3.21296e-06
0.00518868
-2.89888e-06
0.00518995
-2.56316e-06
0.00519102
-2.14604e-06
0.0051919
-1.78565e-06
0.00519261
-1.44332e-06
0.00519318
-1.15048e-06
0.00519362
-8.96345e-07
0.00519395
-6.80024e-07
0.00519421
-5.15057e-07
0.00519439
-3.84152e-07
0.00519452
-2.70105e-07
0.00519461
-1.85917e-07
0.00519468
-1.31633e-07
0.00519472
-9.25253e-08
0.00519475
-6.23289e-08
0.00519477
-3.7981e-08
0.00519479
-2.23649e-08
0.0051948
-1.31981e-08
0.0051948
-8.294e-09
0.00519481
-4.41023e-09
0.00519481
-2.3659e-09
0.00519481
-1.15081e-09
0.00519481
-7.46385e-10
0.00519481
-7.4275e-11
0.00519481
-2.43574e-10
0.00519481
-8.13344e-10
0.00519481
-1.10739e-09
0.00519481
-1.03122e-09
0.00519481
-8.53407e-10
0.00519481
-2.38499e-11
0.00519481
4.03677e-10
0.00519481
8.14732e-10
0.00519481
1.80453e-10
0.00519481
4.48232e-10
0.00519481
3.49061e-10
0.00519481
6.28278e-10
0.00519481
4.56306e-10
0.00519481
2.72992e-10
0.00519481
-2.92656e-10
0.00519481
-6.93276e-10
0.00519481
-1.89046e-09
0.00519481
-2.33022e-09
0.00519481
-2.60644e-09
0.00519481
-2.16643e-09
0.00519481
-2.21407e-09
0.00519481
-1.40964e-09
0.00519481
-1.44194e-09
0.00519481
-1.22761e-09
0.00519481
-1.0187e-09
0.00519481
-1.26938e-10
0.00519481
5.64971e-10
0.00519481
1.23577e-09
0.00519481
1.40928e-09
0.00519481
1.73923e-09
0.00519481
1.27139e-09
0.00519481
1.08928e-09
0.00519481
6.85086e-10
0.00519481
8.79822e-10
0.00519481
5.3571e-10
0.00519481
4.49837e-10
0.00519481
-8.45166e-12
0.00519481
-2.37037e-10
0.00519481
-7.48935e-10
0.00519481
-7.50635e-10
0.00519481
-9.28777e-10
0.00519481
-5.90328e-10
0.00519481
-4.72212e-10
0.00519481
-2.76641e-10
0.00519481
-2.21303e-10
0.00519481
1.6627e-10
0.00519481
2.93111e-11
0.00519481
-4.34842e-11
0.00519481
-4.48583e-10
0.00519481
-7.15734e-10
0.00519481
-1.22449e-09
0.00519481
-1.9589e-09
0.00519481
-3.52993e-09
0.00519482
-5.54065e-09
0.00519482
-8.96194e-09
0.00519483
-1.39341e-08
0.00519484
-2.15311e-08
0.00519486
-3.27209e-08
0.00519488
-5.0077e-08
0.00519492
-7.54071e-08
0.00519498
-1.18903e-07
0.00519507
-1.84959e-07
0.00519523
-3.32011e-07
0.00519551
-5.65973e-07
0.00519622
-1.44749e-06
0.00519795
-3.50394e-06
0.00520381
-1.18545e-05
-2.30229e-05
0.00510173
-0.000301026
0.00516551
-0.000193364
0.00518444
-5.82229e-05
0.00518518
-2.16676e-06
0.00518409
3.41152e-06
0.00518468
-1.75715e-06
0.00518597
-3.94574e-06
0.00518752
-4.76256e-06
0.00518891
-4.29188e-06
0.00519014
-3.7918e-06
0.00519117
-3.17186e-06
0.00519202
-2.63581e-06
0.00519271
-2.12883e-06
0.00519325
-1.69367e-06
0.00519367
-1.31765e-06
0.00519399
-1.00118e-06
0.00519423
-7.53917e-07
0.00519441
-5.58857e-07
0.00519453
-3.95755e-07
0.00519462
-2.74433e-07
0.00519468
-1.93011e-07
0.00519473
-1.34517e-07
0.00519476
-9.0631e-08
0.00519478
-5.69561e-08
0.00519479
-3.49339e-08
0.0051948
-2.13476e-08
0.0051948
-1.36721e-08
0.0051948
-8.01806e-09
0.00519481
-4.66989e-09
0.00519481
-2.61545e-09
0.00519481
-1.78312e-09
0.00519481
-9.06883e-10
0.00519481
-9.14363e-10
0.00519481
-1.3039e-09
0.00519481
-1.43028e-09
0.00519481
-1.12132e-09
0.00519481
-9.27928e-10
0.00519481
-1.54583e-10
0.00519481
3.26212e-10
0.00519481
8.07308e-10
0.00519481
1.70746e-10
0.00519481
3.89928e-10
0.00519481
3.32474e-10
0.00519481
7.05901e-10
0.00519481
6.13004e-10
0.00519481
4.12895e-10
0.00519481
-2.58976e-10
0.00519481
-6.38612e-10
0.00519481
-1.86402e-09
0.00519481
-2.40691e-09
0.00519481
-2.69467e-09
0.00519481
-2.19806e-09
0.00519481
-2.24332e-09
0.00519481
-1.42036e-09
0.00519481
-1.37869e-09
0.00519481
-1.12061e-09
0.00519481
-8.98045e-10
0.00519481
-1.31669e-11
0.00519481
6.63023e-10
0.00519481
1.2856e-09
0.00519481
1.36144e-09
0.00519481
1.64132e-09
0.00519481
1.19692e-09
0.00519481
1.05622e-09
0.00519481
6.51094e-10
0.00519481
8.86097e-10
0.00519481
6.08422e-10
0.00519481
5.16045e-10
0.00519481
-2.02864e-11
0.00519481
-3.05927e-10
0.00519481
-8.19064e-10
0.00519481
-8.19357e-10
0.00519481
-9.89323e-10
0.00519481
-6.23392e-10
0.00519481
-4.72532e-10
0.00519481
-2.36876e-10
0.00519481
-1.73879e-10
0.00519481
1.94018e-10
0.00519481
5.68571e-12
0.00519481
-1.75907e-10
0.00519481
-7.24615e-10
0.00519481
-1.17732e-09
0.00519481
-1.98634e-09
0.00519481
-3.18531e-09
0.00519481
-5.43115e-09
0.00519482
-8.48711e-09
0.00519482
-1.354e-08
0.00519483
-2.09664e-08
0.00519484
-3.22052e-08
0.00519485
-4.86505e-08
0.00519488
-7.38721e-08
0.00519491
-1.10701e-07
0.00519497
-1.73909e-07
0.00519505
-2.69743e-07
0.0051952
-4.83264e-07
0.00519546
-8.24089e-07
0.00519613
-2.11619e-06
0.00519777
-5.14614e-06
0.00520338
-1.74599e-05
-3.39597e-05
0.00510428
-0.000405305
0.00516679
-0.000255878
0.00518487
-7.63056e-05
0.00518563
-2.92347e-06
0.00518462
4.42197e-06
0.00518523
-2.37066e-06
0.00518646
-5.17784e-06
0.00518794
-6.24042e-06
0.00518926
-5.61345e-06
0.00519043
-4.95562e-06
0.0051914
-4.14083e-06
0.0051922
-3.43723e-06
0.00519284
-2.77354e-06
0.00519335
-2.20353e-06
0.00519375
-1.71227e-06
0.00519405
-1.30145e-06
0.00519427
-9.76706e-07
0.00519444
-7.21336e-07
0.00519455
-5.12486e-07
0.00519464
-3.56594e-07
0.00519469
-2.49814e-07
0.00519473
-1.73315e-07
0.00519476
-1.16758e-07
0.00519478
-7.4492e-08
0.00519479
-4.65959e-08
0.0051948
-2.88989e-08
0.0051948
-1.86099e-08
0.0051948
-1.13528e-08
0.00519481
-6.82001e-09
0.00519481
-3.94406e-09
0.00519481
-2.67463e-09
0.00519481
-1.65175e-09
0.00519481
-1.52775e-09
0.00519481
-1.7685e-09
0.00519481
-1.76243e-09
0.00519481
-1.22427e-09
0.00519481
-9.8389e-10
0.00519481
-2.96801e-10
0.00519481
2.05882e-10
0.00519481
7.68329e-10
0.00519481
1.78232e-10
0.00519481
3.57209e-10
0.00519481
3.36283e-10
0.00519481
7.7369e-10
0.00519481
7.6408e-10
0.00519481
5.59414e-10
0.00519481
-2.38095e-10
0.00519481
-6.28835e-10
0.00519481
-1.84552e-09
0.00519481
-2.47633e-09
0.00519481
-2.76853e-09
0.00519481
-2.21209e-09
0.00519481
-2.24257e-09
0.00519481
-1.40758e-09
0.00519481
-1.28781e-09
0.00519481
-9.89004e-10
0.00519481
-7.54475e-10
0.00519481
1.05274e-10
0.00519481
7.54954e-10
0.00519481
1.32349e-09
0.00519481
1.31502e-09
0.00519481
1.531e-09
0.00519481
1.10527e-09
0.00519481
1.01665e-09
0.00519481
6.28931e-10
0.00519481
8.83501e-10
0.00519481
6.61929e-10
0.00519481
5.68747e-10
0.00519481
-3.10691e-11
0.00519481
-3.81359e-10
0.00519481
-8.88894e-10
0.00519481
-8.78577e-10
0.00519481
-1.03527e-09
0.00519481
-6.47359e-10
0.00519481
-4.6653e-10
0.00519481
-2.00407e-10
0.00519481
-1.27371e-10
0.00519481
2.19659e-10
0.00519481
-1.23737e-11
0.00519481
-2.95468e-10
0.00519481
-9.78078e-10
0.00519481
-1.60232e-09
0.00519481
-2.68373e-09
0.00519481
-4.32509e-09
0.00519481
-7.19971e-09
0.00519481
-1.12256e-08
0.00519482
-1.7801e-08
0.00519483
-2.75164e-08
0.00519483
-4.21498e-08
0.00519485
-6.34876e-08
0.00519487
-9.59441e-08
0.0051949
-1.43239e-07
0.00519495
-2.24148e-07
0.00519503
-3.4629e-07
0.00519517
-6.18325e-07
0.0051954
-1.05423e-06
0.005196
-2.72122e-06
0.00519751
-6.6596e-06
0.00520274
-2.26825e-05
-4.4209e-05
0.00510776
-0.000513066
0.00516852
-0.000316642
0.00518546
-9.32408e-05
0.00518624
-3.70912e-06
0.00518533
5.33287e-06
0.00518596
-3.00008e-06
0.00518712
-6.33328e-06
0.0051885
-7.62193e-06
0.00518972
-6.83976e-06
0.0051908
-6.03327e-06
0.0051917
-5.03451e-06
0.00519243
-4.17431e-06
0.00519302
-3.36455e-06
0.00519349
-2.66966e-06
0.00519385
-2.07201e-06
0.00519412
-1.57446e-06
0.00519433
-1.17866e-06
0.00519447
-8.68064e-07
0.00519458
-6.17688e-07
0.00519465
-4.3056e-07
0.00519471
-3.00766e-07
0.00519474
-2.08021e-07
0.00519476
-1.40115e-07
0.00519478
-9.0191e-08
0.00519479
-5.70865e-08
0.0051948
-3.56977e-08
0.0051948
-2.30065e-08
0.0051948
-1.43182e-08
0.00519481
-8.7563e-09
0.00519481
-5.1241e-09
0.00519481
-3.40775e-09
0.00519481
-2.28114e-09
0.00519481
-2.05446e-09
0.00519481
-2.17849e-09
0.00519481
-2.08654e-09
0.00519481
-1.3474e-09
0.00519481
-1.02581e-09
0.00519481
-4.31835e-10
0.00519481
5.54339e-11
0.00519481
6.95324e-10
0.00519481
1.96352e-10
0.00519481
3.45536e-10
0.00519481
3.62068e-10
0.00519481
8.31789e-10
0.00519481
8.9528e-10
0.00519481
7.00356e-10
0.00519481
-2.22264e-10
0.00519481
-6.59689e-10
0.00519481
-1.83748e-09
0.00519481
-2.5335e-09
0.00519481
-2.8232e-09
0.00519481
-2.20485e-09
0.00519481
-2.20834e-09
0.00519481
-1.37253e-09
0.00519481
-1.17173e-09
0.00519481
-8.38701e-10
0.00519481
-5.95283e-10
0.00519481
2.21557e-10
0.00519481
8.35135e-10
0.00519481
1.34325e-09
0.00519481
1.26566e-09
0.00519481
1.41191e-09
0.00519481
9.99628e-10
0.00519481
9.67114e-10
0.00519481
6.18691e-10
0.00519481
8.78458e-10
0.00519481
6.98663e-10
0.00519481
6.06354e-10
0.00519481
-3.46989e-11
0.00519481
-4.52591e-10
0.00519481
-9.50708e-10
0.00519481
-9.2365e-10
0.00519481
-1.062e-09
0.00519481
-6.59825e-10
0.00519481
-4.51831e-10
0.00519481
-1.66697e-10
0.00519481
-8.38665e-11
0.00519481
2.42416e-10
0.00519481
-2.29385e-11
0.00519481
-3.98363e-10
0.00519481
-1.2027e-09
0.00519481
-1.98229e-09
0.00519481
-3.30155e-09
0.00519481
-5.34839e-09
0.00519481
-8.79274e-09
0.00519481
-1.36928e-08
0.00519482
-2.16474e-08
0.00519482
-3.34372e-08
0.00519483
-5.1139e-08
0.00519484
-7.68923e-08
0.00519486
-1.15783e-07
0.00519489
-1.72224e-07
0.00519494
-2.6826e-07
0.005195
-4.12306e-07
0.00519512
-7.32692e-07
0.00519531
-1.24852e-06
0.00519583
-3.24381e-06
0.00519718
-8.00512e-06
0.0052019
-2.73988e-05
-5.35444e-05
0.00511226
-0.000625321
0.00517072
-0.000375106
0.0051862
-0.000108726
0.00518703
-4.53048e-06
0.00518623
6.12815e-06
0.00518687
-3.6418e-06
0.00518793
-7.39044e-06
0.00518919
-8.88183e-06
0.00519029
-7.94685e-06
0.00519126
-7.0034e-06
0.00519206
-5.83463e-06
0.00519272
-4.83169e-06
0.00519325
-3.88925e-06
0.00519366
-3.08189e-06
0.00519398
-2.38896e-06
0.00519421
-1.8141e-06
0.00519439
-1.3552e-06
0.00519452
-9.9568e-07
0.00519461
-7.08891e-07
0.00519468
-4.94577e-07
0.00519472
-3.44677e-07
0.00519475
-2.37797e-07
0.00519477
-1.60135e-07
0.00519478
-1.03673e-07
0.00519479
-6.61459e-08
0.0051948
-4.15884e-08
0.0051948
-2.67736e-08
0.0051948
-1.68282e-08
0.00519481
-1.04118e-08
0.00519481
-6.13784e-09
0.00519481
-3.98266e-09
0.00519481
-2.77771e-09
0.00519481
-2.47179e-09
0.00519481
-2.50838e-09
0.00519481
-2.38108e-09
0.00519481
-1.49123e-09
0.00519481
-1.06374e-09
0.00519481
-5.4457e-10
0.00519481
-1.08316e-10
0.00519481
5.90991e-10
0.00519481
2.17077e-10
0.00519481
3.49728e-10
0.00519481
4.06492e-10
0.00519481
8.82517e-10
0.00519481
9.95997e-10
0.00519481
8.2185e-10
0.00519481
-2.0777e-10
0.00519481
-7.21016e-10
0.00519481
-1.83917e-09
0.00519481
-2.57194e-09
0.00519481
-2.85339e-09
0.00519481
-2.17374e-09
0.00519481
-2.13905e-09
0.00519481
-1.31768e-09
0.00519481
-1.03633e-09
0.00519481
-6.75426e-10
0.0051948
-4.29041e-10
0.0051948
3.3059e-10
0.0051948
8.99564e-10
0.0051948
1.34225e-09
0.0051948
1.20887e-09
0.0051948
1.28821e-09
0.0051948
8.8352e-10
0.0051948
9.06831e-10
0.0051948
6.17341e-10
0.0051948
8.75692e-10
0.0051948
7.2127e-10
0.0051948
6.2788e-10
0.0051948
-2.90631e-11
0.0051948
-5.09738e-10
0.0051948
-9.97825e-10
0.0051948
-9.50789e-10
0.0051948
-1.0674e-09
0.0051948
-6.60005e-10
0.0051948
-4.28629e-10
0.0051948
-1.35239e-10
0.0051948
-4.57315e-11
0.0051948
2.59911e-10
0.0051948
-2.68396e-11
0.0051948
-4.82447e-10
0.0051948
-1.39409e-09
0.0051948
-2.31e-09
0.00519481
-3.82781e-09
0.00519481
-6.22786e-09
0.00519481
-1.01695e-08
0.00519481
-1.58293e-08
0.00519481
-2.49861e-08
0.00519482
-3.8589e-08
0.00519483
-5.8961e-08
0.00519484
-8.85453e-08
0.00519485
-1.32919e-07
0.00519488
-1.96947e-07
0.00519492
-3.05071e-07
0.00519497
-4.65852e-07
0.00519506
-8.226e-07
0.00519521
-1.40027e-06
0.00519564
-3.66732e-06
0.00519678
-9.14667e-06
0.00520087
-3.14898e-05
-6.17421e-05
0.00511787
-0.00074319
0.0051734
-0.000430636
0.00518712
-0.000122448
0.00518798
-5.39257e-06
0.00518731
6.79723e-06
0.00518796
-4.28732e-06
0.00518889
-8.3262e-06
0.00519001
-9.99398e-06
0.00519097
-8.91056e-06
0.00519181
-7.84464e-06
0.0051925
-6.52308e-06
0.00519306
-5.39426e-06
0.0051935
-4.33534e-06
0.00519385
-3.4304e-06
0.00519412
-2.65541e-06
0.00519432
-2.01448e-06
0.00519447
-1.50188e-06
0.00519457
-1.10097e-06
0.00519465
-7.83756e-07
0.0051947
-5.46973e-07
0.00519473
-3.80424e-07
0.00519476
-2.61858e-07
0.00519478
-1.76268e-07
0.00519479
-1.14563e-07
0.00519479
-7.35088e-08
0.0051948
-4.64017e-08
0.0051948
-2.98224e-08
0.0051948
-1.88088e-08
0.0051948
-1.17186e-08
0.0051948
-6.95971e-09
0.00519481
-4.40912e-09
0.00519481
-3.13939e-09
0.00519481
-2.77021e-09
0.00519481
-2.74175e-09
0.00519481
-2.62531e-09
0.00519481
-1.64801e-09
0.0051948
-1.10993e-09
0.0051948
-6.27553e-10
0.0051948
-2.6731e-10
0.0051948
4.62864e-10
0.0051948
2.32086e-10
0.0051948
3.65449e-10
0.0051948
4.63637e-10
0.0051948
9.27913e-10
0.0051948
1.06096e-09
0.0051948
9.13642e-10
0.0051948
-1.94657e-10
0.0051948
-7.97914e-10
0.0051948
-1.84572e-09
0.0051948
-2.58325e-09
0.0051948
-2.85397e-09
0.0051948
-2.11656e-09
0.0051948
-2.03543e-09
0.0051948
-1.24487e-09
0.0051948
-8.90253e-10
0.0051948
-5.04234e-10
0.0051948
-2.65402e-10
0.0051948
4.29698e-10
0.0051948
9.45886e-10
0.0051948
1.32088e-09
0.0051948
1.1409e-09
0.0051948
1.16401e-09
0.0051948
7.60468e-10
0.0051948
8.36718e-10
0.0051948
6.19346e-10
0.0051948
8.75957e-10
0.0051948
7.31038e-10
0.0051948
6.31958e-10
0.0051948
-1.80959e-11
0.0051948
-5.46283e-10
0.0051948
-1.02621e-09
0.0051948
-9.57764e-10
0.0051948
-1.05212e-09
0.0051948
-6.47764e-10
0.0051948
-3.98967e-10
0.0051948
-1.0567e-10
0.0051948
-1.56192e-11
0.0051948
2.69561e-10
0.0051948
-2.70304e-11
0.0051948
-5.46294e-10
0.0051948
-1.54847e-09
0.0051948
-2.57869e-09
0.0051948
-4.25322e-09
0.0051948
-6.93898e-09
0.0051948
-1.12913e-08
0.00519481
-1.75793e-08
0.00519481
-2.77298e-08
0.00519481
-4.28404e-08
0.00519482
-6.54207e-08
0.00519483
-9.81538e-08
0.00519484
-1.46931e-07
0.00519486
-2.168e-07
0.00519489
-3.33622e-07
0.00519493
-5.05418e-07
0.00519499
-8.8518e-07
0.0051951
-1.50427e-06
0.00519541
-3.97781e-06
0.00519631
-1.00522e-05
0.00519967
-3.48417e-05
-6.85818e-05
0.00512474
-0.000867929
0.00517659
-0.000482487
0.00518822
-0.000134076
0.00518912
-6.29674e-06
0.00518858
7.33567e-06
0.00518922
-4.92243e-06
0.00519001
-9.11583e-06
0.00519095
-1.09312e-05
0.00519174
-9.70652e-06
0.00519243
-8.53561e-06
0.00519299
-7.08197e-06
0.00519344
-5.84729e-06
0.0051938
-4.69098e-06
0.00519407
-3.70576e-06
0.00519428
-2.86405e-06
0.00519443
-2.17004e-06
0.00519455
-1.61457e-06
0.00519463
-1.18095e-06
0.00519468
-8.40139e-07
0.00519472
-5.86204e-07
0.00519475
-4.0697e-07
0.00519477
-2.795e-07
0.00519478
-1.88009e-07
0.00519479
-1.22507e-07
0.00519479
-7.89198e-08
0.0051948
-4.99641e-08
0.0051948
-3.20639e-08
0.0051948
-2.02065e-08
0.0051948
-1.26222e-08
0.0051948
-7.56111e-09
0.0051948
-4.70326e-09
0.0051948
-3.38044e-09
0.0051948
-2.95799e-09
0.0051948
-2.87561e-09
0.0051948
-2.80417e-09
0.0051948
-1.80303e-09
0.0051948
-1.17413e-09
0.0051948
-6.81403e-10
0.0051948
-4.07091e-10
0.0051948
3.23634e-10
0.0051948
2.34811e-10
0.0051948
3.88342e-10
0.0051948
5.26805e-10
0.0051948
9.70298e-10
0.0051948
1.09133e-09
0.0051948
9.72629e-10
0.0051948
-1.81968e-10
0.0051948
-8.73431e-10
0.0051948
-1.84971e-09
0.0051948
-2.55809e-09
0.0051948
-2.8212e-09
0.0051948
-2.02991e-09
0.0051948
-1.89954e-09
0.0051948
-1.15455e-09
0.0051948
-7.4219e-10
0.0051948
-3.30537e-10
0.0051948
-1.11232e-10
0.0051948
5.15656e-10
0.0051948
9.71773e-10
0.0051948
1.28215e-09
0.0051948
1.05892e-09
0.0051948
1.04343e-09
0.0051948
6.34809e-10
0.0051948
7.57493e-10
0.0051948
6.16987e-10
0.0051948
8.76697e-10
0.0051948
7.27473e-10
0.0051948
6.17084e-10
0.0051948
-9.52118e-12
0.0051948
-5.62219e-10
0.0051948
-1.03597e-09
0.0051948
-9.44372e-10
0.0051948
-1.01907e-09
0.0051948
-6.23365e-10
0.0051948
-3.65055e-10
0.0051948
-7.69743e-11
0.0051948
4.67521e-12
0.0051948
2.68803e-10
0.0051948
-2.73596e-11
0.0051948
-5.88643e-10
0.0051948
-1.66204e-09
0.0051948
-2.78055e-09
0.0051948
-4.57017e-09
0.0051948
-7.46126e-09
0.0051948
-1.21228e-08
0.0051948
-1.88919e-08
0.0051948
-2.97999e-08
0.00519481
-4.6072e-08
0.00519481
-7.03435e-08
0.00519482
-1.05459e-07
0.00519483
-1.57457e-07
0.00519484
-2.31286e-07
0.00519486
-3.53205e-07
0.00519489
-5.29983e-07
0.00519492
-9.18598e-07
0.00519497
-1.55709e-06
0.00519516
-4.16459e-06
0.0051958
-1.06946e-05
0.00519831
-3.7348e-05
-7.38484e-05
0.00513304
-0.00100097
0.00518032
-0.000529768
0.00518951
-0.000143263
0.00519045
-7.238e-06
0.00519004
7.74539e-06
0.00519065
-5.52661e-06
0.00519126
-9.73303e-06
0.005192
-1.16653e-05
0.0051926
-1.03102e-05
0.00519312
-9.05504e-06
0.00519353
-7.4939e-06
0.00519386
-6.17659e-06
0.00519411
-4.94502e-06
0.00519431
-3.89928e-06
0.00519445
-3.0082e-06
0.00519455
-2.27579e-06
0.00519463
-1.68958e-06
0.00519468
-1.23299e-06
0.00519472
-8.76209e-07
0.00519474
-6.10961e-07
0.00519476
-4.23434e-07
0.00519477
-2.90152e-07
0.00519478
-1.9495e-07
0.00519478
-1.27214e-07
0.00519479
-8.21701e-08
0.00519479
-5.21296e-08
0.00519479
-3.34256e-08
0.00519479
-2.09982e-08
0.00519479
-1.30961e-08
0.00519479
-7.91772e-09
0.00519479
-4.8833e-09
0.00519479
-3.52566e-09
0.00519479
-3.0592e-09
0.00519479
-2.92047e-09
0.00519479
-2.91083e-09
0.00519479
-1.9379e-09
0.00519479
-1.25897e-09
0.00519479
-7.1261e-10
0.00519479
-5.17719e-10
0.00519479
1.88542e-10
0.00519479
2.24541e-10
0.00519479
4.13489e-10
0.00519479
5.90581e-10
0.00519479
1.01503e-09
0.00519479
1.09359e-09
0.00519479
1.00046e-09
0.00519479
-1.68708e-10
0.00519479
-9.33544e-10
0.00519479
-1.84227e-09
0.00519479
-2.48484e-09
0.00519479
-2.75135e-09
0.00519479
-1.91244e-09
0.00519479
-1.73712e-09
0.00519479
-1.05011e-09
0.00519479
-6.04936e-10
0.00519479
-1.62322e-10
0.00519479
2.88677e-11
0.00519479
5.85078e-10
0.00519479
9.7513e-10
0.00519479
1.23036e-09
0.00519479
9.6298e-10
0.00519479
9.27756e-10
0.00519479
5.11123e-10
0.00519479
6.69433e-10
0.00519479
6.01972e-10
0.00519479
8.75221e-10
0.00519479
7.07851e-10
0.00519479
5.8576e-10
0.00519479
-1.21287e-11
0.00519479
-5.60972e-10
0.00519479
-1.02827e-09
0.00519479
-9.09439e-10
0.00519479
-9.72338e-10
0.00519479
-5.90007e-10
0.00519479
-3.31952e-10
0.00519479
-4.95835e-11
0.00519479
1.32239e-11
0.00519479
2.55881e-10
0.00519479
-3.09655e-11
0.00519479
-6.09211e-10
0.00519479
-1.73282e-09
0.00519479
-2.90889e-09
0.00519479
-4.77062e-09
0.00519479
-7.77796e-09
0.00519479
-1.26338e-08
0.00519479
-1.97224e-08
0.00519479
-3.11296e-08
0.00519479
-4.81806e-08
0.0051948
-7.35794e-08
0.0051948
-1.10242e-07
0.00519481
-1.64196e-07
0.00519482
-2.40035e-07
0.00519483
-3.6338e-07
0.00519483
-5.39058e-07
0.00519484
-9.22172e-07
0.00519484
-1.55726e-06
0.00519489
-4.22082e-06
0.00519525
-1.10523e-05
0.00519682
-3.89116e-05
-7.73337e-05
0.005143
-0.00114397
0.00518463
-0.000571399
0.005191
-0.000149632
0.00519196
-8.20121e-06
0.00519167
8.0341e-06
0.00519222
-6.07261e-06
0.00519264
-1.01501e-05
0.00519314
-1.2167e-05
0.00519353
-1.06969e-05
0.00519385
-9.382e-06
0.0051941
-7.74219e-06
0.00519429
-6.36886e-06
0.00519443
-5.08725e-06
0.00519454
-4.00322e-06
0.00519461
-3.08208e-06
0.00519466
-2.3275e-06
0.0051947
-1.72394e-06
0.00519472
-1.25503e-06
0.00519474
-8.90587e-07
0.00519475
-6.20297e-07
0.00519475
-4.2917e-07
0.00519475
-2.93424e-07
0.00519476
-1.9684e-07
0.00519476
-1.28507e-07
0.00519476
-8.31389e-08
0.00519476
-5.28166e-08
0.00519476
-3.38697e-08
0.00519476
-2.11944e-08
0.00519476
-1.31477e-08
0.00519476
-8.01287e-09
0.00519476
-4.96368e-09
0.00519476
-3.59873e-09
0.00519476
-3.10171e-09
0.00519476
-2.89446e-09
0.00519476
-2.94439e-09
0.00519476
-2.03541e-09
0.00519476
-1.35378e-09
0.00519476
-7.31116e-10
0.00519476
-5.94592e-10
0.00519476
7.42971e-11
0.00519476
2.01877e-10
0.00519476
4.40527e-10
0.00519476
6.46778e-10
0.00519476
1.06283e-09
0.00519476
1.07549e-09
0.00519476
1.00244e-09
0.00519476
-1.51747e-10
0.00519476
-9.65003e-10
0.00519476
-1.81231e-09
0.00519476
-2.36179e-09
0.00519476
-2.64087e-09
0.00519476
-1.76711e-09
0.00519476
-1.55212e-09
0.00519476
-9.30313e-10
0.00519476
-4.85114e-10
0.00519476
-4.28124e-12
0.00519476
1.52149e-10
0.00519476
6.34933e-10
0.00519476
9.54435e-10
0.00519476
1.16628e-09
0.00519476
8.53548e-10
0.00519476
8.18943e-10
0.00519476
3.95062e-10
0.00519476
5.78965e-10
0.00519476
5.68722e-10
0.00519476
8.65829e-10
0.00519476
6.72201e-10
0.00519476
5.39702e-10
0.00519476
-2.96317e-11
0.00519476
-5.47138e-10
0.00519476
-1.00645e-09
0.00519476
-8.5631e-10
0.00519476
-9.1495e-10
0.00519476
-5.51464e-10
0.00519476
-3.036e-10
0.00519476
-2.15145e-11
0.00519476
1.01758e-11
0.00519476
2.30582e-10
0.00519476
-4.03588e-11
0.00519476
-6.0851e-10
0.00519476
-1.75516e-09
0.00519476
-2.95407e-09
0.00519476
-4.8489e-09
0.00519476
-7.8796e-09
0.00519476
-1.28032e-08
0.00519476
-2.00381e-08
0.00519476
-3.16694e-08
0.00519476
-4.90855e-08
0.00519476
-7.50083e-08
0.00519476
-1.1233e-07
0.00519476
-1.66922e-07
0.00519477
-2.42805e-07
0.00519477
-3.6398e-07
0.00519476
-5.32716e-07
0.00519474
-8.96461e-07
0.00519468
-1.50549e-06
0.00519461
-4.14412e-06
0.00519466
-1.111e-05
0.0051952
-3.9448e-05
-7.88388e-05
0.00515488
-0.00129885
0.00518952
-0.000606044
0.00519267
-0.000152775
0.00519362
-9.15616e-06
0.00519344
8.21371e-06
0.0051939
-6.52635e-06
0.00519409
-1.03382e-05
0.00519432
-1.24057e-05
0.00519447
-1.08426e-05
0.00519458
-9.49615e-06
0.00519465
-7.81116e-06
0.0051947
-6.41195e-06
0.00519472
-5.1087e-06
0.00519473
-4.01104e-06
0.00519473
-3.08101e-06
0.00519472
-2.32194e-06
0.00519471
-1.71548e-06
0.0051947
-1.24569e-06
0.0051947
-8.82424e-07
0.00519469
-6.13691e-07
0.00519468
-4.23836e-07
0.00519468
-2.89139e-07
0.00519468
-1.93605e-07
0.00519468
-1.26342e-07
0.00519467
-8.18096e-08
0.00519467
-5.20229e-08
0.00519467
-3.33979e-08
0.00519467
-2.08336e-08
0.00519467
-1.2815e-08
0.00519467
-7.8452e-09
0.00519467
-4.93711e-09
0.00519467
-3.60593e-09
0.00519467
-3.10047e-09
0.00519467
-2.81306e-09
0.00519467
-2.90773e-09
0.00519467
-2.07563e-09
0.00519467
-1.43925e-09
0.00519467
-7.41824e-10
0.00519467
-6.33744e-10
0.00519467
-1.22389e-11
0.00519467
1.77409e-10
0.00519467
4.68987e-10
0.00519467
6.87023e-10
0.00519467
1.1066e-09
0.00519467
1.03726e-09
0.00519467
9.81836e-10
0.00519467
-1.32318e-10
0.00519467
-9.53489e-10
0.00519467
-1.7574e-09
0.00519467
-2.19208e-09
0.00519467
-2.49419e-09
0.00519467
-1.60642e-09
0.00519467
-1.35554e-09
0.00519467
-8.00864e-10
0.00519467
-3.81556e-10
0.00519467
1.35187e-10
0.00519467
2.55174e-10
0.00519467
6.69143e-10
0.00519467
9.06109e-10
0.00519467
1.08643e-09
0.00519467
7.33218e-10
0.00519467
7.13024e-10
0.00519467
2.961e-10
0.00519467
4.94121e-10
0.00519467
5.19983e-10
0.00519467
8.4352e-10
0.00519467
6.25233e-10
0.00519467
4.82167e-10
0.00519467
-5.58834e-11
0.00519467
-5.22891e-10
0.00519467
-9.71677e-10
0.00519467
-7.90352e-10
0.00519467
-8.5167e-10
0.00519467
-5.14986e-10
0.00519467
-2.81492e-10
0.00519467
3.67208e-12
0.00519467
2.30932e-13
0.00519467
1.93607e-10
0.00519467
-6.15558e-11
0.00519467
-5.85001e-10
0.00519467
-1.72031e-09
0.00519467
-2.90948e-09
0.00519467
-4.79646e-09
0.00519467
-7.76237e-09
0.00519467
-1.26205e-08
0.00519467
-1.98284e-08
0.00519467
-3.13927e-08
0.00519467
-4.87348e-08
0.00519466
-7.45448e-08
0.00519466
-1.11601e-07
0.00519466
-1.65483e-07
0.00519466
-2.39485e-07
0.00519465
-3.55114e-07
0.00519463
-5.11591e-07
0.00519458
-8.43316e-07
0.00519448
-1.4049e-06
0.00519427
-3.93719e-06
0.00519402
-1.08598e-05
0.00519346
-3.88883e-05
-7.81772e-05
0.00516897
-0.00146782
0.00519496
-0.000632028
0.00519442
-0.000152239
0.00519531
-1.00511e-05
0.00519523
8.29704e-06
0.00519555
-6.84715e-06
0.00519548
-1.02681e-05
0.00519543
-1.23503e-05
0.00519531
-1.0723e-05
0.00519519
-9.37787e-06
0.00519506
-7.68632e-06
0.00519495
-6.29506e-06
0.00519484
-5.00174e-06
0.00519475
-3.91752e-06
0.00519467
-3.00151e-06
0.0051946
-2.25687e-06
0.00519455
-1.66289e-06
0.00519451
-1.20425e-06
0.00519448
-8.51389e-07
0.00519446
-5.91035e-07
0.00519444
-4.07391e-07
0.00519443
-2.77308e-07
0.00519442
-1.85316e-07
0.00519442
-1.208e-07
0.00519441
-7.82538e-08
0.00519441
-4.9814e-08
0.00519441
-3.20419e-08
0.00519441
-1.99641e-08
0.00519441
-1.21372e-08
0.00519441
-7.42781e-09
0.00519441
-4.75714e-09
0.00519441
-3.53158e-09
0.00519441
-3.04816e-09
0.00519441
-2.6802e-09
0.00519441
-2.79562e-09
0.00519441
-2.04669e-09
0.00519441
-1.49308e-09
0.00519441
-7.43481e-10
0.00519441
-6.40826e-10
0.00519441
-6.40582e-11
0.00519441
1.47651e-10
0.00519441
4.91104e-10
0.00519441
7.01549e-10
0.00519441
1.13339e-09
0.00519441
9.88236e-10
0.00519441
9.371e-10
0.0051944
-1.16639e-10
0.0051944
-9.06978e-10
0.0051944
-1.66754e-09
0.0051944
-1.98115e-09
0.0051944
-2.30807e-09
0.0051944
-1.43507e-09
0.0051944
-1.15685e-09
0.0051944
-6.61981e-10
0.0051944
-2.96538e-10
0.0051944
2.44608e-10
0.0051944
3.34868e-10
0.0051944
6.82303e-10
0.0051944
8.34993e-10
0.0051944
9.92136e-10
0.0051944
6.08058e-10
0.0051944
6.10318e-10
0.0051944
2.12269e-10
0.0051944
4.21226e-10
0.0051944
4.62678e-10
0.0051944
8.0534e-10
0.0051944
5.71314e-10
0.0051944
4.19498e-10
0.0051944
-8.93541e-11
0.0051944
-4.86643e-10
0.0051944
-9.18637e-10
0.0051944
-7.1216e-10
0.0051944
-7.79278e-10
0.0051944
-4.76033e-10
0.0051944
-2.70554e-10
0.0051944
2.2677e-11
0.0051944
-1.41398e-11
0.0051944
1.5e-10
0.0051944
-8.37307e-11
0.0051944
-5.42271e-10
0.0051944
-1.63268e-09
0.0051944
-2.77006e-09
0.0051944
-4.59199e-09
0.0051944
-7.42671e-09
0.0051944
-1.20909e-08
0.0051944
-1.90938e-08
0.0051944
-3.02962e-08
0.0051944
-4.7115e-08
0.00519439
-7.2139e-08
0.00519439
-1.07987e-07
0.00519439
-1.59809e-07
0.00519438
-2.30091e-07
0.00519436
-3.37148e-07
0.00519432
-4.76854e-07
0.00519425
-7.6589e-07
0.0051941
-1.26106e-06
0.00519377
-3.60838e-06
0.00519321
-1.03016e-05
0.00519151
-3.71852e-05
-7.51802e-05
0.00518548
-0.0016533
0.00520065
-0.000647195
0.00519592
-0.000147513
0.00519668
-1.08059e-05
0.00519668
8.29206e-06
0.00519682
-6.98862e-06
0.00519646
-9.91072e-06
0.00519608
-1.19684e-05
0.00519567
-1.03146e-05
0.00519531
-9.00834e-06
0.00519497
-7.35437e-06
0.00519469
-6.00873e-06
0.00519444
-4.76009e-06
0.00519425
-3.71869e-06
0.00519409
-2.84122e-06
0.00519396
-2.13099e-06
0.00519386
-1.56563e-06
0.00519379
-1.1306e-06
0.00519374
-7.97594e-07
0.0051937
-5.52566e-07
0.00519367
-3.80066e-07
0.00519365
-2.58115e-07
0.00519364
-1.72158e-07
0.00519363
-1.1207e-07
0.00519362
-7.26011e-08
0.00519362
-4.62888e-08
0.00519362
-2.98513e-08
0.00519362
-1.85433e-08
0.00519362
-1.11564e-08
0.00519361
-6.77127e-09
0.00519361
-4.41858e-09
0.00519361
-3.34516e-09
0.00519361
-2.91921e-09
0.00519361
-2.4865e-09
0.00519361
-2.60497e-09
0.00519361
-1.93552e-09
0.00519361
-1.4922e-09
0.00519361
-7.31332e-10
0.00519361
-6.19023e-10
0.00519361
-8.83499e-11
0.00519361
1.08029e-10
0.00519361
4.94446e-10
0.00519361
6.75305e-10
0.00519361
1.11938e-09
0.00519361
9.24622e-10
0.00519361
8.69492e-10
0.00519361
-1.11774e-10
0.00519361
-8.30228e-10
0.00519361
-1.54287e-09
0.00519361
-1.74194e-09
0.00519361
-2.08565e-09
0.00519361
-1.25907e-09
0.00519361
-9.66062e-10
0.00519361
-5.21083e-10
0.00519361
-2.25713e-10
0.00519361
3.16153e-10
0.00519361
3.83603e-10
0.00519361
6.71994e-10
0.00519361
7.44432e-10
0.00519361
8.82327e-10
0.00519361
4.85817e-10
0.00519361
5.13027e-10
0.00519361
1.42353e-10
0.00519361
3.61568e-10
0.00519361
4.04175e-10
0.00519361
7.49075e-10
0.00519361
5.12288e-10
0.00519361
3.62095e-10
0.00519361
-1.2134e-10
0.00519361
-4.38558e-10
0.00519361
-8.42493e-10
0.00519361
-6.22586e-10
0.00519361
-6.95983e-10
0.00519361
-4.28828e-10
0.00519361
-2.65779e-10
0.00519361
3.25914e-11
0.00519361
-3.00358e-11
0.00519361
1.04649e-10
0.00519361
-1.0113e-10
0.00519361
-4.77249e-10
0.00519361
-1.49329e-09
0.00519361
-2.54147e-09
0.00519361
-4.25364e-09
0.00519361
-6.88569e-09
0.00519361
-1.12254e-08
0.00519361
-1.7783e-08
0.0051936
-2.83828e-08
0.0051936
-4.42444e-08
0.0051936
-6.77763e-08
0.00519359
-1.01481e-07
0.00519358
-1.49911e-07
0.00519356
-2.1475e-07
0.00519354
-3.10674e-07
0.00519349
-4.30185e-07
0.00519339
-6.68619e-07
0.00519322
-1.08221e-06
0.00519278
-3.17231e-06
0.00519192
-9.44414e-06
0.00518906
-3.43202e-05
-6.97072e-05
0.00520414
-0.00185744
0.00520562
-0.000648674
0.00519612
-0.00013802
0.00519662
-1.13058e-05
0.00519672
8.19203e-06
0.00519664
-6.90077e-06
0.00519596
-9.23864e-06
0.00519522
-1.12272e-05
0.0051945
-9.59474e-06
0.00519386
-8.36986e-06
0.00519331
-6.80348e-06
0.00519285
-5.545e-06
0.00519247
-4.37892e-06
0.00519216
-3.41199e-06
0.00519192
-2.59895e-06
0.00519173
-1.9439e-06
0.00519159
-1.42386e-06
0.00519148
-1.02516e-06
0.00519141
-7.21518e-07
0.00519135
-4.98826e-07
0.00519132
-3.42389e-07
0.00519129
-2.31972e-07
0.00519127
-1.54451e-07
0.00519126
-1.00392e-07
0.00519125
-6.5029e-08
0.00519125
-4.14316e-08
0.00519124
-2.68228e-08
0.00519124
-1.66546e-08
0.00519124
-9.90991e-09
0.00519124
-5.92119e-09
0.00519124
-3.91543e-09
0.00519124
-3.02863e-09
0.00519124
-2.68797e-09
0.00519124
-2.21921e-09
0.00519124
-2.33583e-09
0.00519124
-1.73618e-09
0.00519124
-1.42366e-09
0.00519124
-6.98426e-10
0.00519124
-5.76362e-10
0.00519124
-9.69542e-11
0.00519124
5.41017e-11
0.00519124
4.69989e-10
0.00519124
6.0166e-10
0.00519124
1.03853e-09
0.00519124
8.37325e-10
0.00519124
7.81029e-10
0.00519124
-1.17294e-10
0.00519124
-7.26581e-10
0.00519124
-1.37876e-09
0.00519124
-1.47978e-09
0.00519124
-1.82971e-09
0.00519124
-1.07762e-09
0.00519123
-7.89553e-10
0.00519123
-3.90073e-10
0.00519123
-1.67085e-10
0.00519123
3.45911e-10
0.00519123
3.93858e-10
0.00519123
6.38939e-10
0.00519123
6.39011e-10
0.00519123
7.59586e-10
0.00519123
3.70568e-10
0.00519123
4.26283e-10
0.00519123
8.42444e-11
0.00519123
3.10631e-10
0.00519123
3.46829e-10
0.00519123
6.71881e-10
0.00519123
4.43794e-10
0.00519123
3.15914e-10
0.00519123
-1.39364e-10
0.00519123
-3.76884e-10
0.00519123
-7.3795e-10
0.00519123
-5.18169e-10
0.00519123
-6.00113e-10
0.00519123
-3.65018e-10
0.00519123
-2.55779e-10
0.00519123
3.42857e-11
0.00519123
-4.38666e-11
0.00519123
6.13452e-11
0.00519123
-1.11297e-10
0.00519123
-3.87692e-10
0.00519123
-1.30691e-09
0.00519123
-2.23914e-09
0.00519123
-3.78983e-09
0.00519123
-6.15157e-09
0.00519123
-1.00434e-08
0.00519123
-1.59733e-08
0.00519123
-2.5658e-08
0.00519122
-4.00305e-08
0.00519122
-6.14988e-08
0.00519121
-9.21247e-08
0.00519119
-1.35879e-07
0.00519117
-1.9368e-07
0.00519114
-2.76444e-07
0.00519108
-3.73703e-07
0.00519097
-5.57083e-07
0.00519077
-8.79322e-07
0.00519024
-2.65101e-06
0.00518911
-8.30606e-06
0.0051851
-3.03159e-05
-6.16628e-05
0.00522288
-0.00208032
0.00520672
-0.000632519
0.00519184
-0.000123139
0.00519193
-1.13981e-05
0.00519217
7.95939e-06
0.0051918
-6.53337e-06
0.00519079
-8.22933e-06
0.00518966
-1.00948e-05
0.00518861
-8.54364e-06
0.00518768
-7.44694e-06
0.0051869
-6.02429e-06
0.00518625
-4.89792e-06
0.00518573
-3.85505e-06
0.00518531
-2.99679e-06
0.00518499
-2.27475e-06
0.00518474
-1.6963e-06
0.00518456
-1.23853e-06
0.00518442
-8.88948e-07
0.00518432
-6.24036e-07
0.00518425
-4.30567e-07
0.00518421
-2.94965e-07
0.00518417
-1.99265e-07
0.00518415
-1.32522e-07
0.00518414
-8.59948e-08
0.00518413
-5.56857e-08
0.00518412
-3.54451e-08
0.00518412
-2.29579e-08
0.00518412
-1.43322e-08
0.00518411
-8.44981e-09
0.00518411
-4.95117e-09
0.00518411
-3.28448e-09
0.00518411
-2.5949e-09
0.00518411
-2.35092e-09
0.00518411
-1.87296e-09
0.00518411
-1.9981e-09
0.00518411
-1.45662e-09
0.00518411
-1.28102e-09
0.00518411
-6.38305e-10
0.00518411
-5.14858e-10
0.00518411
-9.61139e-11
0.00518411
-1.21727e-11
0.00518411
4.15154e-10
0.00518411
4.91752e-10
0.00518411
8.85699e-10
0.00518411
7.20918e-10
0.00518411
6.76854e-10
0.00518411
-1.32036e-10
0.00518411
-6.0477e-10
0.00518411
-1.17741e-09
0.00518411
-1.19637e-09
0.00518411
-1.54232e-09
0.00518411
-8.8651e-10
0.00518411
-6.25317e-10
0.00518411
-2.8118e-10
0.00518411
-1.26254e-10
0.00518411
3.34047e-10
0.00518411
3.61057e-10
0.00518411
5.80741e-10
0.00518411
5.26051e-10
0.00518411
6.32285e-10
0.00518411
2.66096e-10
0.00518411
3.53742e-10
0.00518411
3.66002e-11
0.00518411
2.61547e-10
0.00518411
2.89911e-10
0.00518411
5.77164e-10
0.00518411
3.60828e-10
0.00518411
2.76481e-10
0.00518411
-1.37079e-10
0.00518411
-3.02526e-10
0.00518411
-6.09262e-10
0.00518411
-3.97564e-10
0.00518411
-4.89265e-10
0.00518411
-2.80153e-10
0.00518411
-2.30145e-10
0.00518411
2.81694e-11
0.00518411
-5.67993e-11
0.00518411
2.67791e-11
0.00518411
-1.11143e-10
0.00518411
-2.80187e-10
0.00518411
-1.08446e-09
0.00518411
-1.88042e-09
0.00518411
-3.21087e-09
0.00518411
-5.23485e-09
0.0051841
-8.57662e-09
0.0051841
-1.36994e-08
0.0051841
-2.21024e-08
0.00518409
-3.46398e-08
0.00518408
-5.33347e-08
0.00518407
-7.99759e-08
0.00518405
-1.17843e-07
0.00518403
-1.67165e-07
0.00518399
-2.35257e-07
0.00518392
-3.09702e-07
0.0051838
-4.37655e-07
0.00518359
-6.65585e-07
0.00518301
-2.07576e-06
0.00518163
-6.91999e-06
0.00517657
-2.52595e-05
-5.102e-05
0.00523368
-0.002314
0.00519439
-0.000593228
0.00517351
-0.000102256
0.00517299
-1.08804e-05
0.00517345
7.50248e-06
0.00517276
-5.8394e-06
0.0051714
-6.87131e-06
0.00516985
-8.54617e-06
0.00516845
-7.14932e-06
0.00516724
-6.23029e-06
0.00516622
-5.01307e-06
0.00516539
-4.06614e-06
0.00516473
-3.18871e-06
0.0051642
-2.47471e-06
0.0051638
-1.87035e-06
0.00516349
-1.39051e-06
0.00516327
-1.0119e-06
0.0051631
-7.24031e-07
0.00516298
-5.06989e-07
0.0051629
-3.48743e-07
0.00516285
-2.38159e-07
0.00516281
-1.60683e-07
0.00516278
-1.06782e-07
0.00516277
-6.91572e-08
0.00516275
-4.47688e-08
0.00516275
-2.84452e-08
0.00516274
-1.84368e-08
0.00516274
-1.16034e-08
0.00516274
-6.81783e-09
0.00516274
-3.93699e-09
0.00516273
-2.59271e-09
0.00516273
-2.08714e-09
0.00516273
-1.93557e-09
0.00516273
-1.46872e-09
0.00516273
-1.61214e-09
0.00516273
-1.126e-09
0.00516273
-1.0652e-09
0.00516273
-5.444e-10
0.00516273
-4.31301e-10
0.00516273
-7.84432e-11
0.00516273
-7.00492e-11
0.00516273
3.40591e-10
0.00516273
3.73689e-10
0.00516273
6.8668e-10
0.00516273
5.81406e-10
0.00516273
5.64514e-10
0.00516273
-1.41938e-10
0.00516273
-4.7174e-10
0.00516273
-9.48434e-10
0.00516273
-8.94037e-10
0.00516273
-1.2239e-09
0.00516273
-6.92916e-10
0.00516273
-4.72404e-10
0.00516273
-2.00422e-10
0.00516273
-1.117e-10
0.00516273
2.80927e-10
0.00516273
2.90513e-10
0.00516273
4.91571e-10
0.00516273
4.06488e-10
0.00516273
5.05502e-10
0.00516273
1.72431e-10
0.00516273
2.897e-10
0.00516273
-2.02508e-12
0.00516273
2.10663e-10
0.00516273
2.32335e-10
0.00516273
4.67943e-10
0.00516273
2.64569e-10
0.00516273
2.34749e-10
0.00516273
-1.16199e-10
0.00516273
-2.20758e-10
0.00516273
-4.70771e-10
0.00516273
-2.72421e-10
0.00516273
-3.67235e-10
0.00516273
-1.81361e-10
0.00516273
-1.87169e-10
0.00516273
1.65442e-11
0.00516273
-7.10476e-11
0.00516273
4.63645e-12
0.00516273
-9.60237e-11
0.00516273
-1.68281e-10
0.00516273
-8.4052e-10
0.00516273
-1.47989e-09
0.00516273
-2.53293e-09
0.00516273
-4.15174e-09
0.00516273
-6.85976e-09
0.00516272
-1.10007e-08
0.00516272
-1.78715e-08
0.00516271
-2.81257e-08
0.0051627
-4.33942e-08
0.00516269
-6.51676e-08
0.00516267
-9.60203e-08
0.00516263
-1.35607e-07
0.00516259
-1.88152e-07
0.00516252
-2.40065e-07
0.0051624
-3.17233e-07
0.00516219
-4.54854e-07
0.0051616
-1.48567e-06
0.00516002
-5.34419e-06
0.00515412
-1.93609e-05
-3.78765e-05
0.00521043
-0.00252443
0.00513985
-0.000522646
0.00511247
-7.48777e-05
0.00511107
-9.4797e-06
0.00511192
6.64862e-06
0.00511086
-4.77877e-06
0.00510917
-5.17912e-06
0.0051072
-6.57968e-06
0.00510547
-5.41919e-06
0.00510397
-4.72806e-06
0.00510274
-3.77978e-06
0.00510173
-3.05994e-06
0.00510093
-2.39002e-06
0.00510031
-1.84817e-06
0.00509983
-1.39286e-06
0.00509947
-1.03211e-06
0.00509921
-7.4836e-07
0.00509902
-5.33714e-07
0.00509888
-3.7267e-07
0.00509879
-2.55574e-07
0.00509873
-1.73999e-07
0.00509868
-1.17179e-07
0.00509865
-7.78435e-08
0.00509864
-5.02809e-08
0.00509862
-3.25451e-08
0.00509861
-2.06376e-08
0.00509861
-1.33602e-08
0.00509861
-8.52396e-09
0.0050986
-5.04727e-09
0.0050986
-2.93284e-09
0.0050986
-1.9122e-09
0.0050986
-1.56428e-09
0.0050986
-1.49917e-09
0.0050986
-1.06069e-09
0.0050986
-1.19739e-09
0.0050986
-7.82795e-10
0.0050986
-7.8801e-10
0.0050986
-4.06905e-10
0.0050986
-3.15461e-10
0.0050986
-2.53389e-11
0.0050986
-6.83282e-11
0.0050986
2.82224e-10
0.0050986
2.92998e-10
0.0050986
4.99022e-10
0.0050986
4.34841e-10
0.0050986
4.37646e-10
0.0050986
-1.35966e-10
0.0050986
-3.40728e-10
0.0050986
-7.16782e-10
0.0050986
-6.00764e-10
0.0050986
-8.84672e-10
0.0050986
-5.16648e-10
0.0050986
-3.43192e-10
0.0050986
-1.50346e-10
0.0050986
-1.29455e-10
0.0050986
1.76666e-10
0.0050986
1.9356e-10
0.0050986
3.56736e-10
0.0050986
2.62613e-10
0.0050986
3.68795e-10
0.0050986
8.42068e-11
0.0050986
2.1463e-10
0.0050986
-2.64492e-11
0.0050986
1.59617e-10
0.0050986
1.70985e-10
0.0050986
3.52535e-10
0.0050986
1.70776e-10
0.0050986
1.76643e-10
0.0050986
-9.3581e-11
0.0050986
-1.44664e-10
0.0050986
-3.41546e-10
0.0050986
-1.67289e-10
0.0050986
-2.41713e-10
0.0050986
-8.22716e-11
0.0050986
-1.34431e-10
0.0050986
4.53602e-13
0.0050986
-9.08153e-11
0.0050986
-1.34141e-11
0.0050986
-6.44141e-11
0.0050986
-7.40127e-11
0.0050986
-6.01782e-10
0.0050986
-1.05691e-09
0.0050986
-1.78141e-09
0.00509859
-2.94126e-09
0.00509859
-4.95339e-09
0.00509859
-7.97442e-09
0.00509858
-1.30518e-08
0.00509858
-2.06455e-08
0.00509856
-3.19369e-08
0.00509855
-4.80316e-08
0.00509852
-7.08614e-08
0.00509849
-9.97136e-08
0.00509844
-1.36408e-07
0.00509836
-1.68367e-07
0.00509825
-2.03928e-07
0.00509806
-2.66061e-07
0.00509749
-9.11011e-07
0.00509582
-3.68029e-06
0.00508954
-1.30792e-05
-2.27858e-05
0.00507266
-0.00259709
0.00495578
-0.000405765
0.00492273
-4.18246e-05
0.00492015
-6.89913e-06
0.00492166
5.1311e-06
0.00492023
-3.34462e-06
0.00491828
-3.23268e-06
0.00491595
-4.24405e-06
0.00491395
-3.41933e-06
0.00491221
-2.99251e-06
0.0049108
-2.37259e-06
0.00490966
-1.91757e-06
0.00490876
-1.49056e-06
0.00490807
-1.1492e-06
0.00490754
-8.62207e-07
0.00490714
-6.36801e-07
0.00490685
-4.59694e-07
0.00490665
-3.26651e-07
0.0049065
-2.27303e-07
0.0049064
-1.55331e-07
0.00490633
-1.05429e-07
0.00490629
-7.08148e-08
0.00490626
-4.70211e-08
0.00490624
-3.02216e-08
0.00490622
-1.95426e-08
0.00490622
-1.24046e-08
0.00490621
-7.96596e-09
0.00490621
-5.20222e-09
0.0049062
-3.16496e-09
0.0049062
-1.93844e-09
0.0049062
-1.26763e-09
0.0049062
-1.06472e-09
0.0049062
-1.06435e-09
0.0049062
-6.7912e-10
0.0049062
-7.48891e-10
0.0049062
-4.5073e-10
0.0049062
-4.84115e-10
0.0049062
-2.18385e-10
0.0049062
-1.53678e-10
0.0049062
5.66129e-11
0.0049062
1.25402e-11
0.0049062
2.55059e-10
0.0049062
2.43909e-10
0.0049062
3.43115e-10
0.0049062
2.95062e-10
0.0049062
2.75619e-10
0.0049062
-1.24467e-10
0.0049062
-2.20877e-10
0.0049062
-5.10439e-10
0.0049062
-3.57997e-10
0.0049062
-5.38694e-10
0.0049062
-3.5958e-10
0.0049062
-2.37298e-10
0.0049062
-1.14586e-10
0.0049062
-1.62036e-10
0.0049062
1.56589e-11
0.0049062
7.21167e-11
0.0049062
1.79517e-10
0.0049062
7.16699e-11
0.0049062
1.95522e-10
0.0049062
1.20904e-12
0.0049062
1.27116e-10
0.0049062
-3.45799e-11
0.0049062
1.12919e-10
0.0049062
1.11939e-10
0.0049062
2.33901e-10
0.0049062
1.02165e-10
0.0049062
1.03267e-10
0.0049062
-9.39619e-11
0.0049062
-8.13306e-11
0.0049062
-2.21848e-10
0.0049062
-1.01572e-10
0.0049062
-1.28889e-10
0.0049062
1.98885e-12
0.0049062
-8.71501e-11
0.0049062
-1.54329e-11
0.0049062
-1.03435e-10
0.0049062
-3.4123e-11
0.0049062
-1.92037e-11
0.0049062
-8.9011e-12
0.0049062
-4.02374e-10
0.0049062
-6.4657e-10
0.0049062
-1.00907e-09
0.00490619
-1.69377e-09
0.00490619
-2.98733e-09
0.00490619
-4.80802e-09
0.00490618
-7.88252e-09
0.00490618
-1.25775e-08
0.00490616
-1.9563e-08
0.00490614
-2.94116e-08
0.00490612
-4.3481e-08
0.00490608
-6.10678e-08
0.00490602
-8.24483e-08
0.00490595
-9.83391e-08
0.00490586
-1.06207e-07
0.00490571
-1.16665e-07
0.00490523
-4.29356e-07
0.00490359
-2.04816e-06
0.00489773
-7.21649e-06
-7.94014e-06
0.00456828
-0.00216536
0.00437572
-0.000213209
0.00434651
-1.26188e-05
0.00434238
-2.76802e-06
0.00434504
2.47008e-06
0.0043432
-1.49845e-06
0.00434127
-1.30821e-06
0.00433879
-1.76068e-06
0.00433675
-1.38516e-06
0.00433497
-1.21417e-06
0.00433355
-9.53696e-07
0.00433241
-7.69004e-07
0.00433151
-5.94447e-07
0.00433081
-4.56355e-07
0.00433029
-3.41007e-07
0.00432991
-2.50824e-07
0.00432963
-1.79997e-07
0.00432943
-1.27612e-07
0.00432929
-8.86885e-08
0.00432919
-6.01767e-08
0.00432913
-4.04107e-08
0.00432908
-2.69515e-08
0.00432906
-1.7993e-08
0.00432904
-1.16255e-08
0.00432902
-7.55032e-09
0.00432902
-4.8702e-09
0.00432901
-2.98413e-09
0.00432901
-1.93258e-09
0.00432901
-1.17206e-09
0.004329
-7.83873e-10
0.004329
-4.75426e-10
0.004329
-4.50725e-10
0.004329
-4.94411e-10
0.004329
-2.28295e-10
0.004329
-1.68827e-10
0.004329
-6.82927e-11
0.004329
-2.07124e-10
0.004329
-4.21125e-11
0.004329
1.24519e-11
0.004329
3.35267e-11
0.004329
-2.93788e-11
0.004329
7.58879e-11
0.004329
2.10382e-11
0.004329
6.67763e-11
0.004329
1.1589e-10
0.004329
7.15749e-11
0.004329
-9.45949e-11
0.004329
-5.29756e-11
0.004329
-2.43974e-10
0.004329
-1.44385e-10
0.004329
-1.94762e-10
0.004329
-1.90832e-10
0.004329
-1.2594e-10
0.004329
-3.80281e-11
0.004329
-9.61036e-11
0.004329
-1.05967e-10
0.004329
4.4642e-12
0.004329
7.82471e-11
0.004329
-5.92083e-11
0.004329
1.64267e-11
0.004329
-3.89026e-11
0.004329
6.22469e-11
0.004329
-1.94495e-11
0.004329
4.88744e-11
0.004329
1.31864e-11
0.004329
6.33524e-11
0.004329
5.46717e-11
0.004329
5.43453e-11
0.004329
-9.09517e-11
0.004329
-1.56659e-12
0.004329
-3.83153e-11
0.004329
-3.46121e-11
0.004329
-3.96432e-11
0.004329
5.30634e-11
0.004329
-6.11782e-11
0.004329
-3.43799e-11
0.004329
-7.29534e-11
0.004329
-3.55441e-11
0.004329
5.85329e-11
0.004329
8.18253e-11
0.004329
-1.97119e-10
0.004329
-2.5216e-10
0.004329
-2.82438e-10
0.004329
-5.83394e-10
0.00432899
-1.24821e-09
0.00432899
-1.93807e-09
0.00432899
-2.99555e-09
0.00432898
-4.87695e-09
0.00432897
-7.78028e-09
0.00432895
-1.15499e-08
0.00432892
-1.69447e-08
0.00432888
-2.38872e-08
0.00432883
-3.19654e-08
0.00432877
-3.66677e-08
0.0043287
-3.38032e-08
0.00432861
-2.46332e-08
0.00432828
-1.06342e-07
0.00432694
-7.04034e-07
0.00432234
-2.61645e-06
1.17764e-06
0.00283464
0.00262143
0.00260881
0.00260604
0.00260851
0.00260701
0.0026057
0.00260394
0.00260256
0.00260134
0.00260039
0.00259962
0.00259902
0.00259857
0.00259823
0.00259798
0.0025978
0.00259767
0.00259758
0.00259752
0.00259748
0.00259745
0.00259743
0.00259742
0.00259742
0.00259741
0.00259741
0.00259741
0.0025974
0.0025974
0.0025974
0.0025974
0.0025974
0.0025974
0.0025974
0.0025974
0.0025974
0.0025974
0.0025974
0.0025974
0.0025974
0.0025974
0.0025974
0.0025974
0.0025974
0.0025974
0.0025974
0.0025974
0.0025974
0.0025974
0.0025974
0.0025974
0.0025974
0.0025974
0.0025974
0.0025974
0.0025974
0.0025974
0.0025974
0.0025974
0.0025974
0.0025974
0.0025974
0.0025974
0.0025974
0.0025974
0.0025974
0.0025974
0.0025974
0.0025974
0.0025974
0.0025974
0.0025974
0.0025974
0.0025974
0.0025974
0.0025974
0.0025974
0.0025974
0.0025974
0.0025974
0.0025974
0.0025974
0.0025974
0.0025974
0.00259739
0.00259739
0.00259739
0.00259738
0.00259737
0.00259735
0.00259733
0.00259729
0.00259726
0.00259722
0.0025972
0.00259709
0.00259639
0.00259377
)
;

boundaryField
{
    inlet
    {
        type            calculated;
        value           nonuniform List<scalar> 
40
(
-0.005
-0.005
-0.005
-0.005
-0.005
-0.005
-0.005
-0.005
-0.005
-0.005
-0.005
-0.005
-0.005
-0.005
-0.005
-0.005
-0.005
-0.005
-0.005
-0.005
-0.005
-0.005
-0.005
-0.005
-0.005
-0.005
-0.005
-0.005
-0.005
-0.005
-0.005
-0.005
-0.005
-0.005
-0.005
-0.005
-0.005
-0.005
-0.005
-0.005
)
;
    }
    outlet
    {
        type            calculated;
        value           nonuniform List<scalar> 
40
(
0.00259495
0.00431322
0.00488288
0.00507445
0.00514098
0.00516593
0.00517706
0.00518358
0.00518852
0.0051928
0.00519671
0.0052003
0.00520358
0.00520651
0.00520907
0.00521123
0.00521299
0.00521432
0.00521521
0.00521565
0.00521565
0.00521521
0.00521432
0.00521299
0.00521123
0.00520907
0.00520651
0.00520358
0.0052003
0.00519671
0.0051928
0.00518851
0.00518358
0.00517706
0.00516593
0.00514098
0.00507445
0.00488289
0.00431322
0.00259495
)
;
    }
    lowerWall
    {
        type            calculated;
        value           uniform 0;
    }
    upperWall
    {
        type            calculated;
        value           uniform 0;
    }
    frontAndBack
    {
        type            empty;
        value           nonuniform 0();
    }
}


// ************************************************************************* //
