/*--------------------------------*- C++ -*----------------------------------*\
  =========                 |
  \\      /  F ield         | OpenFOAM: The Open Source CFD Toolbox
   \\    /   O peration     | Website:  https://openfoam.org
    \\  /    A nd           | Version:  7
     \\/     M anipulation  |
\*---------------------------------------------------------------------------*/
FoamFile
{
    version     2.0;
    format      ascii;
    class       volVectorField;
    location    "0.5";
    object      U;
}
// * * * * * * * * * * * * * * * * * * * * * * * * * * * * * * * * * * * * * //

dimensions      [0 1 -1 0 0 0 0];

internalField   nonuniform List<vector> 
4000
(
(0.537585 0.056387 0)
(0.552249 0.00359756 0)
(0.517055 -0.00175851 0)
(0.52284 -0.00199571 0)
(0.520969 -0.00212541 0)
(0.521857 -0.00203304 0)
(0.521206 -0.00204084 0)
(0.521015 -0.00203156 0)
(0.520636 -0.00204156 0)
(0.520397 -0.00204612 0)
(0.520169 -0.00205276 0)
(0.520001 -0.00205738 0)
(0.519862 -0.00206156 0)
(0.519758 -0.00206477 0)
(0.519678 -0.00206751 0)
(0.519619 -0.0020696 0)
(0.519576 -0.00207112 0)
(0.519546 -0.00207227 0)
(0.519524 -0.00207319 0)
(0.519509 -0.0020738 0)
(0.519499 -0.00207421 0)
(0.519493 -0.00207449 0)
(0.519488 -0.00207472 0)
(0.519485 -0.00207484 0)
(0.519484 -0.00207493 0)
(0.519482 -0.00207497 0)
(0.519482 -0.00207501 0)
(0.519481 -0.00207504 0)
(0.519481 -0.00207506 0)
(0.51948 -0.00207507 0)
(0.51948 -0.00207507 0)
(0.51948 -0.00207507 0)
(0.51948 -0.00207508 0)
(0.51948 -0.00207508 0)
(0.51948 -0.00207508 0)
(0.51948 -0.00207508 0)
(0.51948 -0.00207508 0)
(0.51948 -0.00207508 0)
(0.51948 -0.00207508 0)
(0.51948 -0.00207509 0)
(0.51948 -0.00207509 0)
(0.51948 -0.00207507 0)
(0.51948 -0.00207508 0)
(0.51948 -0.00207509 0)
(0.51948 -0.00207509 0)
(0.51948 -0.00207508 0)
(0.51948 -0.00207509 0)
(0.51948 -0.00207509 0)
(0.51948 -0.00207509 0)
(0.51948 -0.00207508 0)
(0.51948 -0.00207509 0)
(0.51948 -0.00207508 0)
(0.51948 -0.00207509 0)
(0.51948 -0.00207508 0)
(0.51948 -0.00207509 0)
(0.51948 -0.00207508 0)
(0.51948 -0.00207508 0)
(0.51948 -0.00207508 0)
(0.51948 -0.00207509 0)
(0.51948 -0.00207508 0)
(0.51948 -0.00207508 0)
(0.51948 -0.00207508 0)
(0.51948 -0.00207508 0)
(0.51948 -0.00207508 0)
(0.51948 -0.00207508 0)
(0.51948 -0.00207508 0)
(0.51948 -0.00207509 0)
(0.51948 -0.00207509 0)
(0.51948 -0.00207509 0)
(0.51948 -0.00207508 0)
(0.51948 -0.00207508 0)
(0.51948 -0.00207509 0)
(0.51948 -0.00207509 0)
(0.51948 -0.00207508 0)
(0.51948 -0.00207509 0)
(0.51948 -0.00207508 0)
(0.51948 -0.00207509 0)
(0.51948 -0.00207509 0)
(0.51948 -0.00207509 0)
(0.51948 -0.00207508 0)
(0.51948 -0.00207508 0)
(0.519479 -0.00207508 0)
(0.519479 -0.00207507 0)
(0.519479 -0.00207507 0)
(0.519479 -0.00207506 0)
(0.519479 -0.00207504 0)
(0.519478 -0.00207501 0)
(0.519478 -0.00207497 0)
(0.519476 -0.0020749 0)
(0.519474 -0.00207481 0)
(0.519471 -0.00207468 0)
(0.519467 -0.00207453 0)
(0.519462 -0.00207438 0)
(0.519454 -0.00207434 0)
(0.519447 -0.00207459 0)
(0.519439 -0.00207519 0)
(0.519445 -0.00207423 0)
(0.519362 -0.00206095 0)
(0.519228 -0.00202082 0)
(0.518635 -0.00215126 0)
(0.86501 0.128422 0)
(0.91168 0.0160148 0)
(0.861947 0.00100888 0)
(0.871286 -4.89806e-05 0)
(0.867817 -0.000485917 0)
(0.869344 -0.000172072 0)
(0.868322 -0.000184873 0)
(0.868096 -0.00014866 0)
(0.86753 -0.000180558 0)
(0.867187 -0.000196201 0)
(0.866847 -0.000219127 0)
(0.866597 -0.000235873 0)
(0.866389 -0.00025186 0)
(0.86623 -0.00026445 0)
(0.866108 -0.00027446 0)
(0.866018 -0.000282249 0)
(0.865951 -0.000288262 0)
(0.865904 -0.0002928 0)
(0.86587 -0.00029626 0)
(0.865847 -0.000298621 0)
(0.865831 -0.000300259 0)
(0.86582 -0.000301438 0)
(0.865813 -0.000302322 0)
(0.865809 -0.000302825 0)
(0.865806 -0.000303168 0)
(0.865804 -0.000303373 0)
(0.865802 -0.000303548 0)
(0.865801 -0.000303666 0)
(0.865801 -0.000303741 0)
(0.8658 -0.000303762 0)
(0.8658 -0.000303776 0)
(0.8658 -0.000303783 0)
(0.8658 -0.000303824 0)
(0.8658 -0.000303811 0)
(0.8658 -0.00030382 0)
(0.8658 -0.000303831 0)
(0.8658 -0.000303836 0)
(0.8658 -0.000303822 0)
(0.8658 -0.000303829 0)
(0.8658 -0.000303839 0)
(0.8658 -0.000303855 0)
(0.8658 -0.000303812 0)
(0.8658 -0.000303835 0)
(0.8658 -0.000303841 0)
(0.8658 -0.000303857 0)
(0.8658 -0.000303837 0)
(0.8658 -0.00030385 0)
(0.8658 -0.000303858 0)
(0.8658 -0.000303863 0)
(0.8658 -0.000303846 0)
(0.8658 -0.000303853 0)
(0.8658 -0.000303842 0)
(0.8658 -0.000303848 0)
(0.8658 -0.000303835 0)
(0.8658 -0.000303845 0)
(0.865799 -0.000303827 0)
(0.865799 -0.000303831 0)
(0.865799 -0.000303827 0)
(0.865799 -0.000303848 0)
(0.865799 -0.000303832 0)
(0.865799 -0.000303828 0)
(0.865799 -0.000303826 0)
(0.865799 -0.000303838 0)
(0.865799 -0.000303837 0)
(0.865799 -0.000303839 0)
(0.865799 -0.000303836 0)
(0.865799 -0.000303847 0)
(0.865799 -0.000303848 0)
(0.865799 -0.000303849 0)
(0.865799 -0.000303842 0)
(0.865799 -0.000303843 0)
(0.865799 -0.000303844 0)
(0.865799 -0.000303848 0)
(0.865799 -0.00030384 0)
(0.865799 -0.000303849 0)
(0.865799 -0.000303841 0)
(0.865799 -0.000303847 0)
(0.865799 -0.000303843 0)
(0.865799 -0.000303844 0)
(0.865799 -0.000303833 0)
(0.865799 -0.000303831 0)
(0.865799 -0.000303817 0)
(0.865799 -0.000303803 0)
(0.865799 -0.000303774 0)
(0.865798 -0.000303738 0)
(0.865798 -0.000303676 0)
(0.865797 -0.000303579 0)
(0.865796 -0.000303417 0)
(0.865794 -0.00030319 0)
(0.865791 -0.000302857 0)
(0.865787 -0.000302388 0)
(0.86578 -0.000301808 0)
(0.865771 -0.000301139 0)
(0.865759 -0.000300722 0)
(0.865747 -0.000300832 0)
(0.865728 -0.000301261 0)
(0.865721 -0.000292917 0)
(0.865547 -0.000238839 0)
(0.865251 -7.22706e-05 0)
(0.86318 -0.000218142 0)
(0.960416 0.135845 0)
(1.02545 0.0244607 0)
(0.976305 0.00338635 0)
(0.987353 0.000867524 0)
(0.982967 0.000136256 0)
(0.984815 0.000642582 0)
(0.983683 0.00064603 0)
(0.983534 0.000707532 0)
(0.982959 0.000655687 0)
(0.982635 0.000626761 0)
(0.982295 0.000586055 0)
(0.982049 0.000555381 0)
(0.98184 0.000526423 0)
(0.981681 0.000503119 0)
(0.981558 0.000484424 0)
(0.981466 0.000469683 0)
(0.981397 0.000458022 0)
(0.981348 0.000449316 0)
(0.981314 0.000442869 0)
(0.981289 0.000438286 0)
(0.981273 0.000434982 0)
(0.981262 0.000432635 0)
(0.981254 0.000430989 0)
(0.981249 0.000429999 0)
(0.981246 0.000429303 0)
(0.981244 0.000428862 0)
(0.981242 0.000428512 0)
(0.981241 0.000428285 0)
(0.981241 0.00042817 0)
(0.98124 0.000428119 0)
(0.98124 0.00042807 0)
(0.98124 0.000428054 0)
(0.98124 0.000428005 0)
(0.98124 0.000428013 0)
(0.98124 0.000427993 0)
(0.98124 0.000427971 0)
(0.98124 0.000427952 0)
(0.98124 0.00042797 0)
(0.98124 0.000427968 0)
(0.98124 0.000427967 0)
(0.98124 0.000427945 0)
(0.98124 0.000427984 0)
(0.981239 0.00042796 0)
(0.981239 0.000427963 0)
(0.981239 0.000427935 0)
(0.981239 0.000427943 0)
(0.981239 0.000427925 0)
(0.981239 0.00042792 0)
(0.981239 0.000427913 0)
(0.981239 0.000427941 0)
(0.981239 0.000427927 0)
(0.981239 0.000427942 0)
(0.981239 0.000427944 0)
(0.981239 0.000427969 0)
(0.981239 0.000427947 0)
(0.981239 0.000427966 0)
(0.981239 0.000427958 0)
(0.981239 0.000427973 0)
(0.981239 0.00042795 0)
(0.981239 0.000427968 0)
(0.981239 0.00042797 0)
(0.981239 0.00042798 0)
(0.981239 0.000427964 0)
(0.981239 0.000427967 0)
(0.981239 0.000427955 0)
(0.981239 0.000427959 0)
(0.981239 0.000427943 0)
(0.981239 0.000427947 0)
(0.981239 0.000427939 0)
(0.981239 0.00042795 0)
(0.981239 0.000427944 0)
(0.981239 0.000427953 0)
(0.981239 0.000427943 0)
(0.981239 0.000427953 0)
(0.981239 0.000427941 0)
(0.981239 0.000427954 0)
(0.981239 0.000427945 0)
(0.981239 0.000427952 0)
(0.981239 0.00042795 0)
(0.981239 0.000427969 0)
(0.981239 0.000427977 0)
(0.981239 0.000428004 0)
(0.981239 0.00042803 0)
(0.981239 0.000428087 0)
(0.981238 0.00042816 0)
(0.981238 0.000428286 0)
(0.981237 0.000428474 0)
(0.981236 0.000428784 0)
(0.981234 0.000429231 0)
(0.98123 0.000429877 0)
(0.981226 0.000430784 0)
(0.981219 0.000431934 0)
(0.98121 0.000433333 0)
(0.981197 0.000434453 0)
(0.981182 0.000435302 0)
(0.981156 0.000436701 0)
(0.981134 0.000459555 0)
(0.980909 0.000570383 0)
(0.980539 0.000945337 0)
(0.977587 0.00117994 0)
(0.985036 0.123207 0)
(1.05959 0.0287032 0)
(1.01374 0.00475274 0)
(1.02587 0.000759673 0)
(1.02089 -0.000137694 0)
(1.02297 0.000491938 0)
(1.0218 0.000527148 0)
(1.02176 0.000606571 0)
(1.02123 0.000540404 0)
(1.02097 0.000498769 0)
(1.02067 0.000442292 0)
(1.02045 0.000398361 0)
(1.02026 0.000357005 0)
(1.02012 0.000322621 0)
(1.02001 0.000295821 0)
(1.01993 0.000274612 0)
(1.01987 0.000257681 0)
(1.01982 0.000244975 0)
(1.01979 0.000235598 0)
(1.01977 0.000228794 0)
(1.01975 0.000223846 0)
(1.01974 0.000220372 0)
(1.01973 0.000217972 0)
(1.01973 0.000216486 0)
(1.01973 0.000215431 0)
(1.01972 0.000214749 0)
(1.01972 0.000214254 0)
(1.01972 0.000213934 0)
(1.01972 0.000213769 0)
(1.01972 0.000213681 0)
(1.01972 0.000213598 0)
(1.01972 0.000213574 0)
(1.01972 0.000213521 0)
(1.01972 0.000213521 0)
(1.01972 0.000213488 0)
(1.01972 0.000213454 0)
(1.01972 0.000213428 0)
(1.01972 0.000213451 0)
(1.01972 0.000213451 0)
(1.01972 0.000213458 0)
(1.01972 0.000213435 0)
(1.01972 0.00021347 0)
(1.01972 0.000213448 0)
(1.01972 0.000213451 0)
(1.01972 0.000213415 0)
(1.01972 0.000213416 0)
(1.01972 0.000213393 0)
(1.01972 0.000213388 0)
(1.01972 0.000213375 0)
(1.01972 0.000213411 0)
(1.01972 0.000213401 0)
(1.01972 0.000213417 0)
(1.01972 0.00021342 0)
(1.01972 0.000213453 0)
(1.01972 0.000213429 0)
(1.01972 0.000213446 0)
(1.01972 0.000213435 0)
(1.01972 0.000213457 0)
(1.01972 0.000213436 0)
(1.01972 0.000213456 0)
(1.01972 0.00021346 0)
(1.01972 0.000213474 0)
(1.01972 0.000213456 0)
(1.01972 0.00021346 0)
(1.01972 0.00021344 0)
(1.01972 0.000213443 0)
(1.01972 0.000213422 0)
(1.01972 0.000213429 0)
(1.01972 0.000213418 0)
(1.01972 0.000213431 0)
(1.01972 0.000213422 0)
(1.01972 0.000213437 0)
(1.01972 0.000213424 0)
(1.01972 0.000213436 0)
(1.01972 0.000213422 0)
(1.01972 0.000213436 0)
(1.01972 0.000213426 0)
(1.01972 0.000213435 0)
(1.01972 0.000213434 0)
(1.01972 0.00021346 0)
(1.01972 0.000213476 0)
(1.01972 0.000213517 0)
(1.01972 0.000213558 0)
(1.01972 0.00021364 0)
(1.01972 0.00021375 0)
(1.01972 0.00021394 0)
(1.01972 0.000214221 0)
(1.01972 0.000214672 0)
(1.01971 0.000215332 0)
(1.01971 0.000216283 0)
(1.01971 0.000217622 0)
(1.0197 0.000219345 0)
(1.01969 0.000221548 0)
(1.01968 0.000223602 0)
(1.01966 0.000226272 0)
(1.01963 0.000231041 0)
(1.0196 0.000272647 0)
(1.01935 0.000446009 0)
(1.01899 0.00105284 0)
(1.01588 0.001772 0)
(0.988606 0.109864 0)
(1.06804 0.031022 0)
(1.02558 0.00577184 0)
(1.03848 0.00061603 0)
(1.0331 -0.000345983 0)
(1.03535 0.000357083 0)
(1.03419 0.000426311 0)
(1.03426 0.000517036 0)
(1.0338 0.000441568 0)
(1.0336 0.000389748 0)
(1.03334 0.000321402 0)
(1.03317 0.000267244 0)
(1.03301 0.000216593 0)
(1.03289 0.000174167 0)
(1.0328 0.000140565 0)
(1.03273 0.000113807 0)
(1.03267 9.22648e-05 0)
(1.03264 7.58941e-05 0)
(1.03261 6.3659e-05 0)
(1.03259 5.45138e-05 0)
(1.03257 4.78683e-05 0)
(1.03256 4.33948e-05 0)
(1.03256 4.03101e-05 0)
(1.03255 3.8365e-05 0)
(1.03255 3.69897e-05 0)
(1.03255 3.60966e-05 0)
(1.03255 3.54702e-05 0)
(1.03255 3.50639e-05 0)
(1.03255 3.48406e-05 0)
(1.03255 3.47128e-05 0)
(1.03255 3.46073e-05 0)
(1.03255 3.45793e-05 0)
(1.03255 3.45217e-05 0)
(1.03255 3.45097e-05 0)
(1.03255 3.44642e-05 0)
(1.03255 3.44185e-05 0)
(1.03255 3.43893e-05 0)
(1.03255 3.44183e-05 0)
(1.03255 3.44195e-05 0)
(1.03255 3.44298e-05 0)
(1.03255 3.44073e-05 0)
(1.03255 3.44406e-05 0)
(1.03255 3.44214e-05 0)
(1.03255 3.44229e-05 0)
(1.03255 3.43778e-05 0)
(1.03255 3.43729e-05 0)
(1.03255 3.43475e-05 0)
(1.03255 3.43416e-05 0)
(1.03255 3.43223e-05 0)
(1.03255 3.43614e-05 0)
(1.03255 3.43579e-05 0)
(1.03255 3.43784e-05 0)
(1.03255 3.43802e-05 0)
(1.03255 3.44153e-05 0)
(1.03255 3.4393e-05 0)
(1.03255 3.44103e-05 0)
(1.03255 3.43952e-05 0)
(1.03255 3.44219e-05 0)
(1.03255 3.44048e-05 0)
(1.03255 3.44277e-05 0)
(1.03255 3.44347e-05 0)
(1.03255 3.44507e-05 0)
(1.03255 3.44308e-05 0)
(1.03255 3.44339e-05 0)
(1.03255 3.44082e-05 0)
(1.03255 3.44105e-05 0)
(1.03255 3.43849e-05 0)
(1.03255 3.43917e-05 0)
(1.03255 3.43795e-05 0)
(1.03255 3.43958e-05 0)
(1.03255 3.43846e-05 0)
(1.03255 3.44015e-05 0)
(1.03255 3.43877e-05 0)
(1.03255 3.44014e-05 0)
(1.03255 3.4387e-05 0)
(1.03255 3.44001e-05 0)
(1.03255 3.43889e-05 0)
(1.03255 3.44011e-05 0)
(1.03255 3.44009e-05 0)
(1.03255 3.44323e-05 0)
(1.03255 3.44561e-05 0)
(1.03255 3.45095e-05 0)
(1.03255 3.4564e-05 0)
(1.03255 3.46698e-05 0)
(1.03254 3.48136e-05 0)
(1.03254 3.5061e-05 0)
(1.03254 3.54244e-05 0)
(1.03254 3.60028e-05 0)
(1.03254 3.68486e-05 0)
(1.03254 3.80642e-05 0)
(1.03253 3.97814e-05 0)
(1.03253 4.20251e-05 0)
(1.03252 4.50223e-05 0)
(1.03251 4.81634e-05 0)
(1.03249 5.35251e-05 0)
(1.03246 6.30657e-05 0)
(1.03242 0.00012503 0)
(1.03218 0.000351618 0)
(1.03185 0.00117214 0)
(1.02901 0.00230041 0)
(0.986399 0.0981692 0)
(1.0683 0.0322555 0)
(1.02896 0.00660671 0)
(1.04243 0.000578093 0)
(1.03676 -0.000402956 0)
(1.03917 0.000342509 0)
(1.03801 0.000444094 0)
(1.03819 0.000541353 0)
(1.03779 0.000461001 0)
(1.03766 0.000402269 0)
(1.03746 0.000326557 0)
(1.03733 0.000266118 0)
(1.0372 0.00021039 0)
(1.03711 0.000164022 0)
(1.03703 0.000125202 0)
(1.03697 9.4118e-05 0)
(1.03693 6.8976e-05 0)
(1.0369 4.97808e-05 0)
(1.03687 3.5428e-05 0)
(1.03686 2.46639e-05 0)
(1.03685 1.68143e-05 0)
(1.03684 1.1493e-05 0)
(1.03683 7.80443e-06 0)
(1.03683 5.44165e-06 0)
(1.03683 3.77026e-06 0)
(1.03682 2.66478e-06 0)
(1.03682 1.88091e-06 0)
(1.03682 1.38877e-06 0)
(1.03682 1.11106e-06 0)
(1.03682 9.49619e-07 0)
(1.03682 8.26226e-07 0)
(1.03682 7.94354e-07 0)
(1.03682 7.30109e-07 0)
(1.03682 7.03675e-07 0)
(1.03682 6.4929e-07 0)
(1.03682 5.95369e-07 0)
(1.03682 5.62582e-07 0)
(1.03682 5.94667e-07 0)
(1.03682 5.9962e-07 0)
(1.03682 6.12818e-07 0)
(1.03682 5.89524e-07 0)
(1.03682 6.19568e-07 0)
(1.03682 6.0384e-07 0)
(1.03682 6.06534e-07 0)
(1.03682 5.5281e-07 0)
(1.03682 5.40796e-07 0)
(1.03682 5.12313e-07 0)
(1.03682 5.05871e-07 0)
(1.03682 4.823e-07 0)
(1.03682 5.21074e-07 0)
(1.03682 5.22973e-07 0)
(1.03682 5.47712e-07 0)
(1.03682 5.49647e-07 0)
(1.03682 5.86231e-07 0)
(1.03682 5.65551e-07 0)
(1.03682 5.82998e-07 0)
(1.03682 5.64922e-07 0)
(1.03682 5.95811e-07 0)
(1.03682 5.83655e-07 0)
(1.03682 6.08289e-07 0)
(1.03682 6.18376e-07 0)
(1.03682 6.36564e-07 0)
(1.03682 6.15465e-07 0)
(1.03682 6.17092e-07 0)
(1.03682 5.86541e-07 0)
(1.03682 5.87315e-07 0)
(1.03682 5.59279e-07 0)
(1.03682 5.64383e-07 0)
(1.03682 5.50759e-07 0)
(1.03682 5.69136e-07 0)
(1.03682 5.56975e-07 0)
(1.03682 5.74359e-07 0)
(1.03682 5.59945e-07 0)
(1.03682 5.74598e-07 0)
(1.03682 5.6085e-07 0)
(1.03682 5.72666e-07 0)
(1.03682 5.60536e-07 0)
(1.03682 5.75283e-07 0)
(1.03682 5.77265e-07 0)
(1.03682 6.12686e-07 0)
(1.03682 6.43378e-07 0)
(1.03682 7.06963e-07 0)
(1.03682 7.7418e-07 0)
(1.03682 8.99201e-07 0)
(1.03682 1.07247e-06 0)
(1.03682 1.36804e-06 0)
(1.03682 1.80227e-06 0)
(1.03682 2.52498e-06 0)
(1.03682 3.56292e-06 0)
(1.03682 5.02599e-06 0)
(1.03681 7.08264e-06 0)
(1.03681 9.79676e-06 0)
(1.0368 1.35652e-05 0)
(1.03679 1.78613e-05 0)
(1.03678 2.59565e-05 0)
(1.03674 4.02517e-05 0)
(1.0367 0.000121043 0)
(1.03647 0.000386646 0)
(1.03621 0.00140312 0)
(1.03381 0.00285077 0)
(0.983075 0.0875532 0)
(1.06617 0.0325724 0)
(1.02959 0.00720461 0)
(1.04348 0.000559816 0)
(1.03761 -0.000411811 0)
(1.04013 0.000352155 0)
(1.03899 0.000484538 0)
(1.03928 0.000586242 0)
(1.03894 0.000503606 0)
(1.03887 0.000439821 0)
(1.03872 0.000358657 0)
(1.03863 0.000293017 0)
(1.03853 0.000232613 0)
(1.03847 0.000182086 0)
(1.03841 0.000139441 0)
(1.03837 0.000105253 0)
(1.03833 7.75449e-05 0)
(1.03831 5.64125e-05 0)
(1.03829 4.07447e-05 0)
(1.03828 2.91468e-05 0)
(1.03827 2.06229e-05 0)
(1.03826 1.46217e-05 0)
(1.03826 1.04331e-05 0)
(1.03825 7.71251e-06 0)
(1.03825 5.77901e-06 0)
(1.03825 4.47288e-06 0)
(1.03825 3.55369e-06 0)
(1.03825 2.98552e-06 0)
(1.03825 2.66169e-06 0)
(1.03825 2.47665e-06 0)
(1.03825 2.33848e-06 0)
(1.03825 2.30116e-06 0)
(1.03825 2.22926e-06 0)
(1.03825 2.18774e-06 0)
(1.03825 2.12562e-06 0)
(1.03825 2.0686e-06 0)
(1.03825 2.03285e-06 0)
(1.03825 2.06469e-06 0)
(1.03825 2.07342e-06 0)
(1.03825 2.09089e-06 0)
(1.03825 2.06705e-06 0)
(1.03825 2.09327e-06 0)
(1.03825 2.07824e-06 0)
(1.03825 2.08513e-06 0)
(1.03825 2.0254e-06 0)
(1.03825 2.00575e-06 0)
(1.03825 1.97338e-06 0)
(1.03825 1.96799e-06 0)
(1.03825 1.94249e-06 0)
(1.03825 1.97934e-06 0)
(1.03825 1.9849e-06 0)
(1.03825 2.01356e-06 0)
(1.03825 2.01614e-06 0)
(1.03825 2.05313e-06 0)
(1.03825 2.03318e-06 0)
(1.03825 2.05092e-06 0)
(1.03825 2.03034e-06 0)
(1.03825 2.06415e-06 0)
(1.03825 2.05821e-06 0)
(1.03825 2.08477e-06 0)
(1.03825 2.09683e-06 0)
(1.03825 2.11691e-06 0)
(1.03825 2.09532e-06 0)
(1.03825 2.09559e-06 0)
(1.03825 2.06038e-06 0)
(1.03825 2.05925e-06 0)
(1.03825 2.02996e-06 0)
(1.03825 2.03346e-06 0)
(1.03825 2.01823e-06 0)
(1.03825 2.03828e-06 0)
(1.03825 2.02635e-06 0)
(1.03825 2.04342e-06 0)
(1.03825 2.0285e-06 0)
(1.03825 2.04361e-06 0)
(1.03825 2.03061e-06 0)
(1.03825 2.04141e-06 0)
(1.03825 2.02802e-06 0)
(1.03825 2.0448e-06 0)
(1.03825 2.0497e-06 0)
(1.03825 2.08827e-06 0)
(1.03825 2.12468e-06 0)
(1.03825 2.19676e-06 0)
(1.03825 2.27459e-06 0)
(1.03825 2.41503e-06 0)
(1.03825 2.61199e-06 0)
(1.03825 2.94607e-06 0)
(1.03825 3.44007e-06 0)
(1.03824 4.26942e-06 0)
(1.03824 5.48922e-06 0)
(1.03824 7.17301e-06 0)
(1.03824 9.52234e-06 0)
(1.03824 1.26475e-05 0)
(1.03823 1.71346e-05 0)
(1.03822 2.25781e-05 0)
(1.03821 3.31749e-05 0)
(1.03818 5.17134e-05 0)
(1.03814 0.000148987 0)
(1.03793 0.000449179 0)
(1.03774 0.00163077 0)
(1.03586 0.0033173 0)
(0.979966 0.0778405 0)
(1.06355 0.0321207 0)
(1.02936 0.00755249 0)
(1.04357 0.000527125 0)
(1.03755 -0.000414153 0)
(1.04017 0.000350202 0)
(1.03904 0.000510007 0)
(1.03942 0.000614006 0)
(1.03914 0.000531572 0)
(1.03914 0.000464778 0)
(1.03903 0.000380495 0)
(1.03898 0.000311416 0)
(1.03892 0.000247756 0)
(1.03887 0.00019413 0)
(1.03884 0.000148891 0)
(1.03881 0.000112564 0)
(1.03878 8.30004e-05 0)
(1.03877 6.03741e-05 0)
(1.03875 4.36004e-05 0)
(1.03874 3.11641e-05 0)
(1.03874 2.1979e-05 0)
(1.03873 1.54753e-05 0)
(1.03873 1.09345e-05 0)
(1.03873 7.97466e-06 0)
(1.03873 5.88287e-06 0)
(1.03872 4.4707e-06 0)
(1.03872 3.48337e-06 0)
(1.03872 2.83258e-06 0)
(1.03872 2.47189e-06 0)
(1.03872 2.27053e-06 0)
(1.03872 2.11803e-06 0)
(1.03872 2.0714e-06 0)
(1.03872 1.99261e-06 0)
(1.03872 1.93766e-06 0)
(1.03872 1.86814e-06 0)
(1.03872 1.81092e-06 0)
(1.03872 1.77441e-06 0)
(1.03872 1.80365e-06 0)
(1.03872 1.8151e-06 0)
(1.03872 1.83734e-06 0)
(1.03872 1.81409e-06 0)
(1.03872 1.8368e-06 0)
(1.03872 1.81944e-06 0)
(1.03872 1.83167e-06 0)
(1.03872 1.76995e-06 0)
(1.03872 1.74287e-06 0)
(1.03872 1.70593e-06 0)
(1.03872 1.70254e-06 0)
(1.03872 1.67743e-06 0)
(1.03872 1.71129e-06 0)
(1.03872 1.71838e-06 0)
(1.03872 1.75007e-06 0)
(1.03872 1.75364e-06 0)
(1.03872 1.79045e-06 0)
(1.03872 1.77033e-06 0)
(1.03872 1.78848e-06 0)
(1.03872 1.76611e-06 0)
(1.03872 1.80128e-06 0)
(1.03872 1.80214e-06 0)
(1.03872 1.83147e-06 0)
(1.03872 1.84435e-06 0)
(1.03872 1.86565e-06 0)
(1.03872 1.84426e-06 0)
(1.03872 1.84371e-06 0)
(1.03872 1.80427e-06 0)
(1.03872 1.80071e-06 0)
(1.03872 1.77119e-06 0)
(1.03872 1.77373e-06 0)
(1.03872 1.75689e-06 0)
(1.03872 1.77793e-06 0)
(1.03872 1.767e-06 0)
(1.03872 1.78352e-06 0)
(1.03872 1.76817e-06 0)
(1.03872 1.78313e-06 0)
(1.03872 1.77071e-06 0)
(1.03872 1.78097e-06 0)
(1.03872 1.76628e-06 0)
(1.03872 1.78433e-06 0)
(1.03872 1.79261e-06 0)
(1.03872 1.83362e-06 0)
(1.03872 1.87431e-06 0)
(1.03872 1.95317e-06 0)
(1.03872 2.03931e-06 0)
(1.03872 2.19277e-06 0)
(1.03872 2.40894e-06 0)
(1.03872 2.77312e-06 0)
(1.03872 3.3336e-06 0)
(1.03872 4.21259e-06 0)
(1.03872 5.5141e-06 0)
(1.03872 7.32194e-06 0)
(1.03872 9.86456e-06 0)
(1.03871 1.32986e-05 0)
(1.03871 1.8397e-05 0)
(1.0387 2.49127e-05 0)
(1.03869 3.81392e-05 0)
(1.03866 6.09842e-05 0)
(1.03863 0.000172699 0)
(1.03847 0.000499281 0)
(1.03833 0.00180388 0)
(1.037 0.00365521 0)
(0.977359 0.0689958 0)
(1.06102 0.0310619 0)
(1.02892 0.00767578 0)
(1.04336 0.000483498 0)
(1.03723 -0.000413284 0)
(1.03992 0.000336969 0)
(1.0388 0.0005193 0)
(1.03926 0.000623491 0)
(1.03904 0.000543412 0)
(1.03909 0.000475623 0)
(1.03903 0.000390628 0)
(1.03902 0.000320151 0)
(1.03899 0.000255109 0)
(1.03897 0.000200013 0)
(1.03895 0.00015344 0)
(1.03893 0.000115959 0)
(1.03892 8.53258e-05 0)
(1.03891 6.17779e-05 0)
(1.0389 4.42904e-05 0)
(1.03889 3.12687e-05 0)
(1.03889 2.1619e-05 0)
(1.03889 1.47981e-05 0)
(1.03889 1.00501e-05 0)
(1.03888 6.96178e-06 0)
(1.03888 4.80249e-06 0)
(1.03888 3.36252e-06 0)
(1.03888 2.35384e-06 0)
(1.03888 1.66379e-06 0)
(1.03888 1.27543e-06 0)
(1.03888 1.0577e-06 0)
(1.03888 8.87546e-07 0)
(1.03888 8.25316e-07 0)
(1.03888 7.40524e-07 0)
(1.03888 6.74648e-07 0)
(1.03888 5.99032e-07 0)
(1.03888 5.4197e-07 0)
(1.03888 5.06787e-07 0)
(1.03888 5.32614e-07 0)
(1.03888 5.45566e-07 0)
(1.03888 5.72198e-07 0)
(1.03888 5.50858e-07 0)
(1.03888 5.70936e-07 0)
(1.03888 5.49825e-07 0)
(1.03888 5.65977e-07 0)
(1.03888 5.06131e-07 0)
(1.03888 4.72993e-07 0)
(1.03888 4.31552e-07 0)
(1.03888 4.29847e-07 0)
(1.03888 4.06549e-07 0)
(1.03888 4.37323e-07 0)
(1.03888 4.43956e-07 0)
(1.03888 4.77491e-07 0)
(1.03888 4.81958e-07 0)
(1.03888 5.18294e-07 0)
(1.03888 4.97536e-07 0)
(1.03888 5.16164e-07 0)
(1.03888 4.92885e-07 0)
(1.03888 5.27767e-07 0)
(1.03888 5.35388e-07 0)
(1.03888 5.68502e-07 0)
(1.03888 5.82019e-07 0)
(1.03888 6.03222e-07 0)
(1.03888 5.82567e-07 0)
(1.03888 5.81859e-07 0)
(1.03888 5.39175e-07 0)
(1.03888 5.32347e-07 0)
(1.03888 5.03223e-07 0)
(1.03888 5.05818e-07 0)
(1.03888 4.8762e-07 0)
(1.03888 5.08694e-07 0)
(1.03888 4.98888e-07 0)
(1.03888 5.14835e-07 0)
(1.03888 4.99277e-07 0)
(1.03888 5.13494e-07 0)
(1.03888 5.01293e-07 0)
(1.03888 5.11281e-07 0)
(1.03888 4.9594e-07 0)
(1.03888 5.1439e-07 0)
(1.03888 5.26129e-07 0)
(1.03888 5.68997e-07 0)
(1.03888 6.12726e-07 0)
(1.03888 6.96607e-07 0)
(1.03888 7.89053e-07 0)
(1.03888 9.59382e-07 0)
(1.03888 1.19508e-06 0)
(1.03888 1.58227e-06 0)
(1.03888 2.17281e-06 0)
(1.03888 3.06599e-06 0)
(1.03888 4.36652e-06 0)
(1.03888 6.21398e-06 0)
(1.03888 8.85757e-06 0)
(1.03888 1.24964e-05 0)
(1.03887 1.80751e-05 0)
(1.03887 2.5517e-05 0)
(1.03886 4.11245e-05 0)
(1.03884 6.77522e-05 0)
(1.03881 0.000190681 0)
(1.03869 0.000533671 0)
(1.03862 0.00191704 0)
(1.03784 0.00386452 0)
(0.975244 0.0609224 0)
(1.05874 0.0295235 0)
(1.02845 0.00760354 0)
(1.04306 0.000435674 0)
(1.03684 -0.000407372 0)
(1.03958 0.000316534 0)
(1.03849 0.000515476 0)
(1.03902 0.000617967 0)
(1.03884 0.000541917 0)
(1.03895 0.0004749 0)
(1.03893 0.000391297 0)
(1.03895 0.000321272 0)
(1.03895 0.000256552 0)
(1.03895 0.000201481 0)
(1.03895 0.000154786 0)
(1.03895 0.000117118 0)
(1.03895 8.62152e-05 0)
(1.03894 6.23678e-05 0)
(1.03894 4.46401e-05 0)
(1.03894 3.13978e-05 0)
(1.03894 2.15432e-05 0)
(1.03894 1.45773e-05 0)
(1.03894 9.73761e-06 0)
(1.03894 6.58764e-06 0)
(1.03893 4.39171e-06 0)
(1.03893 2.9306e-06 0)
(1.03893 1.92332e-06 0)
(1.03893 1.24933e-06 0)
(1.03893 8.50083e-07 0)
(1.03893 6.27101e-07 0)
(1.03893 4.48007e-07 0)
(1.03893 3.74639e-07 0)
(1.03893 2.85169e-07 0)
(1.03893 2.09675e-07 0)
(1.03893 1.29155e-07 0)
(1.03893 7.30964e-08 0)
(1.03893 4.03782e-08 0)
(1.03893 6.28272e-08 0)
(1.03893 7.50983e-08 0)
(1.03893 1.05697e-07 0)
(1.03893 8.82115e-08 0)
(1.03893 1.062e-07 0)
(1.03893 8.14e-08 0)
(1.03893 9.90942e-08 0)
(1.03893 4.29898e-08 0)
(1.03893 6.29116e-09 0)
(1.03893 -3.87446e-08 0)
(1.03893 -3.92527e-08 0)
(1.03893 -6.04859e-08 0)
(1.03893 -3.24561e-08 0)
(1.03893 -2.91486e-08 0)
(1.03893 5.79881e-09 0)
(1.03893 1.03165e-08 0)
(1.03893 4.62451e-08 0)
(1.03893 2.46255e-08 0)
(1.03893 4.45238e-08 0)
(1.03893 2.09482e-08 0)
(1.03893 5.41161e-08 0)
(1.03893 6.73984e-08 0)
(1.03893 1.05679e-07 0)
(1.03893 1.21281e-07 0)
(1.03893 1.40899e-07 0)
(1.03893 1.2109e-07 0)
(1.03893 1.20073e-07 0)
(1.03893 7.53858e-08 0)
(1.03893 6.42792e-08 0)
(1.03893 3.56561e-08 0)
(1.03893 4.00124e-08 0)
(1.03893 2.07604e-08 0)
(1.03893 4.12681e-08 0)
(1.03893 3.14886e-08 0)
(1.03893 4.70203e-08 0)
(1.03893 3.10221e-08 0)
(1.03893 4.41892e-08 0)
(1.03893 3.1797e-08 0)
(1.03893 4.13983e-08 0)
(1.03893 2.64651e-08 0)
(1.03893 4.45837e-08 0)
(1.03893 5.95013e-08 0)
(1.03893 1.04286e-07 0)
(1.03893 1.50761e-07 0)
(1.03893 2.37989e-07 0)
(1.03893 3.34167e-07 0)
(1.03893 5.08484e-07 0)
(1.03893 7.50531e-07 0)
(1.03893 1.14485e-06 0)
(1.03893 1.72102e-06 0)
(1.03893 2.59928e-06 0)
(1.03893 3.89514e-06 0)
(1.03893 5.75888e-06 0)
(1.03893 8.45452e-06 0)
(1.03893 1.22181e-05 0)
(1.03893 1.81435e-05 0)
(1.03893 2.63163e-05 0)
(1.03892 4.38227e-05 0)
(1.03891 7.33465e-05 0)
(1.03888 0.000203632 0)
(1.03882 0.000553332 0)
(1.03882 0.00197254 0)
(1.03856 0.00395346 0)
(0.973544 0.0534991 0)
(1.05675 0.0275997 0)
(1.02802 0.00735993 0)
(1.04276 0.000386938 0)
(1.03647 -0.000395878 0)
(1.03925 0.000291006 0)
(1.03816 0.000499945 0)
(1.03876 0.000598999 0)
(1.03863 0.000528233 0)
(1.03879 0.00046351 0)
(1.0388 0.000383092 0)
(1.03886 0.000315138 0)
(1.03888 0.000252227 0)
(1.03891 0.000198482 0)
(1.03892 0.000152788 0)
(1.03893 0.00011584 0)
(1.03894 8.5423e-05 0)
(1.03894 6.18714e-05 0)
(1.03895 4.43569e-05 0)
(1.03895 3.1244e-05 0)
(1.03895 2.14396e-05 0)
(1.03895 1.44989e-05 0)
(1.03895 9.68337e-06 0)
(1.03895 6.54107e-06 0)
(1.03895 4.34469e-06 0)
(1.03895 2.87487e-06 0)
(1.03895 1.87018e-06 0)
(1.03895 1.20615e-06 0)
(1.03895 8.08949e-07 0)
(1.03895 5.92112e-07 0)
(1.03895 4.14079e-07 0)
(1.03895 3.36883e-07 0)
(1.03895 2.44637e-07 0)
(1.03895 1.62123e-07 0)
(1.03895 7.971e-08 0)
(1.03895 2.41745e-08 0)
(1.03895 -5.48142e-09 0)
(1.03895 1.4089e-08 0)
(1.03895 2.60659e-08 0)
(1.03895 6.02364e-08 0)
(1.03895 4.60897e-08 0)
(1.03895 6.28501e-08 0)
(1.03895 3.41252e-08 0)
(1.03895 5.10007e-08 0)
(1.03895 1.55524e-09 0)
(1.03895 -3.71192e-08 0)
(1.03895 -8.49906e-08 0)
(1.03895 -8.6385e-08 0)
(1.03895 -1.05732e-07 0)
(1.03895 -8.00737e-08 0)
(1.03895 -7.94448e-08 0)
(1.03895 -4.49678e-08 0)
(1.03895 -3.96147e-08 0)
(1.03895 -4.33019e-09 0)
(1.03895 -2.68536e-08 0)
(1.03895 -6.84058e-09 0)
(1.03895 -2.9035e-08 0)
(1.03895 2.15478e-09 0)
(1.03895 2.01857e-08 0)
(1.03895 6.36349e-08 0)
(1.03895 8.11101e-08 0)
(1.03895 9.85702e-08 0)
(1.03895 7.91412e-08 0)
(1.03895 7.88203e-08 0)
(1.03895 3.41727e-08 0)
(1.03895 1.85483e-08 0)
(1.03895 -9.69407e-09 0)
(1.03895 -3.74559e-09 0)
(1.03895 -2.32978e-08 0)
(1.03895 -4.81121e-09 0)
(1.03895 -1.4379e-08 0)
(1.03895 5.61113e-10 0)
(1.03895 -1.52132e-08 0)
(1.03895 -3.00653e-09 0)
(1.03895 -1.60426e-08 0)
(1.03895 -7.32007e-09 0)
(1.03895 -2.07722e-08 0)
(1.03895 -3.38032e-09 0)
(1.03895 1.42851e-08 0)
(1.03895 5.97833e-08 0)
(1.03895 1.06267e-07 0)
(1.03895 1.94205e-07 0)
(1.03895 2.91082e-07 0)
(1.03895 4.55792e-07 0)
(1.03895 6.90093e-07 0)
(1.03895 1.0774e-06 0)
(1.03895 1.64435e-06 0)
(1.03895 2.51184e-06 0)
(1.03895 3.79742e-06 0)
(1.03895 5.65142e-06 0)
(1.03895 8.34769e-06 0)
(1.03895 1.21502e-05 0)
(1.03895 1.82675e-05 0)
(1.03895 2.69274e-05 0)
(1.03895 4.57346e-05 0)
(1.03894 7.71172e-05 0)
(1.03893 0.000210696 0)
(1.03892 0.000557965 0)
(1.03898 0.00197226 0)
(1.03921 0.00393005 0)
(0.972179 0.0466189 0)
(1.05502 0.0253634 0)
(1.02765 0.00696597 0)
(1.04248 0.000338889 0)
(1.03614 -0.000378505 0)
(1.03893 0.000261895 0)
(1.03786 0.000473806 0)
(1.03851 0.000567771 0)
(1.03842 0.000503211 0)
(1.03862 0.000442101 0)
(1.03867 0.000366408 0)
(1.03876 0.000301956 0)
(1.03881 0.000242179 0)
(1.03885 0.000190925 0)
(1.03888 0.000147256 0)
(1.03891 0.000111867 0)
(1.03892 8.26349e-05 0)
(1.03893 5.99352e-05 0)
(1.03894 4.30577e-05 0)
(1.03895 3.03978e-05 0)
(1.03895 2.08849e-05 0)
(1.03895 1.41386e-05 0)
(1.03896 9.46735e-06 0)
(1.03896 6.41473e-06 0)
(1.03896 4.27272e-06 0)
(1.03896 2.83017e-06 0)
(1.03896 1.84935e-06 0)
(1.03896 1.20282e-06 0)
(1.03896 8.11371e-07 0)
(1.03896 5.99023e-07 0)
(1.03896 4.21206e-07 0)
(1.03896 3.39714e-07 0)
(1.03896 2.4653e-07 0)
(1.03896 1.59526e-07 0)
(1.03896 7.85083e-08 0)
(1.03896 2.31115e-08 0)
(1.03896 -2.98852e-09 0)
(1.03896 1.43849e-08 0)
(1.03896 2.66469e-08 0)
(1.03896 6.35816e-08 0)
(1.03896 5.17365e-08 0)
(1.03896 6.83318e-08 0)
(1.03896 3.55683e-08 0)
(1.03896 4.97832e-08 0)
(1.03896 8.87257e-09 0)
(1.03896 -2.99985e-08 0)
(1.03896 -7.99456e-08 0)
(1.03896 -8.41165e-08 0)
(1.03896 -1.02115e-07 0)
(1.03896 -7.86577e-08 0)
(1.03896 -7.92132e-08 0)
(1.03896 -4.72791e-08 0)
(1.03896 -4.00851e-08 0)
(1.03896 -5.69906e-09 0)
(1.03896 -2.90353e-08 0)
(1.03896 -1.04288e-08 0)
(1.03896 -2.93293e-08 0)
(1.03896 3.40254e-10 0)
(1.03896 2.21892e-08 0)
(1.03896 6.98596e-08 0)
(1.03896 8.8725e-08 0)
(1.03896 1.04326e-07 0)
(1.03896 8.43832e-08 0)
(1.03896 8.56736e-08 0)
(1.03896 4.28963e-08 0)
(1.03896 2.36841e-08 0)
(1.03896 -4.81827e-09 0)
(1.03896 1.80969e-09 0)
(1.03896 -1.70749e-08 0)
(1.03896 -1.96679e-09 0)
(1.03896 -1.09298e-08 0)
(1.03896 3.0924e-09 0)
(1.03896 -1.14808e-08 0)
(1.03896 7.11664e-11 0)
(1.03896 -1.36428e-08 0)
(1.03896 -6.28786e-09 0)
(1.03896 -1.75119e-08 0)
(1.03896 -8.02196e-10 0)
(1.03896 1.82281e-08 0)
(1.03896 6.29781e-08 0)
(1.03896 1.06477e-07 0)
(1.03896 1.92416e-07 0)
(1.03896 2.87695e-07 0)
(1.03896 4.46348e-07 0)
(1.03896 6.72888e-07 0)
(1.03896 1.04826e-06 0)
(1.03896 1.60076e-06 0)
(1.03896 2.44413e-06 0)
(1.03896 3.69124e-06 0)
(1.03896 5.49229e-06 0)
(1.03896 8.12461e-06 0)
(1.03896 1.18686e-05 0)
(1.03896 1.80019e-05 0)
(1.03897 2.68672e-05 0)
(1.03896 4.63026e-05 0)
(1.03897 7.84288e-05 0)
(1.03896 0.000211206 0)
(1.03901 0.000547414 0)
(1.03912 0.00191879 0)
(1.03982 0.00380291 0)
(0.971084 0.040192 0)
(1.05355 0.0228741 0)
(1.02733 0.00644096 0)
(1.04223 0.000292472 0)
(1.03585 -0.000354847 0)
(1.03864 0.000230629 0)
(1.03758 0.000438365 0)
(1.03829 0.000525661 0)
(1.03823 0.000467959 0)
(1.03847 0.000411597 0)
(1.03855 0.000341949 0)
(1.03867 0.000282252 0)
(1.03873 0.000226787 0)
(1.0388 0.000179068 0)
(1.03884 0.00013835 0)
(1.03888 0.000105289 0)
(1.0389 7.7879e-05 0)
(1.03892 5.65455e-05 0)
(1.03893 4.0701e-05 0)
(1.03894 2.87947e-05 0)
(1.03895 1.98012e-05 0)
(1.03895 1.34104e-05 0)
(1.03896 8.99836e-06 0)
(1.03896 6.11798e-06 0)
(1.03896 4.08824e-06 0)
(1.03896 2.71271e-06 0)
(1.03896 1.7814e-06 0)
(1.03896 1.16937e-06 0)
(1.03896 7.901e-07 0)
(1.03896 5.84677e-07 0)
(1.03896 4.10612e-07 0)
(1.03896 3.27361e-07 0)
(1.03896 2.35131e-07 0)
(1.03896 1.44564e-07 0)
(1.03896 6.59447e-08 0)
(1.03896 1.21845e-08 0)
(1.03896 -9.61316e-09 0)
(1.03896 6.57346e-09 0)
(1.03896 1.69637e-08 0)
(1.03896 5.53074e-08 0)
(1.03896 4.64178e-08 0)
(1.03896 6.36542e-08 0)
(1.03896 2.79874e-08 0)
(1.03896 3.82842e-08 0)
(1.03896 4.58995e-09 0)
(1.03896 -3.15364e-08 0)
(1.03896 -8.21218e-08 0)
(1.03896 -8.93216e-08 0)
(1.03896 -1.0717e-07 0)
(1.03896 -8.57784e-08 0)
(1.03896 -8.87033e-08 0)
(1.03896 -5.96824e-08 0)
(1.03896 -5.14151e-08 0)
(1.03896 -1.75505e-08 0)
(1.03896 -4.15159e-08 0)
(1.03896 -2.41747e-08 0)
(1.03896 -3.89568e-08 0)
(1.03896 -1.02065e-08 0)
(1.03896 1.39999e-08 0)
(1.03896 6.50419e-08 0)
(1.03896 8.66467e-08 0)
(1.03896 1.00698e-07 0)
(1.03896 7.94215e-08 0)
(1.03896 8.14047e-08 0)
(1.03896 4.13415e-08 0)
(1.03896 2.01931e-08 0)
(1.03896 -9.61923e-09 0)
(1.03896 -2.14275e-09 0)
(1.03896 -1.96956e-08 0)
(1.03896 -8.04889e-09 0)
(1.03896 -1.74985e-08 0)
(1.03896 -4.44617e-09 0)
(1.03896 -1.78868e-08 0)
(1.03896 -6.70834e-09 0)
(1.03896 -2.03518e-08 0)
(1.03896 -1.46094e-08 0)
(1.03896 -2.33301e-08 0)
(1.03896 -6.9497e-09 0)
(1.03896 1.13983e-08 0)
(1.03896 5.49818e-08 0)
(1.03896 9.5091e-08 0)
(1.03896 1.77103e-07 0)
(1.03896 2.68971e-07 0)
(1.03896 4.19773e-07 0)
(1.03896 6.34777e-07 0)
(1.03896 9.90791e-07 0)
(1.03896 1.51528e-06 0)
(1.03896 2.31377e-06 0)
(1.03896 3.49096e-06 0)
(1.03896 5.19404e-06 0)
(1.03896 7.69635e-06 0)
(1.03897 1.12825e-05 0)
(1.03897 1.72476e-05 0)
(1.03897 2.60159e-05 0)
(1.03898 4.53655e-05 0)
(1.03899 7.70879e-05 0)
(1.03899 0.000205062 0)
(1.0391 0.000522157 0)
(1.03925 0.00181589 0)
(1.04038 0.00358158 0)
(0.970208 0.0341421 0)
(1.0523 0.0201804 0)
(1.02706 0.00580291 0)
(1.04201 0.000248146 0)
(1.03559 -0.000324635 0)
(1.03839 0.000198413 0)
(1.03734 0.000394984 0)
(1.03808 0.00047411 0)
(1.03806 0.000423705 0)
(1.03833 0.000373051 0)
(1.03844 0.000310569 0)
(1.03858 0.000256707 0)
(1.03867 0.000206584 0)
(1.03875 0.000163323 0)
(1.03881 0.000126373 0)
(1.03885 9.63292e-05 0)
(1.03888 7.13183e-05 0)
(1.03891 5.18184e-05 0)
(1.03892 3.73714e-05 0)
(1.03894 2.6494e-05 0)
(1.03894 1.82306e-05 0)
(1.03895 1.23454e-05 0)
(1.03895 8.29772e-06 0)
(1.03896 5.66615e-06 0)
(1.03896 3.80283e-06 0)
(1.03896 2.53041e-06 0)
(1.03896 1.67051e-06 0)
(1.03896 1.10828e-06 0)
(1.03896 7.49365e-07 0)
(1.03896 5.55544e-07 0)
(1.03896 3.90634e-07 0)
(1.03896 3.09945e-07 0)
(1.03896 2.2079e-07 0)
(1.03896 1.28418e-07 0)
(1.03896 5.30776e-08 0)
(1.03896 1.95419e-09 0)
(1.03896 -1.47694e-08 0)
(1.03896 1.63291e-09 0)
(1.03896 9.20049e-09 0)
(1.03896 4.74214e-08 0)
(1.03896 4.09736e-08 0)
(1.03896 5.95519e-08 0)
(1.03896 2.24733e-08 0)
(1.03896 2.80613e-08 0)
(1.03896 5.94254e-10 0)
(1.03896 -3.08727e-08 0)
(1.03896 -8.05292e-08 0)
(1.03896 -9.13014e-08 0)
(1.03896 -1.10344e-07 0)
(1.03896 -9.11377e-08 0)
(1.03896 -9.64153e-08 0)
(1.03896 -7.07571e-08 0)
(1.03896 -6.21041e-08 0)
(1.03896 -2.82423e-08 0)
(1.03896 -5.23658e-08 0)
(1.03896 -3.68441e-08 0)
(1.03896 -4.6943e-08 0)
(1.03896 -1.80463e-08 0)
(1.03896 7.6703e-09 0)
(1.03896 6.05096e-08 0)
(1.03896 8.52629e-08 0)
(1.03896 9.82709e-08 0)
(1.03896 7.51643e-08 0)
(1.03896 7.69364e-08 0)
(1.03896 4.04078e-08 0)
(1.03896 1.89397e-08 0)
(1.03896 -1.25228e-08 0)
(1.03896 -4.59612e-09 0)
(1.03896 -2.03187e-08 0)
(1.03896 -1.21731e-08 0)
(1.03896 -2.27659e-08 0)
(1.03896 -1.07814e-08 0)
(1.03896 -2.33369e-08 0)
(1.03896 -1.24125e-08 0)
(1.03896 -2.52216e-08 0)
(1.03896 -2.12478e-08 0)
(1.03896 -2.73357e-08 0)
(1.03896 -1.07044e-08 0)
(1.03896 5.77595e-09 0)
(1.03896 4.72985e-08 0)
(1.03896 8.32752e-08 0)
(1.03896 1.59222e-07 0)
(1.03896 2.45807e-07 0)
(1.03896 3.85138e-07 0)
(1.03896 5.82703e-07 0)
(1.03896 9.10892e-07 0)
(1.03896 1.39385e-06 0)
(1.03896 2.12853e-06 0)
(1.03896 3.20826e-06 0)
(1.03896 4.77243e-06 0)
(1.03897 7.08219e-06 0)
(1.03897 1.04146e-05 0)
(1.03897 1.60282e-05 0)
(1.03898 2.43924e-05 0)
(1.03899 4.29353e-05 0)
(1.03901 7.31221e-05 0)
(1.03902 0.000192508 0)
(1.03917 0.000483122 0)
(1.03938 0.00166815 0)
(1.04088 0.00327628 0)
(0.969513 0.0284025 0)
(1.05126 0.0173228 0)
(1.02683 0.00506871 0)
(1.04182 0.000205987 0)
(1.03538 -0.000287904 0)
(1.03817 0.000166129 0)
(1.03713 0.000344957 0)
(1.03791 0.000414515 0)
(1.03791 0.000371681 0)
(1.03821 0.000327533 0)
(1.03834 0.000273149 0)
(1.0385 0.000226038 0)
(1.03861 0.000182143 0)
(1.0387 0.000144139 0)
(1.03877 0.000111668 0)
(1.03883 8.52466e-05 0)
(1.03887 6.31419e-05 0)
(1.0389 4.58908e-05 0)
(1.03892 3.3169e-05 0)
(1.03893 2.35669e-05 0)
(1.03894 1.62221e-05 0)
(1.03895 1.0979e-05 0)
(1.03895 7.39062e-06 0)
(1.03896 5.07647e-06 0)
(1.03896 3.42835e-06 0)
(1.03896 2.29131e-06 0)
(1.03896 1.52135e-06 0)
(1.03896 1.02137e-06 0)
(1.03896 6.91444e-07 0)
(1.03896 5.14071e-07 0)
(1.03896 3.6357e-07 0)
(1.03896 2.89212e-07 0)
(1.03896 2.05314e-07 0)
(1.03896 1.1324e-07 0)
(1.03896 4.18146e-08 0)
(1.03896 -5.45761e-09 0)
(1.03896 -1.66507e-08 0)
(1.03896 1.40587e-09 0)
(1.03896 6.42858e-09 0)
(1.03896 4.27501e-08 0)
(1.03896 3.76471e-08 0)
(1.03896 5.79245e-08 0)
(1.03896 2.12635e-08 0)
(1.03896 2.1934e-08 0)
(1.03896 -6.2023e-10 0)
(1.03896 -2.6263e-08 0)
(1.03896 -7.32395e-08 0)
(1.03896 -8.80133e-08 0)
(1.03896 -1.09525e-07 0)
(1.03896 -9.31238e-08 0)
(1.03896 -1.00218e-07 0)
(1.03896 -7.81309e-08 0)
(1.03896 -6.98224e-08 0)
(1.03896 -3.55103e-08 0)
(1.03896 -5.90055e-08 0)
(1.03896 -4.58682e-08 0)
(1.03896 -5.12029e-08 0)
(1.03896 -2.11286e-08 0)
(1.03896 5.73799e-09 0)
(1.03896 5.86941e-08 0)
(1.03896 8.62026e-08 0)
(1.03896 9.89874e-08 0)
(1.03896 7.3923e-08 0)
(1.03896 7.44363e-08 0)
(1.03896 4.20261e-08 0)
(1.03896 2.1429e-08 0)
(1.03896 -1.12401e-08 0)
(1.03896 -3.40371e-09 0)
(1.03896 -1.70848e-08 0)
(1.03896 -1.2268e-08 0)
(1.03896 -2.45645e-08 0)
(1.03896 -1.37729e-08 0)
(1.03896 -2.57546e-08 0)
(1.03896 -1.49976e-08 0)
(1.03896 -2.64586e-08 0)
(1.03896 -2.41756e-08 0)
(1.03896 -2.76598e-08 0)
(1.03896 -1.03458e-08 0)
(1.03896 3.88862e-09 0)
(1.03896 4.24183e-08 0)
(1.03896 7.3522e-08 0)
(1.03896 1.41362e-07 0)
(1.03896 2.20649e-07 0)
(1.03896 3.45255e-07 0)
(1.03896 5.20115e-07 0)
(1.03896 8.12816e-07 0)
(1.03896 1.24262e-06 0)
(1.03896 1.8969e-06 0)
(1.03896 2.85515e-06 0)
(1.03897 4.24376e-06 0)
(1.03897 6.30305e-06 0)
(1.03897 9.29161e-06 0)
(1.03898 1.43782e-05 0)
(1.03899 2.20402e-05 0)
(1.039 3.90824e-05 0)
(1.03903 6.66626e-05 0)
(1.03905 0.000173994 0)
(1.03925 0.000431546 0)
(1.03949 0.00148069 0)
(1.04131 0.00289764 0)
(0.968969 0.0229142 0)
(1.05041 0.0143355 0)
(1.02665 0.00425439 0)
(1.04167 0.000165814 0)
(1.03521 -0.000245022 0)
(1.03799 0.00013434 0)
(1.03695 0.00028948 0)
(1.03776 0.000348207 0)
(1.03778 0.000313099 0)
(1.03811 0.000276104 0)
(1.03826 0.000230585 0)
(1.03844 0.000190984 0)
(1.03856 0.000154059 0)
(1.03867 0.00012199 0)
(1.03874 9.45987e-05 0)
(1.03881 7.23197e-05 0)
(1.03885 5.3557e-05 0)
(1.03888 3.89124e-05 0)
(1.03891 2.82006e-05 0)
(1.03893 2.00888e-05 0)
(1.03894 1.38257e-05 0)
(1.03895 9.34495e-06 0)
(1.03895 6.29948e-06 0)
(1.03895 4.36244e-06 0)
(1.03896 2.97191e-06 0)
(1.03896 1.99877e-06 0)
(1.03896 1.33535e-06 0)
(1.03896 9.08313e-07 0)
(1.03896 6.15917e-07 0)
(1.03896 4.59525e-07 0)
(1.03896 3.27859e-07 0)
(1.03896 2.62981e-07 0)
(1.03896 1.86481e-07 0)
(1.03896 9.71608e-08 0)
(1.03896 3.04008e-08 0)
(1.03896 -1.23751e-08 0)
(1.03896 -1.79494e-08 0)
(1.03896 3.09975e-09 0)
(1.03896 6.78549e-09 0)
(1.03896 3.95935e-08 0)
(1.03896 3.42214e-08 0)
(1.03896 5.60279e-08 0)
(1.03896 2.18288e-08 0)
(1.03896 1.82548e-08 0)
(1.03896 -8.19134e-10 0)
(1.03896 -2.04927e-08 0)
(1.03896 -6.32533e-08 0)
(1.03896 -8.21045e-08 0)
(1.03896 -1.07336e-07 0)
(1.03896 -9.45268e-08 0)
(1.03896 -1.0278e-07 0)
(1.03896 -8.3988e-08 0)
(1.03896 -7.66919e-08 0)
(1.03896 -4.17055e-08 0)
(1.03896 -6.36727e-08 0)
(1.03896 -5.32081e-08 0)
(1.03896 -5.41467e-08 0)
(1.03896 -2.2067e-08 0)
(1.03896 6.07826e-09 0)
(1.03896 5.75084e-08 0)
(1.03896 8.68173e-08 0)
(1.03896 1.001e-07 0)
(1.03896 7.34419e-08 0)
(1.03896 7.18319e-08 0)
(1.03896 4.36257e-08 0)
(1.03896 2.52541e-08 0)
(1.03896 -7.87002e-09 0)
(1.03896 -8.98543e-10 0)
(1.03896 -1.27017e-08 0)
(1.03896 -1.09023e-08 0)
(1.03896 -2.52812e-08 0)
(1.03896 -1.58978e-08 0)
(1.03896 -2.73707e-08 0)
(1.03896 -1.66854e-08 0)
(1.03896 -2.61583e-08 0)
(1.03896 -2.51278e-08 0)
(1.03896 -2.63551e-08 0)
(1.03896 -8.20109e-09 0)
(1.03896 3.66007e-09 0)
(1.03896 3.81343e-08 0)
(1.03896 6.37466e-08 0)
(1.03896 1.21793e-07 0)
(1.03896 1.91755e-07 0)
(1.03896 2.99137e-07 0)
(1.03896 4.46889e-07 0)
(1.03896 6.9746e-07 0)
(1.03896 1.06397e-06 0)
(1.03896 1.62308e-06 0)
(1.03896 2.43877e-06 0)
(1.03897 3.61969e-06 0)
(1.03897 5.37635e-06 0)
(1.03897 7.93917e-06 0)
(1.03898 1.23379e-05 0)
(1.03899 1.90216e-05 0)
(1.039 3.39244e-05 0)
(1.03904 5.79272e-05 0)
(1.03907 0.000150141 0)
(1.03931 0.000368918 0)
(1.03959 0.00125903 0)
(1.04169 0.00245654 0)
(0.968557 0.0176243 0)
(1.04975 0.0112479 0)
(1.02651 0.0033753 0)
(1.04155 0.000127308 0)
(1.03507 -0.000196668 0)
(1.03785 0.000103333 0)
(1.03681 0.000229662 0)
(1.03764 0.000276467 0)
(1.03768 0.000249157 0)
(1.03803 0.000219827 0)
(1.03819 0.000183784 0)
(1.03839 0.000152307 0)
(1.03852 0.000122958 0)
(1.03863 9.73808e-05 0)
(1.03872 7.55605e-05 0)
(1.03879 5.78524e-05 0)
(1.03884 4.27922e-05 0)
(1.03888 3.10506e-05 0)
(1.0389 2.25859e-05 0)
(1.03892 1.61452e-05 0)
(1.03893 1.10991e-05 0)
(1.03894 7.48233e-06 0)
(1.03895 5.05039e-06 0)
(1.03895 3.54044e-06 0)
(1.03896 2.44269e-06 0)
(1.03896 1.65758e-06 0)
(1.03896 1.1154e-06 0)
(1.03896 7.70999e-07 0)
(1.03896 5.24211e-07 0)
(1.03896 3.92883e-07 0)
(1.03896 2.8348e-07 0)
(1.03896 2.30794e-07 0)
(1.03896 1.63493e-07 0)
(1.03896 7.95147e-08 0)
(1.03896 1.84589e-08 0)
(1.03896 -1.95528e-08 0)
(1.03896 -1.98617e-08 0)
(1.03896 5.17466e-09 0)
(1.03896 9.07045e-09 0)
(1.03896 3.74403e-08 0)
(1.03896 2.99065e-08 0)
(1.03896 5.26028e-08 0)
(1.03896 2.26531e-08 0)
(1.03896 1.63998e-08 0)
(1.03896 -5.90578e-10 0)
(1.03896 -1.4957e-08 0)
(1.03896 -5.25104e-08 0)
(1.03896 -7.4935e-08 0)
(1.03896 -1.05032e-07 0)
(1.03896 -9.66299e-08 0)
(1.03896 -1.05645e-07 0)
(1.03896 -8.9342e-08 0)
(1.03896 -8.35878e-08 0)
(1.03896 -4.7879e-08 0)
(1.03896 -6.74408e-08 0)
(1.03896 -5.94474e-08 0)
(1.03896 -5.66992e-08 0)
(1.03896 -2.2116e-08 0)
(1.03896 7.52875e-09 0)
(1.03896 5.62687e-08 0)
(1.03896 8.60077e-08 0)
(1.03896 1.00393e-07 0)
(1.03896 7.27775e-08 0)
(1.03896 6.85801e-08 0)
(1.03896 4.40738e-08 0)
(1.03896 2.92748e-08 0)
(1.03896 -3.4117e-09 0)
(1.03896 1.91691e-09 0)
(1.03896 -8.58951e-09 0)
(1.03896 -9.39473e-09 0)
(1.03896 -2.6086e-08 0)
(1.03896 -1.83721e-08 0)
(1.03896 -2.9274e-08 0)
(1.03896 -1.85193e-08 0)
(1.03896 -2.54475e-08 0)
(1.03896 -2.49382e-08 0)
(1.03896 -2.44017e-08 0)
(1.03896 -5.32167e-09 0)
(1.03896 3.88292e-09 0)
(1.03896 3.33531e-08 0)
(1.03896 5.29406e-08 0)
(1.03896 1.00033e-07 0)
(1.03896 1.5867e-07 0)
(1.03896 2.46815e-07 0)
(1.03896 3.63863e-07 0)
(1.03896 5.66772e-07 0)
(1.03896 8.61341e-07 0)
(1.03896 1.31255e-06 0)
(1.03897 1.96772e-06 0)
(1.03897 2.91394e-06 0)
(1.03897 4.32311e-06 0)
(1.03898 6.38902e-06 0)
(1.03898 9.95938e-06 0)
(1.039 1.54224e-05 0)
(1.03901 2.76283e-05 0)
(1.03906 4.72154e-05 0)
(1.03909 0.000121721 0)
(1.03936 0.000296948 0)
(1.03967 0.00100903 0)
(1.04199 0.00196412 0)
(0.968259 0.0124844 0)
(1.04926 0.00808549 0)
(1.0264 0.0024463 0)
(1.04146 9.00894e-05 0)
(1.03497 -0.000143789 0)
(1.03774 7.31622e-05 0)
(1.0367 0.000166535 0)
(1.03755 0.000200532 0)
(1.0376 0.000181044 0)
(1.03797 0.000159768 0)
(1.03814 0.000133669 0)
(1.03835 0.000110788 0)
(1.03849 8.94856e-05 0)
(1.03861 7.08379e-05 0)
(1.0387 5.49712e-05 0)
(1.03878 4.217e-05 0)
(1.03883 3.10965e-05 0)
(1.03887 2.24893e-05 0)
(1.0389 1.64571e-05 0)
(1.03892 1.18312e-05 0)
(1.03893 8.10822e-06 0)
(1.03894 5.43619e-06 0)
(1.03895 3.6739e-06 0)
(1.03895 2.63044e-06 0)
(1.03896 1.85302e-06 0)
(1.03896 1.27523e-06 0)
(1.03896 8.66379e-07 0)
(1.03896 6.13173e-07 0)
(1.03896 4.19359e-07 0)
(1.03896 3.16604e-07 0)
(1.03896 2.31632e-07 0)
(1.03896 1.93511e-07 0)
(1.03896 1.36677e-07 0)
(1.03896 6.04786e-08 0)
(1.03896 6.20126e-09 0)
(1.03896 -2.67172e-08 0)
(1.03896 -2.26344e-08 0)
(1.03896 7.02281e-09 0)
(1.03896 1.25995e-08 0)
(1.03896 3.65506e-08 0)
(1.03896 2.50586e-08 0)
(1.03896 4.77109e-08 0)
(1.03896 2.31399e-08 0)
(1.03896 1.64328e-08 0)
(1.03896 4.96805e-10 0)
(1.03896 -9.89902e-09 0)
(1.03896 -4.20852e-08 0)
(1.03896 -6.69806e-08 0)
(1.03896 -1.02872e-07 0)
(1.03896 -9.95078e-08 0)
(1.03896 -1.09186e-07 0)
(1.03896 -9.42068e-08 0)
(1.03896 -9.03599e-08 0)
(1.03896 -5.39058e-08 0)
(1.03896 -7.04453e-08 0)
(1.03896 -6.4202e-08 0)
(1.03896 -5.86815e-08 0)
(1.03896 -2.13902e-08 0)
(1.03896 9.87759e-09 0)
(1.03896 5.53635e-08 0)
(1.03896 8.39219e-08 0)
(1.03896 9.97516e-08 0)
(1.03896 7.18967e-08 0)
(1.03896 6.51086e-08 0)
(1.03896 4.34006e-08 0)
(1.03896 3.31882e-08 0)
(1.03896 1.90177e-09 0)
(1.03896 5.04873e-09 0)
(1.03896 -5.17673e-09 0)
(1.03896 -8.12997e-09 0)
(1.03896 -2.7211e-08 0)
(1.03896 -2.13369e-08 0)
(1.03896 -3.16408e-08 0)
(1.03896 -2.0541e-08 0)
(1.03896 -2.46765e-08 0)
(1.03896 -2.37876e-08 0)
(1.03896 -2.20895e-08 0)
(1.03896 -2.16429e-09 0)
(1.03896 4.18318e-09 0)
(1.03896 2.79171e-08 0)
(1.03896 4.09947e-08 0)
(1.03896 7.65493e-08 0)
(1.03896 1.22019e-07 0)
(1.03896 1.89316e-07 0)
(1.03896 2.72862e-07 0)
(1.03896 4.23804e-07 0)
(1.03896 6.39555e-07 0)
(1.03896 9.7254e-07 0)
(1.03897 1.45271e-06 0)
(1.03897 2.14294e-06 0)
(1.03897 3.16847e-06 0)
(1.03898 4.67942e-06 0)
(1.03899 7.30662e-06 0)
(1.039 1.13503e-05 0)
(1.03902 2.04032e-05 0)
(1.03907 3.48955e-05 0)
(1.0391 8.96252e-05 0)
(1.0394 0.000217527 0)
(1.03973 0.00073676 0)
(1.04222 0.00143163 0)
(0.968067 0.00744943 0)
(1.04894 0.00487152 0)
(1.02633 0.00148189 0)
(1.0414 5.37659e-05 0)
(1.0349 -8.75417e-05 0)
(1.03766 4.37029e-05 0)
(1.03663 0.000101073 0)
(1.03749 0.000121612 0)
(1.03755 0.000109947 0)
(1.03792 9.69987e-05 0)
(1.03811 8.11763e-05 0)
(1.03832 6.72294e-05 0)
(1.03847 5.43099e-05 0)
(1.03859 4.29082e-05 0)
(1.03869 3.32681e-05 0)
(1.03877 2.56145e-05 0)
(1.03882 1.87339e-05 0)
(1.03886 1.34257e-05 0)
(1.03889 9.95649e-06 0)
(1.03892 7.24941e-06 0)
(1.03893 4.92526e-06 0)
(1.03894 3.25653e-06 0)
(1.03895 2.20429e-06 0)
(1.03895 1.65507e-06 0)
(1.03896 1.21765e-06 0)
(1.03896 8.61496e-07 0)
(1.03896 5.94632e-07 0)
(1.03896 4.39346e-07 0)
(1.03896 3.04987e-07 0)
(1.03896 2.33839e-07 0)
(1.03896 1.74055e-07 0)
(1.03896 1.52323e-07 0)
(1.03896 1.06597e-07 0)
(1.03896 4.01291e-08 0)
(1.03896 -6.31049e-09 0)
(1.03896 -3.34152e-08 0)
(1.03896 -2.62778e-08 0)
(1.03896 8.11259e-09 0)
(1.03896 1.65251e-08 0)
(1.03896 3.69609e-08 0)
(1.03896 2.02625e-08 0)
(1.03896 4.18599e-08 0)
(1.03896 2.29382e-08 0)
(1.03896 1.82227e-08 0)
(1.03896 2.90069e-09 0)
(1.03896 -5.14494e-09 0)
(1.03896 -3.27908e-08 0)
(1.03896 -5.86501e-08 0)
(1.03896 -1.00878e-07 0)
(1.03896 -1.02977e-07 0)
(1.03896 -1.1342e-07 0)
(1.03896 -9.84906e-08 0)
(1.03896 -9.66592e-08 0)
(1.03896 -5.94162e-08 0)
(1.03896 -7.26251e-08 0)
(1.03896 -6.70489e-08 0)
(1.03896 -5.96698e-08 0)
(1.03896 -1.97546e-08 0)
(1.03896 1.3058e-08 0)
(1.03896 5.52849e-08 0)
(1.03896 8.10443e-08 0)
(1.03896 9.82938e-08 0)
(1.03896 7.08483e-08 0)
(1.03896 6.19118e-08 0)
(1.03896 4.18981e-08 0)
(1.03896 3.67675e-08 0)
(1.03896 7.7851e-09 0)
(1.03896 8.60535e-09 0)
(1.03896 -2.61847e-09 0)
(1.03896 -7.36455e-09 0)
(1.03896 -2.86965e-08 0)
(1.03896 -2.46906e-08 0)
(1.03896 -3.44589e-08 0)
(1.03896 -2.26206e-08 0)
(1.03896 -2.40533e-08 0)
(1.03896 -2.1908e-08 0)
(1.03896 -1.96082e-08 0)
(1.03896 8.92707e-10 0)
(1.03896 4.28787e-09 0)
(1.03896 2.18602e-08 0)
(1.03896 2.79735e-08 0)
(1.03896 5.19135e-08 0)
(1.03896 8.26668e-08 0)
(1.03896 1.27883e-07 0)
(1.03896 1.75981e-07 0)
(1.03896 2.71973e-07 0)
(1.03896 4.03961e-07 0)
(1.03896 6.11178e-07 0)
(1.03897 9.05623e-07 0)
(1.03897 1.32462e-06 0)
(1.03897 1.94021e-06 0)
(1.03898 2.85325e-06 0)
(1.03899 4.45219e-06 0)
(1.039 6.9292e-06 0)
(1.03902 1.24911e-05 0)
(1.03907 2.1389e-05 0)
(1.03911 5.48392e-05 0)
(1.03943 0.000132686 0)
(1.03977 0.00044847 0)
(1.04237 0.000870449 0)
(0.967972 0.00247646 0)
(1.04878 0.00162726 0)
(1.0263 0.000496309 0)
(1.04137 1.79578e-05 0)
(1.03487 -2.92291e-05 0)
(1.03763 1.47092e-05 0)
(1.0366 3.42106e-05 0)
(1.03746 4.09016e-05 0)
(1.03752 3.70533e-05 0)
(1.0379 3.25981e-05 0)
(1.03809 2.72546e-05 0)
(1.03831 2.24451e-05 0)
(1.03846 1.81122e-05 0)
(1.03859 1.41512e-05 0)
(1.03868 1.09021e-05 0)
(1.03876 8.53893e-06 0)
(1.03882 5.97864e-06 0)
(1.03886 4.0658e-06 0)
(1.03889 3.23374e-06 0)
(1.03891 2.50782e-06 0)
(1.03893 1.62716e-06 0)
(1.03894 9.96933e-07 0)
(1.03895 6.7883e-07 0)
(1.03895 6.39184e-07 0)
(1.03896 5.53026e-07 0)
(1.03896 4.27893e-07 0)
(1.03896 3.07866e-07 0)
(1.03896 2.544e-07 0)
(1.03896 1.84782e-07 0)
(1.03896 1.48054e-07 0)
(1.03896 1.12962e-07 0)
(1.03896 1.0849e-07 0)
(1.03896 7.39115e-08 0)
(1.03896 1.83871e-08 0)
(1.03896 -1.92819e-08 0)
(1.03896 -3.93623e-08 0)
(1.03896 -3.06404e-08 0)
(1.03896 7.86216e-09 0)
(1.03896 1.98632e-08 0)
(1.03896 3.82899e-08 0)
(1.03896 1.60254e-08 0)
(1.03896 3.56905e-08 0)
(1.03896 2.19329e-08 0)
(1.03896 2.13487e-08 0)
(1.03896 6.85293e-09 0)
(1.03896 -3.54746e-10 0)
(1.03896 -2.52265e-08 0)
(1.03896 -5.05106e-08 0)
(1.03896 -9.90495e-08 0)
(1.03896 -1.06838e-07 0)
(1.03896 -1.18215e-07 0)
(1.03896 -1.02178e-07 0)
(1.03896 -1.02197e-07 0)
(1.03896 -6.40883e-08 0)
(1.03896 -7.38747e-08 0)
(1.03896 -6.78158e-08 0)
(1.03896 -5.92745e-08 0)
(1.03896 -1.71115e-08 0)
(1.03896 1.69491e-08 0)
(1.03896 5.62532e-08 0)
(1.03896 7.78549e-08 0)
(1.03896 9.60628e-08 0)
(1.03896 6.95302e-08 0)
(1.03896 5.92469e-08 0)
(1.03896 3.98528e-08 0)
(1.03896 3.9769e-08 0)
(1.03896 1.38022e-08 0)
(1.03896 1.2527e-08 0)
(1.03896 -9.96002e-10 0)
(1.03896 -7.39124e-09 0)
(1.03896 -3.06295e-08 0)
(1.03896 -2.83214e-08 0)
(1.03896 -3.76866e-08 0)
(1.03896 -2.4694e-08 0)
(1.03896 -2.37128e-08 0)
(1.03896 -1.96368e-08 0)
(1.03896 -1.7114e-08 0)
(1.03896 3.56235e-09 0)
(1.03896 3.97848e-09 0)
(1.03896 1.52688e-08 0)
(1.03896 1.40313e-08 0)
(1.03896 2.66482e-08 0)
(1.03896 4.1583e-08 0)
(1.03896 6.38107e-08 0)
(1.03896 7.54001e-08 0)
(1.03896 1.14797e-07 0)
(1.03896 1.6008e-07 0)
(1.03896 2.36956e-07 0)
(1.03897 3.38942e-07 0)
(1.03897 4.77639e-07 0)
(1.03897 6.67639e-07 0)
(1.03898 9.56408e-07 0)
(1.03899 1.47472e-06 0)
(1.039 2.29483e-06 0)
(1.03902 4.15792e-06 0)
(1.03908 7.15584e-06 0)
(1.03912 1.84134e-05 0)
(1.03944 4.4553e-05 0)
(1.03979 0.000150524 0)
(1.04245 0.000292036 0)
(0.967972 -0.00247598 0)
(1.04878 -0.00162699 0)
(1.0263 -0.000496316 0)
(1.04137 -1.76947e-05 0)
(1.03487 2.97629e-05 0)
(1.03763 -1.41352e-05 0)
(1.0366 -3.31346e-05 0)
(1.03746 -4.04125e-05 0)
(1.03752 -3.64463e-05 0)
(1.0379 -3.23481e-05 0)
(1.03809 -2.71402e-05 0)
(1.03831 -2.27414e-05 0)
(1.03846 -1.84179e-05 0)
(1.03859 -1.4868e-05 0)
(1.03868 -1.16701e-05 0)
(1.03876 -8.69899e-06 0)
(1.03882 -6.89173e-06 0)
(1.03886 -5.38007e-06 0)
(1.03889 -3.55767e-06 0)
(1.03891 -2.28279e-06 0)
(1.03893 -1.70631e-06 0)
(1.03894 -1.28702e-06 0)
(1.03895 -8.63521e-07 0)
(1.03895 -3.90877e-07 0)
(1.03896 -1.23351e-07 0)
(1.03896 -1.31644e-08 0)
(1.03896 1.48945e-08 0)
(1.03896 6.35742e-08 0)
(1.03896 6.22178e-08 0)
(1.03896 6.26596e-08 0)
(1.03896 5.10119e-08 0)
(1.03896 6.33687e-08 0)
(1.03896 3.95891e-08 0)
(1.03896 -4.75278e-09 0)
(1.03896 -3.30314e-08 0)
(1.03896 -4.45099e-08 0)
(1.03896 -3.53779e-08 0)
(1.03896 5.81551e-09 0)
(1.03896 2.17208e-08 0)
(1.03896 3.99003e-08 0)
(1.03896 1.27154e-08 0)
(1.03896 2.98705e-08 0)
(1.03896 2.03232e-08 0)
(1.03896 2.52631e-08 0)
(1.03896 1.2337e-08 0)
(1.03896 4.83853e-09 0)
(1.03896 -1.96348e-08 0)
(1.03896 -4.32081e-08 0)
(1.03896 -9.73587e-08 0)
(1.03896 -1.10905e-07 0)
(1.03896 -1.23307e-07 0)
(1.03896 -1.05279e-07 0)
(1.03896 -1.06747e-07 0)
(1.03896 -6.76976e-08 0)
(1.03896 -7.40519e-08 0)
(1.03896 -6.65492e-08 0)
(1.03896 -5.72393e-08 0)
(1.03896 -1.34421e-08 0)
(1.03896 2.138e-08 0)
(1.03896 5.81736e-08 0)
(1.03896 7.47363e-08 0)
(1.03896 9.30495e-08 0)
(1.03896 6.77379e-08 0)
(1.03896 5.71343e-08 0)
(1.03896 3.75532e-08 0)
(1.03896 4.20099e-08 0)
(1.03896 1.94887e-08 0)
(1.03896 1.66113e-08 0)
(1.03896 -2.71359e-10 0)
(1.03896 -8.43605e-09 0)
(1.03896 -3.30837e-08 0)
(1.03896 -3.21071e-08 0)
(1.03896 -4.11996e-08 0)
(1.03896 -2.67368e-08 0)
(1.03896 -2.36638e-08 0)
(1.03896 -1.72867e-08 0)
(1.03896 -1.46746e-08 0)
(1.03896 5.75319e-09 0)
(1.03896 3.2044e-09 0)
(1.03896 8.32599e-09 0)
(1.03896 -5.11631e-10 0)
(1.03896 1.2824e-09 0)
(1.03896 -1.32969e-10 0)
(1.03896 -1.49155e-09 0)
(1.03896 -2.66092e-08 0)
(1.03896 -4.41448e-08 0)
(1.03896 -8.65252e-08 0)
(1.03896 -1.41539e-07 0)
(1.03897 -2.3458e-07 0)
(1.03897 -3.79032e-07 0)
(1.03897 -6.19264e-07 0)
(1.03898 -9.63546e-07 0)
(1.03899 -1.54359e-06 0)
(1.039 -2.41017e-06 0)
(1.03902 -4.31636e-06 0)
(1.03908 -7.32128e-06 0)
(1.03912 -1.85628e-05 0)
(1.03944 -4.46837e-05 0)
(1.03979 -0.000150648 0)
(1.04245 -0.000292127 0)
(0.968067 -0.00744898 0)
(1.04894 -0.00487128 0)
(1.02633 -0.00148191 0)
(1.0414 -5.35389e-05 0)
(1.0349 8.80267e-05 0)
(1.03766 -4.31655e-05 0)
(1.03663 -0.000100047 0)
(1.03749 -0.000121143 0)
(1.03755 -0.000109358 0)
(1.03792 -9.67529e-05 0)
(1.03811 -8.10516e-05 0)
(1.03832 -6.75068e-05 0)
(1.03847 -5.45903e-05 0)
(1.03859 -4.35857e-05 0)
(1.03869 -3.39941e-05 0)
(1.03877 -2.57429e-05 0)
(1.03882 -1.96028e-05 0)
(1.03886 -1.47027e-05 0)
(1.03889 -1.02643e-05 0)
(1.03892 -7.01211e-06 0)
(1.03893 -4.99518e-06 0)
(1.03894 -3.53977e-06 0)
(1.03895 -2.38398e-06 0)
(1.03895 -1.40851e-06 0)
(1.03896 -7.93901e-07 0)
(1.03896 -4.49457e-07 0)
(1.03896 -2.751e-07 0)
(1.03896 -1.27564e-07 0)
(1.03896 -5.95861e-08 0)
(1.03896 -1.94587e-08 0)
(1.03896 -8.9639e-09 0)
(1.03896 1.84285e-08 0)
(1.03896 4.72482e-09 0)
(1.03896 -2.89985e-08 0)
(1.03896 -4.78178e-08 0)
(1.03896 -4.90816e-08 0)
(1.03896 -4.00181e-08 0)
(1.03896 1.81753e-09 0)
(1.03896 2.146e-08 0)
(1.03896 4.10857e-08 0)
(1.03896 1.05127e-08 0)
(1.03896 2.49569e-08 0)
(1.03896 1.85647e-08 0)
(1.03896 2.94356e-08 0)
(1.03896 1.90913e-08 0)
(1.03896 1.07052e-08 0)
(1.03896 -1.58823e-08 0)
(1.03896 -3.73617e-08 0)
(1.03896 -9.57896e-08 0)
(1.03896 -1.15009e-07 0)
(1.03896 -1.28376e-07 0)
(1.03896 -1.07785e-07 0)
(1.03896 -1.10133e-07 0)
(1.03896 -7.0118e-08 0)
(1.03896 -7.30049e-08 0)
(1.03896 -6.34333e-08 0)
(1.03896 -5.34939e-08 0)
(1.03896 -8.83456e-09 0)
(1.03896 2.61398e-08 0)
(1.03896 6.06894e-08 0)
(1.03896 7.19024e-08 0)
(1.03896 8.92404e-08 0)
(1.03896 6.52445e-08 0)
(1.03896 5.54025e-08 0)
(1.03896 3.5296e-08 0)
(1.03896 4.34211e-08 0)
(1.03896 2.44748e-08 0)
(1.03896 2.05758e-08 0)
(1.03896 -2.7782e-10 0)
(1.03896 -1.05615e-08 0)
(1.03896 -3.60593e-08 0)
(1.03896 -3.59038e-08 0)
(1.03896 -4.47738e-08 0)
(1.03896 -2.86998e-08 0)
(1.03896 -2.37896e-08 0)
(1.03896 -1.50567e-08 0)
(1.03896 -1.22915e-08 0)
(1.03896 7.53609e-09 0)
(1.03896 2.09705e-09 0)
(1.03896 1.2983e-09 0)
(1.03896 -1.51836e-08 0)
(1.03896 -2.36314e-08 0)
(1.03896 -4.1301e-08 0)
(1.03896 -6.64902e-08 0)
(1.03896 -1.27716e-07 0)
(1.03896 -2.01266e-07 0)
(1.03896 -3.30352e-07 0)
(1.03896 -5.15826e-07 0)
(1.03897 -8.02169e-07 0)
(1.03897 -1.22648e-06 0)
(1.03897 -1.89057e-06 0)
(1.03898 -2.85868e-06 0)
(1.03899 -4.51951e-06 0)
(1.039 -7.04113e-06 0)
(1.03902 -1.2647e-05 0)
(1.03907 -2.15521e-05 0)
(1.03911 -5.49869e-05 0)
(1.03943 -0.000132816 0)
(1.03977 -0.000448593 0)
(1.04237 -0.00087054 0)
(0.968259 -0.012484 0)
(1.04926 -0.0080853 0)
(1.0264 -0.00244636 0)
(1.04146 -8.99228e-05 0)
(1.03497 0.00014419 0)
(1.03774 -7.26889e-05 0)
(1.0367 -0.0001656 0)
(1.03755 -0.000200099 0)
(1.0376 -0.000180488 0)
(1.03797 -0.000159532 0)
(1.03814 -0.000133528 0)
(1.03835 -0.000111035 0)
(1.03849 -8.97221e-05 0)
(1.03861 -7.14464e-05 0)
(1.0387 -5.56245e-05 0)
(1.03878 -4.22437e-05 0)
(1.03883 -3.18884e-05 0)
(1.03887 -2.36994e-05 0)
(1.0389 -1.67366e-05 0)
(1.03892 -1.15735e-05 0)
(1.03893 -8.16219e-06 0)
(1.03894 -5.70764e-06 0)
(1.03895 -3.84574e-06 0)
(1.03895 -2.38828e-06 0)
(1.03896 -1.44187e-06 0)
(1.03896 -8.69919e-07 0)
(1.03896 -5.53549e-07 0)
(1.03896 -3.13325e-07 0)
(1.03896 -1.77836e-07 0)
(1.03896 -9.62698e-08 0)
(1.03896 -6.43878e-08 0)
(1.03896 -2.4752e-08 0)
(1.03896 -2.94877e-08 0)
(1.03896 -5.36407e-08 0)
(1.03896 -6.36685e-08 0)
(1.03896 -5.35305e-08 0)
(1.03896 -4.4117e-08 0)
(1.03896 -3.88287e-09 0)
(1.03896 1.87865e-08 0)
(1.03896 4.12209e-08 0)
(1.03896 9.39146e-09 0)
(1.03896 2.12801e-08 0)
(1.03896 1.72038e-08 0)
(1.03896 3.34413e-08 0)
(1.03896 2.66194e-08 0)
(1.03896 1.72953e-08 0)
(1.03896 -1.35671e-08 0)
(1.03896 -3.34604e-08 0)
(1.03896 -9.43922e-08 0)
(1.03896 -1.19001e-07 0)
(1.03896 -1.33111e-07 0)
(1.03896 -1.0964e-07 0)
(1.03896 -1.12209e-07 0)
(1.03896 -7.13048e-08 0)
(1.03896 -7.06214e-08 0)
(1.03896 -5.87195e-08 0)
(1.03896 -4.81595e-08 0)
(1.03896 -3.49998e-09 0)
(1.03896 3.09797e-08 0)
(1.03896 6.32957e-08 0)
(1.03896 6.93695e-08 0)
(1.03896 8.46581e-08 0)
(1.03896 6.18848e-08 0)
(1.03896 5.37609e-08 0)
(1.03896 3.33536e-08 0)
(1.03896 4.40714e-08 0)
(1.03896 2.85457e-08 0)
(1.03896 2.41395e-08 0)
(1.03896 -7.46362e-10 0)
(1.03896 -1.36176e-08 0)
(1.03896 -3.94388e-08 0)
(1.03896 -3.95418e-08 0)
(1.03896 -4.81147e-08 0)
(1.03896 -3.04803e-08 0)
(1.03896 -2.38973e-08 0)
(1.03896 -1.30236e-08 0)
(1.03896 -9.95114e-09 0)
(1.03896 9.04285e-09 0)
(1.03896 8.91941e-10 0)
(1.03896 -5.51975e-09 0)
(1.03896 -2.94545e-08 0)
(1.03896 -4.75401e-08 0)
(1.03896 -8.07722e-08 0)
(1.03896 -1.29576e-07 0)
(1.03896 -2.25587e-07 0)
(1.03896 -3.53038e-07 0)
(1.03896 -5.66028e-07 0)
(1.03896 -8.7768e-07 0)
(1.03897 -1.35126e-06 0)
(1.03897 -2.04609e-06 0)
(1.03897 -3.11703e-06 0)
(1.03898 -4.68198e-06 0)
(1.03899 -7.37116e-06 0)
(1.039 -1.14561e-05 0)
(1.03902 -2.05541e-05 0)
(1.03907 -3.5054e-05 0)
(1.0391 -8.97695e-05 0)
(1.0394 -0.000217657 0)
(1.03973 -0.000736883 0)
(1.04222 -0.00143171 0)
(0.968557 -0.017624 0)
(1.04975 -0.0112477 0)
(1.02651 -0.00337538 0)
(1.04155 -0.000127207 0)
(1.03507 0.000196975 0)
(1.03785 -0.000102936 0)
(1.03681 -0.00022884 0)
(1.03764 -0.000276079 0)
(1.03768 -0.000248643 0)
(1.03803 -0.000219608 0)
(1.03819 -0.000183629 0)
(1.03839 -0.000152523 0)
(1.03852 -0.000123143 0)
(1.03863 -9.79068e-05 0)
(1.03872 -7.61298e-05 0)
(1.03879 -5.78635e-05 0)
(1.03884 -4.34935e-05 0)
(1.03888 -3.21769e-05 0)
(1.0389 -2.28317e-05 0)
(1.03892 -1.58656e-05 0)
(1.03893 -1.11348e-05 0)
(1.03894 -7.74008e-06 0)
(1.03895 -5.21488e-06 0)
(1.03895 -3.30692e-06 0)
(1.03896 -2.05187e-06 0)
(1.03896 -1.26501e-06 0)
(1.03896 -8.13199e-07 0)
(1.03896 -4.8817e-07 0)
(1.03896 -2.89832e-07 0)
(1.03896 -1.66563e-07 0)
(1.03896 -1.13281e-07 0)
(1.03896 -6.45204e-08 0)
(1.03896 -6.15874e-08 0)
(1.03896 -7.75496e-08 0)
(1.03896 -8.02348e-08 0)
(1.03896 -5.8393e-08 0)
(1.03896 -4.74046e-08 0)
(1.03896 -1.06385e-08 0)
(1.03896 1.38082e-08 0)
(1.03896 3.98793e-08 0)
(1.03896 9.17648e-09 0)
(1.03896 1.89119e-08 0)
(1.03896 1.67076e-08 0)
(1.03896 3.7026e-08 0)
(1.03896 3.42649e-08 0)
(1.03896 2.43887e-08 0)
(1.03896 -1.22072e-08 0)
(1.03896 -3.17571e-08 0)
(1.03896 -9.32766e-08 0)
(1.03896 -1.22701e-07 0)
(1.03896 -1.37229e-07 0)
(1.03896 -1.10714e-07 0)
(1.03896 -1.12821e-07 0)
(1.03896 -7.12542e-08 0)
(1.03896 -6.68465e-08 0)
(1.03896 -5.26756e-08 0)
(1.03896 -4.15017e-08 0)
(1.03896 2.26367e-09 0)
(1.03896 3.56452e-08 0)
(1.03896 6.54994e-08 0)
(1.03896 6.7011e-08 0)
(1.03896 7.94017e-08 0)
(1.03896 5.76377e-08 0)
(1.03896 5.19127e-08 0)
(1.03896 3.19342e-08 0)
(1.03896 4.41721e-08 0)
(1.03896 3.1667e-08 0)
(1.03896 2.71031e-08 0)
(1.03896 -1.33063e-09 0)
(1.03896 -1.72335e-08 0)
(1.03896 -4.2955e-08 0)
(1.03896 -4.28032e-08 0)
(1.03896 -5.08909e-08 0)
(1.03896 -3.19234e-08 0)
(1.03896 -2.37746e-08 0)
(1.03896 -1.11739e-08 0)
(1.03896 -7.66008e-09 0)
(1.03896 1.03836e-08 0)
(1.03896 -1.58854e-10 0)
(1.03896 -1.1841e-08 0)
(1.03896 -4.28231e-08 0)
(1.03896 -6.99058e-08 0)
(1.03896 -1.1751e-07 0)
(1.03896 -1.8912e-07 0)
(1.03896 -3.17928e-07 0)
(1.03896 -4.96037e-07 0)
(1.03896 -7.88341e-07 0)
(1.03896 -1.21919e-06 0)
(1.03897 -1.86967e-06 0)
(1.03897 -2.8197e-06 0)
(1.03897 -4.27054e-06 0)
(1.03898 -6.38843e-06 0)
(1.03898 -1.00204e-05 0)
(1.039 -1.55205e-05 0)
(1.03901 -2.77724e-05 0)
(1.03906 -4.73678e-05 0)
(1.03909 -0.00012186 0)
(1.03936 -0.000297075 0)
(1.03967 -0.00100915 0)
(1.04199 -0.0019642 0)
(0.968969 -0.0229139 0)
(1.05041 -0.0143354 0)
(1.02665 -0.00425448 0)
(1.04167 -0.000165762 0)
(1.03521 0.000245248 0)
(1.03799 -0.000134012 0)
(1.03695 -0.000288773 0)
(1.03776 -0.000347865 0)
(1.03778 -0.000312634 0)
(1.03811 -0.00027591 0)
(1.03826 -0.000230424 0)
(1.03844 -0.00019118 0)
(1.03856 -0.000154197 0)
(1.03867 -0.000122437 0)
(1.03874 -9.50924e-05 0)
(1.03881 -7.22767e-05 0)
(1.03885 -5.41737e-05 0)
(1.03888 -3.99528e-05 0)
(1.03891 -2.8414e-05 0)
(1.03893 -1.9793e-05 0)
(1.03894 -1.38458e-05 0)
(1.03895 -9.5899e-06 0)
(1.03895 -6.46014e-06 0)
(1.03895 -4.14323e-06 0)
(1.03896 -2.60972e-06 0)
(1.03896 -1.62634e-06 0)
(1.03896 -1.04821e-06 0)
(1.03896 -6.46897e-07 0)
(1.03896 -3.92652e-07 0)
(1.03896 -2.29561e-07 0)
(1.03896 -1.54406e-07 0)
(1.03896 -9.92783e-08 0)
(1.03896 -9.00797e-08 0)
(1.03896 -9.93226e-08 0)
(1.03896 -9.67412e-08 0)
(1.03896 -6.40727e-08 0)
(1.03896 -4.9872e-08 0)
(1.03896 -1.75343e-08 0)
(1.03896 7.03481e-09 0)
(1.03896 3.69073e-08 0)
(1.03896 9.63053e-09 0)
(1.03896 1.77427e-08 0)
(1.03896 1.73579e-08 0)
(1.03896 4.01576e-08 0)
(1.03896 4.135e-08 0)
(1.03896 3.15484e-08 0)
(1.03896 -1.13146e-08 0)
(1.03896 -3.21772e-08 0)
(1.03896 -9.2536e-08 0)
(1.03896 -1.25842e-07 0)
(1.03896 -1.40426e-07 0)
(1.03896 -1.10788e-07 0)
(1.03896 -1.1177e-07 0)
(1.03896 -6.99681e-08 0)
(1.03896 -6.16889e-08 0)
(1.03896 -4.55511e-08 0)
(1.03896 -3.38403e-08 0)
(1.03896 8.14633e-09 0)
(1.03896 3.99149e-08 0)
(1.03896 6.69632e-08 0)
(1.03896 6.46563e-08 0)
(1.03896 7.36693e-08 0)
(1.03896 5.26523e-08 0)
(1.03896 4.9667e-08 0)
(1.03896 3.11518e-08 0)
(1.03896 4.40425e-08 0)
(1.03896 3.39529e-08 0)
(1.03896 2.93679e-08 0)
(1.03896 -1.67094e-09 0)
(1.03896 -2.08727e-08 0)
(1.03896 -4.62059e-08 0)
(1.03896 -4.54087e-08 0)
(1.03896 -5.27658e-08 0)
(1.03896 -3.28343e-08 0)
(1.03896 -2.32166e-08 0)
(1.03896 -9.43414e-09 0)
(1.03896 -5.43317e-09 0)
(1.03896 1.16236e-08 0)
(1.03896 -8.38492e-10 0)
(1.03896 -1.73925e-08 0)
(1.03896 -5.48502e-08 0)
(1.03896 -9.0204e-08 0)
(1.03896 -1.50614e-07 0)
(1.03896 -2.43528e-07 0)
(1.03896 -4.02497e-07 0)
(1.03896 -6.2697e-07 0)
(1.03896 -9.92252e-07 0)
(1.03896 -1.53277e-06 0)
(1.03896 -2.34572e-06 0)
(1.03897 -3.52983e-06 0)
(1.03897 -5.32456e-06 0)
(1.03897 -7.93611e-06 0)
(1.03898 -1.23952e-05 0)
(1.03899 -1.91116e-05 0)
(1.039 -3.40602e-05 0)
(1.03904 -5.80722e-05 0)
(1.03907 -0.000150275 0)
(1.03931 -0.000369042 0)
(1.03959 -0.00125915 0)
(1.04169 -0.00245663 0)
(0.969513 -0.0284021 0)
(1.05126 -0.0173227 0)
(1.02683 -0.00506879 0)
(1.04182 -0.000205954 0)
(1.03538 0.000288081 0)
(1.03817 -0.000165848 0)
(1.03713 -0.000344351 0)
(1.03791 -0.000414212 0)
(1.03791 -0.000371264 0)
(1.03821 -0.000327368 0)
(1.03834 -0.000272995 0)
(1.0385 -0.000226232 0)
(1.03861 -0.000182246 0)
(1.0387 -0.000144522 0)
(1.03877 -0.000112108 0)
(1.03883 -8.51696e-05 0)
(1.03887 -6.36938e-05 0)
(1.0389 -4.68538e-05 0)
(1.03892 -3.33554e-05 0)
(1.03893 -2.3265e-05 0)
(1.03894 -1.62331e-05 0)
(1.03895 -1.12132e-05 0)
(1.03895 -7.55222e-06 0)
(1.03896 -4.87769e-06 0)
(1.03896 -3.10211e-06 0)
(1.03896 -1.9461e-06 0)
(1.03896 -1.25388e-06 0)
(1.03896 -7.84944e-07 0)
(1.03896 -4.8317e-07 0)
(1.03896 -2.84635e-07 0)
(1.03896 -1.87447e-07 0)
(1.03896 -1.27914e-07 0)
(1.03896 -1.13802e-07 0)
(1.03896 -1.17744e-07 0)
(1.03896 -1.1229e-07 0)
(1.03896 -7.0848e-08 0)
(1.03896 -5.1978e-08 0)
(1.03896 -2.38521e-08 0)
(1.03896 -9.12845e-10 0)
(1.03896 3.22311e-08 0)
(1.03896 1.02982e-08 0)
(1.03896 1.73733e-08 0)
(1.03896 1.89961e-08 0)
(1.03896 4.27768e-08 0)
(1.03896 4.71133e-08 0)
(1.03896 3.80119e-08 0)
(1.03896 -1.0673e-08 0)
(1.03896 -3.44836e-08 0)
(1.03896 -9.2351e-08 0)
(1.03896 -1.28264e-07 0)
(1.03896 -1.42583e-07 0)
(1.03896 -1.09842e-07 0)
(1.03896 -1.09105e-07 0)
(1.03896 -6.76819e-08 0)
(1.03896 -5.54808e-08 0)
(1.03896 -3.77555e-08 0)
(1.03896 -2.56478e-08 0)
(1.03896 1.37497e-08 0)
(1.03896 4.34456e-08 0)
(1.03896 6.73469e-08 0)
(1.03896 6.19509e-08 0)
(1.03896 6.75277e-08 0)
(1.03896 4.69842e-08 0)
(1.03896 4.67977e-08 0)
(1.03896 3.07985e-08 0)
(1.03896 4.38258e-08 0)
(1.03896 3.5412e-08 0)
(1.03896 3.07761e-08 0)
(1.03896 -1.67904e-09 0)
(1.03896 -2.41322e-08 0)
(1.03896 -4.89533e-08 0)
(1.03896 -4.72652e-08 0)
(1.03896 -5.36875e-08 0)
(1.03896 -3.32545e-08 0)
(1.03896 -2.22987e-08 0)
(1.03896 -7.85895e-09 0)
(1.03896 -3.47024e-09 0)
(1.03896 1.25744e-08 0)
(1.03896 -1.23544e-09 0)
(1.03896 -2.21419e-08 0)
(1.03896 -6.53625e-08 0)
(1.03896 -1.0812e-07 0)
(1.03896 -1.79503e-07 0)
(1.03896 -2.91481e-07 0)
(1.03896 -4.77328e-07 0)
(1.03896 -7.42912e-07 0)
(1.03896 -1.17315e-06 0)
(1.03896 -1.81143e-06 0)
(1.03896 -2.76864e-06 0)
(1.03897 -4.16016e-06 0)
(1.03897 -6.25471e-06 0)
(1.03897 -9.28738e-06 0)
(1.03898 -1.44319e-05 0)
(1.03899 -2.21227e-05 0)
(1.039 -3.92091e-05 0)
(1.03903 -6.67998e-05 0)
(1.03905 -0.000174122 0)
(1.03925 -0.000431666 0)
(1.03949 -0.0014808 0)
(1.04131 -0.00289772 0)
(0.970208 -0.0341417 0)
(1.0523 -0.0201802 0)
(1.02706 -0.00580296 0)
(1.04201 -0.000248098 0)
(1.03559 0.000324798 0)
(1.03839 -0.000198152 0)
(1.03734 -0.000394457 0)
(1.03808 -0.000473837 0)
(1.03806 -0.000423333 0)
(1.03833 -0.000372916 0)
(1.03844 -0.000310431 0)
(1.03858 -0.000256915 0)
(1.03867 -0.000206665 0)
(1.03875 -0.000163659 0)
(1.03881 -0.000126785 0)
(1.03885 -9.62412e-05 0)
(1.03888 -7.18279e-05 0)
(1.03891 -5.27156e-05 0)
(1.03892 -3.75358e-05 0)
(1.03894 -2.61963e-05 0)
(1.03894 -1.82393e-05 0)
(1.03895 -1.25701e-05 0)
(1.03895 -8.46403e-06 0)
(1.03896 -5.49245e-06 0)
(1.03896 -3.51679e-06 0)
(1.03896 -2.217e-06 0)
(1.03896 -1.42671e-06 0)
(1.03896 -8.99208e-07 0)
(1.03896 -5.58959e-07 0)
(1.03896 -3.31797e-07 0)
(1.03896 -2.13734e-07 0)
(1.03896 -1.50959e-07 0)
(1.03896 -1.33079e-07 0)
(1.03896 -1.32942e-07 0)
(1.03896 -1.26932e-07 0)
(1.03896 -7.96315e-08 0)
(1.03896 -5.54005e-08 0)
(1.03896 -3.01764e-08 0)
(1.03896 -1.03638e-08 0)
(1.03896 2.49727e-08 0)
(1.03896 9.633e-09 0)
(1.03896 1.6427e-08 0)
(1.03896 2.02315e-08 0)
(1.03896 4.38954e-08 0)
(1.03896 5.01098e-08 0)
(1.03896 4.207e-08 0)
(1.03896 -1.12068e-08 0)
(1.03896 -3.92265e-08 0)
(1.03896 -9.3721e-08 0)
(1.03896 -1.30715e-07 0)
(1.03896 -1.44531e-07 0)
(1.03896 -1.08824e-07 0)
(1.03896 -1.05861e-07 0)
(1.03896 -6.56269e-08 0)
(1.03896 -4.97038e-08 0)
(1.03896 -3.06756e-08 0)
(1.03896 -1.82104e-08 0)
(1.03896 1.77937e-08 0)
(1.03896 4.49366e-08 0)
(1.03896 6.54922e-08 0)
(1.03896 5.75401e-08 0)
(1.03896 6.00401e-08 0)
(1.03896 3.96546e-08 0)
(1.03896 4.22285e-08 0)
(1.03896 2.95392e-08 0)
(1.03896 4.25881e-08 0)
(1.03896 3.50897e-08 0)
(1.03896 3.03031e-08 0)
(1.03896 -2.52031e-09 0)
(1.03896 -2.77604e-08 0)
(1.03896 -5.20503e-08 0)
(1.03896 -4.93377e-08 0)
(1.03896 -5.46661e-08 0)
(1.03896 -3.4201e-08 0)
(1.03896 -2.2197e-08 0)
(1.03896 -7.43896e-09 0)
(1.03896 -2.97339e-09 0)
(1.03896 1.2022e-08 0)
(1.03896 -2.54658e-09 0)
(1.03896 -2.70706e-08 0)
(1.03896 -7.52689e-08 0)
(1.03896 -1.24419e-07 0)
(1.03896 -2.04761e-07 0)
(1.03896 -3.32772e-07 0)
(1.03896 -5.41482e-07 0)
(1.03896 -8.42007e-07 0)
(1.03896 -1.32757e-06 0)
(1.03896 -2.04953e-06 0)
(1.03896 -3.12949e-06 0)
(1.03896 -4.69665e-06 0)
(1.03897 -7.04e-06 0)
(1.03897 -1.04105e-05 0)
(1.03897 -1.60781e-05 0)
(1.03898 -2.44684e-05 0)
(1.03899 -4.30528e-05 0)
(1.03901 -7.32513e-05 0)
(1.03902 -0.00019263 0)
(1.03917 -0.000483236 0)
(1.03938 -0.00166826 0)
(1.04088 -0.00327636 0)
(0.971084 -0.0401916 0)
(1.05355 -0.0228738 0)
(1.02733 -0.00644097 0)
(1.04223 -0.000292384 0)
(1.03585 0.000355017 0)
(1.03864 -0.000230365 0)
(1.03758 -0.000437897 0)
(1.03829 -0.000525409 0)
(1.03823 -0.000467625 0)
(1.03847 -0.000411484 0)
(1.03855 -0.000341832 0)
(1.03867 -0.000282483 0)
(1.03874 -0.00022685 0)
(1.0388 -0.000179368 0)
(1.03884 -0.000138749 0)
(1.03888 -0.000105206 0)
(1.0389 -7.83619e-05 0)
(1.03892 -5.7384e-05 0)
(1.03893 -4.08438e-05 0)
(1.03894 -2.85072e-05 0)
(1.03895 -1.98116e-05 0)
(1.03895 -1.36243e-05 0)
(1.03896 -9.17033e-06 0)
(1.03896 -5.97067e-06 0)
(1.03896 -3.84213e-06 0)
(1.03896 -2.4318e-06 0)
(1.03896 -1.56381e-06 0)
(1.03896 -9.88268e-07 0)
(1.03896 -6.18848e-07 0)
(1.03896 -3.71883e-07 0)
(1.03896 -2.36403e-07 0)
(1.03896 -1.71095e-07 0)
(1.03896 -1.50294e-07 0)
(1.03896 -1.4692e-07 0)
(1.03896 -1.42225e-07 0)
(1.03896 -9.21504e-08 0)
(1.03896 -6.29856e-08 0)
(1.03896 -3.86589e-08 0)
(1.03896 -2.28739e-08 0)
(1.03896 1.32316e-08 0)
(1.03896 4.99369e-09 0)
(1.03896 1.24099e-08 0)
(1.03896 1.8342e-08 0)
(1.03896 4.11909e-08 0)
(1.03896 4.77759e-08 0)
(1.03896 4.10297e-08 0)
(1.03896 -1.50526e-08 0)
(1.03896 -4.78853e-08 0)
(1.03896 -9.88223e-08 0)
(1.03896 -1.35237e-07 0)
(1.03896 -1.48548e-07 0)
(1.03896 -1.10117e-07 0)
(1.03896 -1.04556e-07 0)
(1.03896 -6.63159e-08 0)
(1.03896 -4.71051e-08 0)
(1.03896 -2.67983e-08 0)
(1.03896 -1.43007e-08 0)
(1.03896 1.77877e-08 0)
(1.03896 4.1847e-08 0)
(1.03896 5.90347e-08 0)
(1.03896 4.88529e-08 0)
(1.03896 4.8993e-08 0)
(1.03896 2.85514e-08 0)
(1.03896 3.3762e-08 0)
(1.03896 2.47525e-08 0)
(1.03896 3.80829e-08 0)
(1.03896 3.07626e-08 0)
(1.03896 2.5972e-08 0)
(1.03896 -6.71581e-09 0)
(1.03896 -3.39549e-08 0)
(1.03896 -5.7825e-08 0)
(1.03896 -5.4012e-08 0)
(1.03896 -5.82225e-08 0)
(1.03896 -3.8089e-08 0)
(1.03896 -2.53301e-08 0)
(1.03896 -1.0304e-08 0)
(1.03896 -6.33381e-09 0)
(1.03896 7.46463e-09 0)
(1.03896 -7.39172e-09 0)
(1.03896 -3.4431e-08 0)
(1.03896 -8.66925e-08 0)
(1.03896 -1.41149e-07 0)
(1.03896 -2.28396e-07 0)
(1.03896 -3.68527e-07 0)
(1.03896 -5.95091e-07 0)
(1.03896 -9.23384e-07 0)
(1.03896 -1.45297e-06 0)
(1.03896 -2.24224e-06 0)
(1.03896 -3.42049e-06 0)
(1.03896 -5.12695e-06 0)
(1.03896 -7.66224e-06 0)
(1.03897 -1.12792e-05 0)
(1.03897 -1.72936e-05 0)
(1.03897 -2.60862e-05 0)
(1.03898 -4.54735e-05 0)
(1.03899 -7.7209e-05 0)
(1.03899 -0.000205178 0)
(1.0391 -0.000522264 0)
(1.03925 -0.00181599 0)
(1.04038 -0.00358165 0)
(0.972179 -0.0466184 0)
(1.05502 -0.0253631 0)
(1.02765 -0.00696593 0)
(1.04248 -0.000338756 0)
(1.03614 0.000378681 0)
(1.03893 -0.000261621 0)
(1.03786 -0.000473389 0)
(1.03851 -0.000567538 0)
(1.03842 -0.000502912 0)
(1.03863 -0.000441998 0)
(1.03867 -0.000366309 0)
(1.03876 -0.000302207 0)
(1.03881 -0.000242221 0)
(1.03885 -0.00019119 0)
(1.03888 -0.000147644 0)
(1.03891 -0.000111793 0)
(1.03892 -8.30941e-05 0)
(1.03893 -6.07126e-05 0)
(1.03894 -4.31743e-05 0)
(1.03895 -3.01202e-05 0)
(1.03895 -2.08959e-05 0)
(1.03895 -1.43382e-05 0)
(1.03896 -9.64265e-06 0)
(1.03896 -6.29119e-06 0)
(1.03896 -4.06217e-06 0)
(1.03896 -2.57882e-06 0)
(1.03896 -1.65836e-06 0)
(1.03896 -1.04833e-06 0)
(1.03896 -6.59006e-07 0)
(1.03896 -4.01796e-07 0)
(1.03896 -2.54658e-07 0)
(1.03896 -1.87484e-07 0)
(1.03896 -1.64363e-07 0)
(1.03896 -1.58025e-07 0)
(1.03896 -1.55696e-07 0)
(1.03896 -1.05646e-07 0)
(1.03896 -7.269e-08 0)
(1.03896 -4.70401e-08 0)
(1.03896 -3.55677e-08 0)
(1.03896 7.24519e-11 0)
(1.03896 -1.44154e-09 0)
(1.03896 7.4637e-09 0)
(1.03896 1.53663e-08 0)
(1.03896 3.71468e-08 0)
(1.03896 4.23815e-08 0)
(1.03896 3.6983e-08 0)
(1.03896 -2.02136e-08 0)
(1.03896 -5.74578e-08 0)
(1.03896 -1.04981e-07 0)
(1.03896 -1.39231e-07 0)
(1.03896 -1.5227e-07 0)
(1.03896 -1.11385e-07 0)
(1.03896 -1.03291e-07 0)
(1.03896 -6.76496e-08 0)
(1.03896 -4.58798e-08 0)
(1.03896 -2.41117e-08 0)
(1.03896 -1.26381e-08 0)
(1.03896 1.57063e-08 0)
(1.03896 3.61966e-08 0)
(1.03896 5.03888e-08 0)
(1.03896 3.79466e-08 0)
(1.03896 3.68129e-08 0)
(1.03896 1.62015e-08 0)
(1.03896 2.36393e-08 0)
(1.03896 1.83202e-08 0)
(1.03896 3.22108e-08 0)
(1.03896 2.43824e-08 0)
(1.03896 1.93452e-08 0)
(1.03896 -1.25072e-08 0)
(1.03896 -4.07086e-08 0)
(1.03896 -6.41457e-08 0)
(1.03896 -5.91191e-08 0)
(1.03896 -6.24317e-08 0)
(1.03896 -4.28674e-08 0)
(1.03896 -2.96215e-08 0)
(1.03896 -1.44755e-08 0)
(1.03896 -1.14847e-08 0)
(1.03896 1.01632e-09 0)
(1.03896 -1.37041e-08 0)
(1.03896 -4.19717e-08 0)
(1.03896 -9.74643e-08 0)
(1.03896 -1.56093e-07 0)
(1.03896 -2.48217e-07 0)
(1.03896 -3.95964e-07 0)
(1.03896 -6.3464e-07 0)
(1.03896 -9.82701e-07 0)
(1.03896 -1.54298e-06 0)
(1.03896 -2.3803e-06 0)
(1.03896 -3.62902e-06 0)
(1.03896 -5.43403e-06 0)
(1.03896 -8.09929e-06 0)
(1.03896 -1.18661e-05 0)
(1.03896 -1.80433e-05 0)
(1.03897 -2.69317e-05 0)
(1.03896 -4.64011e-05 0)
(1.03897 -7.85412e-05 0)
(1.03896 -0.000211315 0)
(1.03901 -0.000547514 0)
(1.03912 -0.00191888 0)
(1.03982 -0.00380297 0)
(0.973544 -0.0534987 0)
(1.05675 -0.0275994 0)
(1.02802 -0.00735986 0)
(1.04276 -0.000386771 0)
(1.03647 0.00039604 0)
(1.03925 -0.000290729 0)
(1.03816 -0.000499583 0)
(1.03876 -0.00059879 0)
(1.03863 -0.00052797 0)
(1.03879 -0.000463407 0)
(1.0388 -0.000383009 0)
(1.03886 -0.000315397 0)
(1.03888 -0.00025224 0)
(1.03891 -0.000198707 0)
(1.03892 -0.000153152 0)
(1.03893 -0.000115768 0)
(1.03894 -8.5852e-05 0)
(1.03894 -6.2578e-05 0)
(1.03895 -4.44403e-05 0)
(1.03895 -3.09712e-05 0)
(1.03895 -2.14459e-05 0)
(1.03895 -1.46798e-05 0)
(1.03895 -9.85722e-06 0)
(1.03895 -6.43589e-06 0)
(1.03895 -4.16365e-06 0)
(1.03895 -2.64875e-06 0)
(1.03895 -1.70452e-06 0)
(1.03895 -1.07528e-06 0)
(1.03895 -6.73456e-07 0)
(1.03895 -4.13175e-07 0)
(1.03895 -2.59182e-07 0)
(1.03895 -1.90944e-07 0)
(1.03895 -1.66008e-07 0)
(1.03895 -1.56366e-07 0)
(1.03895 -1.56475e-07 0)
(1.03895 -1.07913e-07 0)
(1.03895 -7.29316e-08 0)
(1.03895 -4.41008e-08 0)
(1.03895 -3.64556e-08 0)
(1.03895 -2.35697e-09 0)
(1.03895 2.12275e-09 0)
(1.03895 1.29979e-08 0)
(1.03895 2.23042e-08 0)
(1.03895 4.29758e-08 0)
(1.03895 4.4947e-08 0)
(1.03895 4.13756e-08 0)
(1.03895 -1.53869e-08 0)
(1.03895 -5.55613e-08 0)
(1.03895 -1.00894e-07 0)
(1.03895 -1.31699e-07 0)
(1.03895 -1.45052e-07 0)
(1.03895 -1.02042e-07 0)
(1.03895 -9.15619e-08 0)
(1.03895 -5.86852e-08 0)
(1.03895 -3.4932e-08 0)
(1.03895 -1.16355e-08 0)
(1.03895 -2.30999e-09 0)
(1.03895 2.29515e-08 0)
(1.03895 3.88665e-08 0)
(1.03895 5.06491e-08 0)
(1.03895 3.58857e-08 0)
(1.03895 3.48836e-08 0)
(1.03895 1.45427e-08 0)
(1.03895 2.33968e-08 0)
(1.03895 2.14474e-08 0)
(1.03895 3.60351e-08 0)
(1.03895 2.71625e-08 0)
(1.03895 2.11527e-08 0)
(1.03895 -8.75649e-09 0)
(1.03895 -3.71043e-08 0)
(1.03895 -6.01563e-08 0)
(1.03895 -5.38671e-08 0)
(1.03895 -5.67469e-08 0)
(1.03895 -3.77459e-08 0)
(1.03895 -2.37289e-08 0)
(1.03895 -9.02352e-09 0)
(1.03895 -6.95995e-09 0)
(1.03895 3.87681e-09 0)
(1.03895 -1.05898e-08 0)
(1.03895 -3.81826e-08 0)
(1.03895 -9.59156e-08 0)
(1.03895 -1.5824e-07 0)
(1.03895 -2.53485e-07 0)
(1.03895 -4.06268e-07 0)
(1.03895 -6.53086e-07 0)
(1.03895 -1.01392e-06 0)
(1.03895 -1.59127e-06 0)
(1.03895 -2.4553e-06 0)
(1.03895 -3.74303e-06 0)
(1.03895 -5.60159e-06 0)
(1.03895 -8.3306e-06 0)
(1.03895 -1.21477e-05 0)
(1.03895 -1.83037e-05 0)
(1.03895 -2.69858e-05 0)
(1.03895 -4.58234e-05 0)
(1.03894 -7.72199e-05 0)
(1.03893 -0.000210797 0)
(1.03892 -0.000558056 0)
(1.03897 -0.00197234 0)
(1.03921 -0.00393011 0)
(0.975244 -0.0609219 0)
(1.05874 -0.0295232 0)
(1.02845 -0.00760344 0)
(1.04306 -0.000435495 0)
(1.03684 0.000407495 0)
(1.03958 -0.00031627 0)
(1.03849 -0.000515178 0)
(1.03902 -0.000617791 0)
(1.03884 -0.000541691 0)
(1.03895 -0.000474791 0)
(1.03893 -0.000391234 0)
(1.03895 -0.000321524 0)
(1.03895 -0.000256528 0)
(1.03895 -0.000201659 0)
(1.03895 -0.000155108 0)
(1.03895 -0.000117041 0)
(1.03895 -8.66054e-05 0)
(1.03894 -6.29931e-05 0)
(1.03894 -4.46866e-05 0)
(1.03894 -3.11255e-05 0)
(1.03894 -2.15389e-05 0)
(1.03894 -1.47356e-05 0)
(1.03894 -9.90434e-06 0)
(1.03894 -6.49476e-06 0)
(1.03894 -4.23471e-06 0)
(1.03893 -2.72553e-06 0)
(1.03893 -1.77839e-06 0)
(1.03893 -1.13839e-06 0)
(1.03893 -7.28219e-07 0)
(1.03893 -4.66718e-07 0)
(1.03893 -3.05688e-07 0)
(1.03893 -2.37838e-07 0)
(1.03893 -2.12232e-07 0)
(1.03893 -1.99047e-07 0)
(1.03893 -2.01745e-07 0)
(1.03893 -1.57015e-07 0)
(1.03893 -1.23344e-07 0)
(1.03893 -9.07088e-08 0)
(1.03893 -8.50478e-08 0)
(1.03893 -5.29618e-08 0)
(1.03893 -4.45779e-08 0)
(1.03893 -3.14119e-08 0)
(1.03893 -2.09005e-08 0)
(1.03893 -2.57642e-10 0)
(1.03893 -1.96121e-09 0)
(1.03893 -4.55481e-09 0)
(1.03893 -6.04459e-08 0)
(1.03893 -1.01551e-07 0)
(1.03893 -1.44161e-07 0)
(1.03893 -1.6962e-07 0)
(1.03893 -1.83961e-07 0)
(1.03893 -1.39743e-07 0)
(1.03893 -1.27549e-07 0)
(1.03893 -9.78638e-08 0)
(1.03893 -7.49066e-08 0)
(1.03893 -5.00398e-08 0)
(1.03893 -4.29736e-08 0)
(1.03893 -2.07e-08 0)
(1.03893 -8.31115e-09 0)
(1.03893 1.49713e-09 0)
(1.03893 -1.53195e-08 0)
(1.03893 -1.6093e-08 0)
(1.03893 -3.6397e-08 0)
(1.03893 -2.68121e-08 0)
(1.03893 -2.62836e-08 0)
(1.03893 -1.07048e-08 0)
(1.03893 -2.08303e-08 0)
(1.03893 -2.77632e-08 0)
(1.03893 -5.56092e-08 0)
(1.03893 -8.16364e-08 0)
(1.03893 -1.04246e-07 0)
(1.03893 -9.63035e-08 0)
(1.03893 -9.92948e-08 0)
(1.03893 -8.14873e-08 0)
(1.03893 -6.81789e-08 0)
(1.03893 -5.38451e-08 0)
(1.03893 -5.29511e-08 0)
(1.03893 -4.3305e-08 0)
(1.03893 -5.69041e-08 0)
(1.03893 -8.33485e-08 0)
(1.03893 -1.4124e-07 0)
(1.03893 -2.03514e-07 0)
(1.03893 -2.99414e-07 0)
(1.03893 -4.58589e-07 0)
(1.03893 -7.1396e-07 0)
(1.03893 -1.08349e-06 0)
(1.03893 -1.67239e-06 0)
(1.03893 -2.54918e-06 0)
(1.03893 -3.84806e-06 0)
(1.03893 -5.71692e-06 0)
(1.03893 -8.44427e-06 0)
(1.03893 -1.22148e-05 0)
(1.03893 -1.81746e-05 0)
(1.03893 -2.6368e-05 0)
(1.03892 -4.39018e-05 0)
(1.03891 -7.34382e-05 0)
(1.03888 -0.000203723 0)
(1.03882 -0.000553414 0)
(1.03882 -0.00197261 0)
(1.03856 -0.00395352 0)
(0.977359 -0.0689953 0)
(1.06102 -0.0310615 0)
(1.02892 -0.00767566 0)
(1.04336 -0.000483326 0)
(1.03723 0.000413356 0)
(1.03992 -0.000336728 0)
(1.0388 -0.000519074 0)
(1.03927 -0.00062335 0)
(1.03904 -0.000543223 0)
(1.0391 -0.000475512 0)
(1.03903 -0.000390595 0)
(1.03902 -0.000320387 0)
(1.03899 -0.000255057 0)
(1.03897 -0.000200149 0)
(1.03895 -0.000153707 0)
(1.03893 -0.000115876 0)
(1.03892 -8.56736e-05 0)
(1.03891 -6.2317e-05 0)
(1.0389 -4.43039e-05 0)
(1.03889 -3.09981e-05 0)
(1.03889 -2.16008e-05 0)
(1.03889 -1.49318e-05 0)
(1.03889 -1.02047e-05 0)
(1.03888 -6.87562e-06 0)
(1.03888 -4.66405e-06 0)
(1.03888 -3.173e-06 0)
(1.03888 -2.22416e-06 0)
(1.03888 -1.57128e-06 0)
(1.03888 -1.16663e-06 0)
(1.03888 -9.1628e-07 0)
(1.03888 -7.6521e-07 0)
(1.03888 -7.00838e-07 0)
(1.03888 -6.7601e-07 0)
(1.03888 -6.59251e-07 0)
(1.03888 -6.64063e-07 0)
(1.03888 -6.24543e-07 0)
(1.03888 -5.94891e-07 0)
(1.03888 -5.59116e-07 0)
(1.03888 -5.53842e-07 0)
(1.03888 -5.23811e-07 0)
(1.03888 -5.13789e-07 0)
(1.03888 -4.98095e-07 0)
(1.03888 -4.87023e-07 0)
(1.03888 -4.65469e-07 0)
(1.03888 -4.70497e-07 0)
(1.03888 -4.73233e-07 0)
(1.03888 -5.27561e-07 0)
(1.03888 -5.67738e-07 0)
(1.03888 -6.06942e-07 0)
(1.03888 -6.25881e-07 0)
(1.03888 -6.41514e-07 0)
(1.03888 -5.9743e-07 0)
(1.03888 -5.84098e-07 0)
(1.03888 -5.57801e-07 0)
(1.03888 -5.3805e-07 0)
(1.03888 -5.11753e-07 0)
(1.03888 -5.06429e-07 0)
(1.03888 -4.87448e-07 0)
(1.03888 -4.77836e-07 0)
(1.03888 -4.69558e-07 0)
(1.03888 -4.8802e-07 0)
(1.03888 -4.88574e-07 0)
(1.03888 -5.08785e-07 0)
(1.03888 -4.98644e-07 0)
(1.03888 -4.96812e-07 0)
(1.03888 -4.80164e-07 0)
(1.03888 -4.91322e-07 0)
(1.03888 -4.98703e-07 0)
(1.03888 -5.24992e-07 0)
(1.03888 -5.46846e-07 0)
(1.03888 -5.68758e-07 0)
(1.03888 -5.59076e-07 0)
(1.03888 -5.62427e-07 0)
(1.03888 -5.46461e-07 0)
(1.03888 -5.35312e-07 0)
(1.03888 -5.20753e-07 0)
(1.03888 -5.21491e-07 0)
(1.03888 -5.12679e-07 0)
(1.03888 -5.24929e-07 0)
(1.03888 -5.49644e-07 0)
(1.03888 -6.05689e-07 0)
(1.03888 -6.64432e-07 0)
(1.03888 -7.58016e-07 0)
(1.03888 -9.11736e-07 0)
(1.03888 -1.16008e-06 0)
(1.03888 -1.52375e-06 0)
(1.03888 -2.12745e-06 0)
(1.03888 -3.02131e-06 0)
(1.03888 -4.32632e-06 0)
(1.03888 -6.17947e-06 0)
(1.03888 -8.85243e-06 0)
(1.03888 -1.2492e-05 0)
(1.03887 -1.81017e-05 0)
(1.03887 -2.55619e-05 0)
(1.03886 -4.1194e-05 0)
(1.03884 -6.7832e-05 0)
(1.03881 -0.000190761 0)
(1.03869 -0.000533744 0)
(1.03862 -0.0019171 0)
(1.03784 -0.00386457 0)
(0.979966 -0.0778399 0)
(1.06355 -0.0321203 0)
(1.02936 -0.00755235 0)
(1.04357 -0.000526964 0)
(1.03755 0.000414184 0)
(1.04017 -0.000349986 0)
(1.03904 -0.000509853 0)
(1.03942 -0.000613896 0)
(1.03914 -0.000531416 0)
(1.03914 -0.000464674 0)
(1.03903 -0.000380503 0)
(1.03898 -0.000311636 0)
(1.03892 -0.000247695 0)
(1.03888 -0.000194238 0)
(1.03884 -0.000149098 0)
(1.03881 -0.000112484 0)
(1.03878 -8.33097e-05 0)
(1.03877 -6.08308e-05 0)
(1.03875 -4.35918e-05 0)
(1.03874 -3.09025e-05 0)
(1.03874 -2.19475e-05 0)
(1.03873 -1.55834e-05 0)
(1.03873 -1.10737e-05 0)
(1.03873 -7.89142e-06 0)
(1.03873 -5.75962e-06 0)
(1.03872 -4.29468e-06 0)
(1.03872 -3.37667e-06 0)
(1.03872 -2.75916e-06 0)
(1.03872 -2.37576e-06 0)
(1.03872 -2.14673e-06 0)
(1.03872 -2.01964e-06 0)
(1.03872 -1.96179e-06 0)
(1.03872 -1.93905e-06 0)
(1.03872 -1.9189e-06 0)
(1.03872 -1.92451e-06 0)
(1.03872 -1.8891e-06 0)
(1.03872 -1.86442e-06 0)
(1.03872 -1.82708e-06 0)
(1.03872 -1.82174e-06 0)
(1.03872 -1.7939e-06 0)
(1.03872 -1.7837e-06 0)
(1.03872 -1.76558e-06 0)
(1.03872 -1.75547e-06 0)
(1.03872 -1.73327e-06 0)
(1.03872 -1.74133e-06 0)
(1.03872 -1.74407e-06 0)
(1.03872 -1.79526e-06 0)
(1.03872 -1.83283e-06 0)
(1.03872 -1.86955e-06 0)
(1.03872 -1.88248e-06 0)
(1.03872 -1.89919e-06 0)
(1.03872 -1.8566e-06 0)
(1.03872 -1.8423e-06 0)
(1.03872 -1.81882e-06 0)
(1.03872 -1.80227e-06 0)
(1.03872 -1.77532e-06 0)
(1.03872 -1.77139e-06 0)
(1.03872 -1.75552e-06 0)
(1.03872 -1.7499e-06 0)
(1.03872 -1.74268e-06 0)
(1.03872 -1.76225e-06 0)
(1.03872 -1.76167e-06 0)
(1.03872 -1.78079e-06 0)
(1.03872 -1.77004e-06 0)
(1.03872 -1.76781e-06 0)
(1.03872 -1.75063e-06 0)
(1.03872 -1.76234e-06 0)
(1.03872 -1.76985e-06 0)
(1.03872 -1.79477e-06 0)
(1.03872 -1.81278e-06 0)
(1.03872 -1.8336e-06 0)
(1.03872 -1.82285e-06 0)
(1.03872 -1.8265e-06 0)
(1.03872 -1.81231e-06 0)
(1.03872 -1.80307e-06 0)
(1.03872 -1.78818e-06 0)
(1.03872 -1.79043e-06 0)
(1.03872 -1.78299e-06 0)
(1.03872 -1.79404e-06 0)
(1.03872 -1.8151e-06 0)
(1.03872 -1.86812e-06 0)
(1.03872 -1.92311e-06 0)
(1.03872 -2.01213e-06 0)
(1.03872 -2.15007e-06 0)
(1.03872 -2.37686e-06 0)
(1.03872 -2.71865e-06 0)
(1.03872 -3.29408e-06 0)
(1.03872 -4.17273e-06 0)
(1.03872 -5.48063e-06 0)
(1.03872 -7.29462e-06 0)
(1.03872 -9.86289e-06 0)
(1.03871 -1.32935e-05 0)
(1.03871 -1.84209e-05 0)
(1.0387 -2.49512e-05 0)
(1.03869 -3.81997e-05 0)
(1.03866 -6.10518e-05 0)
(1.03863 -0.000172769 0)
(1.03847 -0.000499344 0)
(1.03833 -0.00180393 0)
(1.037 -0.00365525 0)
(0.983075 -0.0875526 0)
(1.06617 -0.0325721 0)
(1.02959 -0.00720443 0)
(1.04348 -0.000559658 0)
(1.03761 0.000411827 0)
(1.04013 -0.000351948 0)
(1.03899 -0.000484444 0)
(1.03928 -0.000586153 0)
(1.03894 -0.000503477 0)
(1.03888 -0.000439733 0)
(1.03872 -0.000358709 0)
(1.03863 -0.000293222 0)
(1.03854 -0.000232569 0)
(1.03847 -0.000182179 0)
(1.03841 -0.000139592 0)
(1.03837 -0.000105185 0)
(1.03833 -7.78225e-05 0)
(1.03831 -5.67962e-05 0)
(1.03829 -4.07281e-05 0)
(1.03828 -2.89017e-05 0)
(1.03827 -2.05818e-05 0)
(1.03826 -1.47078e-05 0)
(1.03826 -1.05575e-05 0)
(1.03825 -7.63284e-06 0)
(1.03825 -5.67475e-06 0)
(1.03825 -4.32244e-06 0)
(1.03825 -3.47322e-06 0)
(1.03825 -2.93187e-06 0)
(1.03825 -2.57669e-06 0)
(1.03825 -2.36661e-06 0)
(1.03825 -2.2575e-06 0)
(1.03825 -2.20796e-06 0)
(1.03825 -2.18874e-06 0)
(1.03825 -2.16619e-06 0)
(1.03825 -2.17206e-06 0)
(1.03825 -2.14023e-06 0)
(1.03825 -2.12148e-06 0)
(1.03825 -2.08474e-06 0)
(1.03825 -2.07911e-06 0)
(1.03825 -2.05358e-06 0)
(1.03825 -2.04489e-06 0)
(1.03825 -2.02484e-06 0)
(1.03825 -2.01678e-06 0)
(1.03825 -1.99451e-06 0)
(1.03825 -2.00407e-06 0)
(1.03825 -2.00678e-06 0)
(1.03825 -2.05412e-06 0)
(1.03825 -2.08726e-06 0)
(1.03825 -2.12119e-06 0)
(1.03825 -2.12876e-06 0)
(1.03825 -2.14611e-06 0)
(1.03825 -2.10645e-06 0)
(1.03825 -2.09191e-06 0)
(1.03825 -2.07087e-06 0)
(1.03825 -2.05785e-06 0)
(1.03825 -2.03151e-06 0)
(1.03825 -2.02876e-06 0)
(1.03825 -2.01544e-06 0)
(1.03825 -2.01372e-06 0)
(1.03825 -2.00734e-06 0)
(1.03825 -2.02714e-06 0)
(1.03825 -2.02511e-06 0)
(1.03825 -2.04286e-06 0)
(1.03825 -2.03159e-06 0)
(1.03825 -2.02951e-06 0)
(1.03825 -2.01272e-06 0)
(1.03825 -2.02443e-06 0)
(1.03825 -2.03133e-06 0)
(1.03825 -2.05485e-06 0)
(1.03825 -2.06892e-06 0)
(1.03825 -2.08802e-06 0)
(1.03825 -2.07685e-06 0)
(1.03825 -2.08083e-06 0)
(1.03825 -2.06833e-06 0)
(1.03825 -2.06147e-06 0)
(1.03825 -2.04668e-06 0)
(1.03825 -2.05002e-06 0)
(1.03825 -2.04403e-06 0)
(1.03825 -2.05362e-06 0)
(1.03825 -2.07002e-06 0)
(1.03825 -2.11882e-06 0)
(1.03825 -2.16878e-06 0)
(1.03825 -2.25095e-06 0)
(1.03825 -2.37619e-06 0)
(1.03825 -2.58266e-06 0)
(1.03825 -2.89666e-06 0)
(1.03825 -3.40839e-06 0)
(1.03824 -4.23548e-06 0)
(1.03824 -5.46287e-06 0)
(1.03824 -7.15231e-06 0)
(1.03824 -9.5226e-06 0)
(1.03824 -1.2642e-05 0)
(1.03823 -1.71571e-05 0)
(1.03822 -2.26107e-05 0)
(1.03821 -3.32274e-05 0)
(1.03818 -5.17697e-05 0)
(1.03814 -0.000149045 0)
(1.03793 -0.000449233 0)
(1.03774 -0.00163081 0)
(1.03586 -0.00331733 0)
(0.986399 -0.0981687 0)
(1.0683 -0.0322552 0)
(1.02896 -0.0066065 0)
(1.04243 -0.000577934 0)
(1.03676 0.000402992 0)
(1.03917 -0.000342292 0)
(1.03801 -0.000444048 0)
(1.0382 -0.000541275 0)
(1.03779 -0.000460891 0)
(1.03766 -0.000402198 0)
(1.03746 -0.000326638 0)
(1.03733 -0.000266307 0)
(1.0372 -0.000210383 0)
(1.03711 -0.000164109 0)
(1.03703 -0.000125305 0)
(1.03697 -9.40688e-05 0)
(1.03693 -6.92264e-05 0)
(1.0369 -5.01036e-05 0)
(1.03687 -3.54126e-05 0)
(1.03686 -2.44316e-05 0)
(1.03685 -1.67678e-05 0)
(1.03684 -1.15639e-05 0)
(1.03683 -7.91805e-06 0)
(1.03683 -5.3679e-06 0)
(1.03683 -3.68874e-06 0)
(1.03683 -2.55107e-06 0)
(1.03682 -1.82732e-06 0)
(1.03682 -1.35667e-06 0)
(1.03682 -1.03914e-06 0)
(1.03682 -8.50948e-07 0)
(1.03682 -7.5859e-07 0)
(1.03682 -7.18482e-07 0)
(1.03682 -7.03695e-07 0)
(1.03682 -6.79984e-07 0)
(1.03682 -6.86286e-07 0)
(1.03682 -6.57565e-07 0)
(1.03682 -6.45413e-07 0)
(1.03682 -6.11512e-07 0)
(1.03682 -6.05722e-07 0)
(1.03682 -5.82931e-07 0)
(1.03682 -5.77022e-07 0)
(1.03682 -5.55827e-07 0)
(1.03682 -5.50444e-07 0)
(1.03682 -5.29511e-07 0)
(1.03682 -5.38437e-07 0)
(1.03682 -5.40658e-07 0)
(1.03682 -5.83772e-07 0)
(1.03682 -6.10781e-07 0)
(1.03682 -6.41259e-07 0)
(1.03682 -6.4422e-07 0)
(1.03682 -6.61778e-07 0)
(1.03682 -6.26315e-07 0)
(1.03682 -6.12579e-07 0)
(1.03682 -5.94074e-07 0)
(1.03682 -5.84611e-07 0)
(1.03682 -5.60169e-07 0)
(1.03682 -5.58524e-07 0)
(1.03682 -5.46927e-07 0)
(1.03682 -5.48444e-07 0)
(1.03682 -5.4278e-07 0)
(1.03682 -5.61866e-07 0)
(1.03682 -5.58289e-07 0)
(1.03682 -5.74738e-07 0)
(1.03682 -5.63282e-07 0)
(1.03682 -5.61589e-07 0)
(1.03682 -5.4617e-07 0)
(1.03682 -5.57507e-07 0)
(1.03682 -5.62748e-07 0)
(1.03682 -5.84437e-07 0)
(1.03682 -5.94655e-07 0)
(1.03682 -6.11463e-07 0)
(1.03682 -6.00458e-07 0)
(1.03682 -6.04905e-07 0)
(1.03682 -5.93815e-07 0)
(1.03682 -5.89769e-07 0)
(1.03682 -5.75994e-07 0)
(1.03682 -5.7999e-07 0)
(1.03682 -5.75223e-07 0)
(1.03682 -5.83147e-07 0)
(1.03682 -5.94292e-07 0)
(1.03682 -6.37777e-07 0)
(1.03682 -6.81399e-07 0)
(1.03682 -7.53931e-07 0)
(1.03682 -8.6444e-07 0)
(1.03682 -1.04652e-06 0)
(1.03682 -1.32488e-06 0)
(1.03682 -1.77871e-06 0)
(1.03682 -2.49848e-06 0)
(1.03682 -3.54373e-06 0)
(1.03682 -5.01098e-06 0)
(1.03681 -7.0839e-06 0)
(1.03681 -9.79101e-06 0)
(1.0368 -1.3587e-05 0)
(1.03679 -1.78885e-05 0)
(1.03678 -2.60034e-05 0)
(1.03674 -4.02987e-05 0)
(1.0367 -0.00012109 0)
(1.03647 -0.000386692 0)
(1.03621 -0.00140316 0)
(1.03381 -0.0028508 0)
(0.988607 -0.109863 0)
(1.06804 -0.0310217 0)
(1.02558 -0.00577162 0)
(1.03848 -0.000615882 0)
(1.0331 0.00034606 0)
(1.03535 -0.000356845 0)
(1.03419 -0.000426302 0)
(1.03426 -0.000516964 0)
(1.0338 -0.000441474 0)
(1.0336 -0.000389687 0)
(1.03334 -0.000321483 0)
(1.03317 -0.000267414 0)
(1.03301 -0.000216627 0)
(1.03289 -0.000174243 0)
(1.0328 -0.000140625 0)
(1.03273 -0.000113776 0)
(1.03268 -9.24839e-05 0)
(1.03264 -7.61522e-05 0)
(1.03261 -6.36537e-05 0)
(1.03259 -5.43172e-05 0)
(1.03257 -4.78221e-05 0)
(1.03256 -4.34548e-05 0)
(1.03256 -4.04163e-05 0)
(1.03255 -3.82995e-05 0)
(1.03255 -3.69259e-05 0)
(1.03255 -3.60091e-05 0)
(1.03255 -3.54434e-05 0)
(1.03255 -3.50548e-05 0)
(1.03255 -3.47864e-05 0)
(1.03255 -3.4626e-05 0)
(1.03255 -3.45505e-05 0)
(1.03255 -3.452e-05 0)
(1.03255 -3.45099e-05 0)
(1.03255 -3.44861e-05 0)
(1.03255 -3.44934e-05 0)
(1.03255 -3.44677e-05 0)
(1.03255 -3.44618e-05 0)
(1.03255 -3.44328e-05 0)
(1.03255 -3.44275e-05 0)
(1.03255 -3.44079e-05 0)
(1.03255 -3.44056e-05 0)
(1.03255 -3.43844e-05 0)
(1.03255 -3.43813e-05 0)
(1.03255 -3.43633e-05 0)
(1.03255 -3.43699e-05 0)
(1.03255 -3.43709e-05 0)
(1.03255 -3.44093e-05 0)
(1.03255 -3.44293e-05 0)
(1.03255 -3.44554e-05 0)
(1.03255 -3.44545e-05 0)
(1.03255 -3.44717e-05 0)
(1.03255 -3.44417e-05 0)
(1.03255 -3.44296e-05 0)
(1.03255 -3.44143e-05 0)
(1.03255 -3.44083e-05 0)
(1.03255 -3.43868e-05 0)
(1.03255 -3.43861e-05 0)
(1.03255 -3.43756e-05 0)
(1.03255 -3.43794e-05 0)
(1.03255 -3.43742e-05 0)
(1.03255 -3.43919e-05 0)
(1.03255 -3.43868e-05 0)
(1.03255 -3.44021e-05 0)
(1.03255 -3.43909e-05 0)
(1.03255 -3.43897e-05 0)
(1.03255 -3.43764e-05 0)
(1.03255 -3.4387e-05 0)
(1.03255 -3.43899e-05 0)
(1.03255 -3.44089e-05 0)
(1.03255 -3.44157e-05 0)
(1.03255 -3.44298e-05 0)
(1.03255 -3.44194e-05 0)
(1.03255 -3.44242e-05 0)
(1.03255 -3.44143e-05 0)
(1.03255 -3.44131e-05 0)
(1.03255 -3.44015e-05 0)
(1.03255 -3.44058e-05 0)
(1.03255 -3.44017e-05 0)
(1.03255 -3.44078e-05 0)
(1.03255 -3.44139e-05 0)
(1.03255 -3.44512e-05 0)
(1.03255 -3.44874e-05 0)
(1.03255 -3.45474e-05 0)
(1.03255 -3.46393e-05 0)
(1.03255 -3.47918e-05 0)
(1.03254 -3.50253e-05 0)
(1.03254 -3.54099e-05 0)
(1.03254 -3.59837e-05 0)
(1.03254 -3.68361e-05 0)
(1.03254 -3.8054e-05 0)
(1.03254 -3.97836e-05 0)
(1.03253 -4.20197e-05 0)
(1.03252 -4.5043e-05 0)
(1.03251 -4.81854e-05 0)
(1.03249 -5.35637e-05 0)
(1.03246 -6.3103e-05 0)
(1.03242 -0.000125067 0)
(1.03218 -0.000351656 0)
(1.03185 -0.00117216 0)
(1.02901 -0.00230044 0)
(0.985037 -0.123206 0)
(1.05959 -0.0287029 0)
(1.01374 -0.00475255 0)
(1.02587 -0.000759571 0)
(1.02089 0.000137791 0)
(1.02297 -0.000491729 0)
(1.0218 -0.000527185 0)
(1.02176 -0.00060652 0)
(1.02123 -0.000540345 0)
(1.02097 -0.000498728 0)
(1.02067 -0.000442351 0)
(1.02045 -0.000398487 0)
(1.02026 -0.000357059 0)
(1.02012 -0.000322673 0)
(1.02001 -0.000295842 0)
(1.01993 -0.000274586 0)
(1.01987 -0.000257846 0)
(1.01982 -0.000245151 0)
(1.01979 -0.000235605 0)
(1.01977 -0.000228651 0)
(1.01975 -0.000223801 0)
(1.01974 -0.000220418 0)
(1.01973 -0.000218071 0)
(1.01973 -0.000216432 0)
(1.01973 -0.000215375 0)
(1.01972 -0.000214669 0)
(1.01972 -0.000214237 0)
(1.01972 -0.000213944 0)
(1.01972 -0.000213736 0)
(1.01972 -0.00021361 0)
(1.01972 -0.000213551 0)
(1.01972 -0.000213529 0)
(1.01972 -0.000213523 0)
(1.01972 -0.0002135 0)
(1.01972 -0.000213508 0)
(1.01972 -0.000213485 0)
(1.01972 -0.000213484 0)
(1.01972 -0.000213461 0)
(1.01972 -0.000213457 0)
(1.01972 -0.00021344 0)
(1.01972 -0.000213441 0)
(1.01972 -0.000213422 0)
(1.01972 -0.000213421 0)
(1.01972 -0.000213408 0)
(1.01972 -0.000213412 0)
(1.01972 -0.000213412 0)
(1.01972 -0.000213444 0)
(1.01972 -0.000213457 0)
(1.01972 -0.000213478 0)
(1.01972 -0.000213474 0)
(1.01972 -0.00021349 0)
(1.01972 -0.000213467 0)
(1.01972 -0.000213457 0)
(1.01972 -0.000213445 0)
(1.01972 -0.000213443 0)
(1.01972 -0.000213425 0)
(1.01972 -0.000213425 0)
(1.01972 -0.000213416 0)
(1.01972 -0.00021342 0)
(1.01972 -0.000213415 0)
(1.01972 -0.000213431 0)
(1.01972 -0.000213425 0)
(1.01972 -0.000213438 0)
(1.01972 -0.000213428 0)
(1.01972 -0.000213427 0)
(1.01972 -0.000213417 0)
(1.01972 -0.000213426 0)
(1.01972 -0.000213427 0)
(1.01972 -0.000213442 0)
(1.01972 -0.000213446 0)
(1.01972 -0.000213457 0)
(1.01972 -0.000213448 0)
(1.01972 -0.000213452 0)
(1.01972 -0.000213444 0)
(1.01972 -0.000213445 0)
(1.01972 -0.000213437 0)
(1.01972 -0.000213441 0)
(1.01972 -0.000213437 0)
(1.01972 -0.000213441 0)
(1.01972 -0.000213443 0)
(1.01972 -0.000213473 0)
(1.01972 -0.000213501 0)
(1.01972 -0.000213545 0)
(1.01972 -0.000213615 0)
(1.01972 -0.000213734 0)
(1.01972 -0.000213914 0)
(1.01972 -0.000214214 0)
(1.01972 -0.000214659 0)
(1.01971 -0.000215325 0)
(1.01971 -0.000216276 0)
(1.01971 -0.000217624 0)
(1.0197 -0.00021934 0)
(1.01969 -0.000221564 0)
(1.01968 -0.000223618 0)
(1.01966 -0.000226299 0)
(1.01963 -0.000231067 0)
(1.0196 -0.000272674 0)
(1.01935 -0.000446037 0)
(1.01899 -0.00105286 0)
(1.01588 -0.00177202 0)
(0.960417 -0.135845 0)
(1.02545 -0.0244605 0)
(0.976306 -0.00338624 0)
(0.987353 -0.00086745 0)
(0.982968 -0.00013619 0)
(0.984815 -0.000642525 0)
(0.983683 -0.000646129 0)
(0.983534 -0.000707518 0)
(0.982959 -0.0006557 0)
(0.982635 -0.000626781 0)
(0.982295 -0.000586094 0)
(0.982049 -0.000555455 0)
(0.98184 -0.000526483 0)
(0.981681 -0.000503129 0)
(0.981558 -0.000484415 0)
(0.981466 -0.000469669 0)
(0.981397 -0.000458097 0)
(0.981348 -0.000449387 0)
(0.981313 -0.000442888 0)
(0.981289 -0.000438194 0)
(0.981273 -0.000434929 0)
(0.981262 -0.000432645 0)
(0.981254 -0.000431069 0)
(0.981249 -0.000429961 0)
(0.981246 -0.000429253 0)
(0.981244 -0.000428778 0)
(0.981243 -0.000428486 0)
(0.981242 -0.000428297 0)
(0.981241 -0.00042816 0)
(0.981241 -0.000428076 0)
(0.981241 -0.000428034 0)
(0.98124 -0.00042802 0)
(0.98124 -0.000428019 0)
(0.98124 -0.000427998 0)
(0.98124 -0.000428004 0)
(0.98124 -0.000427986 0)
(0.98124 -0.000427987 0)
(0.98124 -0.00042797 0)
(0.98124 -0.000427967 0)
(0.98124 -0.000427954 0)
(0.98124 -0.000427956 0)
(0.98124 -0.000427941 0)
(0.98124 -0.000427941 0)
(0.98124 -0.000427933 0)
(0.98124 -0.000427936 0)
(0.98124 -0.000427936 0)
(0.98124 -0.00042796 0)
(0.98124 -0.000427968 0)
(0.98124 -0.000427984 0)
(0.98124 -0.000427977 0)
(0.98124 -0.000427989 0)
(0.98124 -0.000427975 0)
(0.98124 -0.000427968 0)
(0.98124 -0.00042796 0)
(0.98124 -0.000427961 0)
(0.98124 -0.000427949 0)
(0.98124 -0.000427947 0)
(0.98124 -0.00042794 0)
(0.98124 -0.000427946 0)
(0.98124 -0.00042794 0)
(0.98124 -0.000427952 0)
(0.98124 -0.000427945 0)
(0.98124 -0.000427956 0)
(0.981239 -0.000427947 0)
(0.981239 -0.000427947 0)
(0.981239 -0.000427939 0)
(0.981239 -0.000427947 0)
(0.981239 -0.000427947 0)
(0.981239 -0.000427959 0)
(0.981239 -0.000427959 0)
(0.981239 -0.000427968 0)
(0.981239 -0.00042796 0)
(0.981239 -0.000427963 0)
(0.981239 -0.000427956 0)
(0.981239 -0.000427959 0)
(0.981239 -0.000427954 0)
(0.981239 -0.000427959 0)
(0.981239 -0.000427955 0)
(0.981239 -0.000427956 0)
(0.981239 -0.000427956 0)
(0.981239 -0.000427979 0)
(0.981239 -0.000427996 0)
(0.981239 -0.000428023 0)
(0.981239 -0.000428068 0)
(0.981239 -0.00042815 0)
(0.981238 -0.00042827 0)
(0.981237 -0.000428471 0)
(0.981236 -0.000428776 0)
(0.981234 -0.000429229 0)
(0.981231 -0.000429871 0)
(0.981226 -0.000430784 0)
(0.98122 -0.000431928 0)
(0.98121 -0.000433343 0)
(0.981197 -0.000434461 0)
(0.981183 -0.000435315 0)
(0.981156 -0.000436715 0)
(0.981134 -0.00045957 0)
(0.980909 -0.000570399 0)
(0.980539 -0.00094535 0)
(0.977588 -0.00117995 0)
(0.865011 -0.128422 0)
(0.91168 -0.0160147 0)
(0.861948 -0.00100879 0)
(0.871287 4.91011e-05 0)
(0.867819 0.000485923 0)
(0.869345 0.000171975 0)
(0.868323 0.000184808 0)
(0.868097 0.000148673 0)
(0.86753 0.000180491 0)
(0.867188 0.000196125 0)
(0.866847 0.00021907 0)
(0.866597 0.000235804 0)
(0.866389 0.000251801 0)
(0.86623 0.00026448 0)
(0.866108 0.000274429 0)
(0.866018 0.0002822 0)
(0.865951 0.000288288 0)
(0.865904 0.000292823 0)
(0.86587 0.000296193 0)
(0.865847 0.000298635 0)
(0.865831 0.00030032 0)
(0.865821 0.000301483 0)
(0.865814 0.000302271 0)
(0.865809 0.000302831 0)
(0.865806 0.000303186 0)
(0.865804 0.000303423 0)
(0.865803 0.000303577 0)
(0.865802 0.000303669 0)
(0.865801 0.000303736 0)
(0.865801 0.000303776 0)
(0.865801 0.0003038 0)
(0.8658 0.000303804 0)
(0.8658 0.000303802 0)
(0.8658 0.00030382 0)
(0.8658 0.000303819 0)
(0.8658 0.000303829 0)
(0.8658 0.000303824 0)
(0.8658 0.000303836 0)
(0.8658 0.000303839 0)
(0.8658 0.000303845 0)
(0.8658 0.000303842 0)
(0.8658 0.000303851 0)
(0.8658 0.000303849 0)
(0.8658 0.000303852 0)
(0.8658 0.000303851 0)
(0.8658 0.00030385 0)
(0.8658 0.000303835 0)
(0.8658 0.000303834 0)
(0.8658 0.000303821 0)
(0.8658 0.000303829 0)
(0.8658 0.000303823 0)
(0.8658 0.000303827 0)
(0.8658 0.000303832 0)
(0.8658 0.000303838 0)
(0.8658 0.000303834 0)
(0.8658 0.000303839 0)
(0.8658 0.000303843 0)
(0.8658 0.000303848 0)
(0.8658 0.000303841 0)
(0.8658 0.000303847 0)
(0.8658 0.00030384 0)
(0.8658 0.000303847 0)
(0.8658 0.00030384 0)
(0.8658 0.000303846 0)
(0.8658 0.000303845 0)
(0.8658 0.000303849 0)
(0.8658 0.000303845 0)
(0.8658 0.000303846 0)
(0.8658 0.000303836 0)
(0.8658 0.00030384 0)
(0.8658 0.000303835 0)
(0.8658 0.000303839 0)
(0.865799 0.000303838 0)
(0.865799 0.000303844 0)
(0.865799 0.000303838 0)
(0.865799 0.00030384 0)
(0.865799 0.000303837 0)
(0.865799 0.00030384 0)
(0.8658 0.000303843 0)
(0.8658 0.000303844 0)
(0.8658 0.000303827 0)
(0.865799 0.00030382 0)
(0.865799 0.000303812 0)
(0.865799 0.000303788 0)
(0.865799 0.00030374 0)
(0.865798 0.000303681 0)
(0.865798 0.000303582 0)
(0.865796 0.000303423 0)
(0.865794 0.000303184 0)
(0.865791 0.000302859 0)
(0.865787 0.000302395 0)
(0.865781 0.000301815 0)
(0.865772 0.000301135 0)
(0.86576 0.00030072 0)
(0.865747 0.00030083 0)
(0.865728 0.000301258 0)
(0.865721 0.000292911 0)
(0.865548 0.000238834 0)
(0.865251 7.22654e-05 0)
(0.86318 0.000218134 0)
(0.537585 -0.056387 0)
(0.55225 -0.00359742 0)
(0.517056 0.00175856 0)
(0.522841 0.00199569 0)
(0.52097 0.00212543 0)
(0.521858 0.00203309 0)
(0.521206 0.00204084 0)
(0.521016 0.00203152 0)
(0.520636 0.00204156 0)
(0.520398 0.00204616 0)
(0.52017 0.00205273 0)
(0.520001 0.00205731 0)
(0.519863 0.00206155 0)
(0.519758 0.00206483 0)
(0.519678 0.00206749 0)
(0.519619 0.00206954 0)
(0.519576 0.00207114 0)
(0.519545 0.00207231 0)
(0.519524 0.00207317 0)
(0.519509 0.00207379 0)
(0.5195 0.00207422 0)
(0.519493 0.00207451 0)
(0.519489 0.00207471 0)
(0.519486 0.00207484 0)
(0.519484 0.00207493 0)
(0.519483 0.00207499 0)
(0.519482 0.00207502 0)
(0.519481 0.00207505 0)
(0.519481 0.00207506 0)
(0.519481 0.00207507 0)
(0.519481 0.00207508 0)
(0.51948 0.00207508 0)
(0.51948 0.00207508 0)
(0.51948 0.00207508 0)
(0.51948 0.00207508 0)
(0.51948 0.00207509 0)
(0.51948 0.00207508 0)
(0.51948 0.00207509 0)
(0.51948 0.00207509 0)
(0.51948 0.00207509 0)
(0.51948 0.00207509 0)
(0.51948 0.00207509 0)
(0.51948 0.00207509 0)
(0.51948 0.00207509 0)
(0.51948 0.00207509 0)
(0.51948 0.00207509 0)
(0.51948 0.00207509 0)
(0.51948 0.00207509 0)
(0.51948 0.00207508 0)
(0.51948 0.00207508 0)
(0.51948 0.00207508 0)
(0.51948 0.00207508 0)
(0.51948 0.00207508 0)
(0.51948 0.00207509 0)
(0.51948 0.00207508 0)
(0.51948 0.00207508 0)
(0.51948 0.00207509 0)
(0.51948 0.00207509 0)
(0.51948 0.00207509 0)
(0.51948 0.00207509 0)
(0.51948 0.00207509 0)
(0.51948 0.00207509 0)
(0.51948 0.00207509 0)
(0.51948 0.00207509 0)
(0.51948 0.00207509 0)
(0.51948 0.00207509 0)
(0.51948 0.00207509 0)
(0.51948 0.00207509 0)
(0.51948 0.00207508 0)
(0.51948 0.00207509 0)
(0.51948 0.00207509 0)
(0.51948 0.00207509 0)
(0.51948 0.00207509 0)
(0.51948 0.00207509 0)
(0.51948 0.00207509 0)
(0.51948 0.00207509 0)
(0.51948 0.00207509 0)
(0.51948 0.00207509 0)
(0.51948 0.00207509 0)
(0.51948 0.00207509 0)
(0.51948 0.00207508 0)
(0.51948 0.00207508 0)
(0.51948 0.00207508 0)
(0.51948 0.00207507 0)
(0.519479 0.00207506 0)
(0.519479 0.00207504 0)
(0.519479 0.00207501 0)
(0.519478 0.00207497 0)
(0.519477 0.0020749 0)
(0.519475 0.00207481 0)
(0.519472 0.00207469 0)
(0.519468 0.00207454 0)
(0.519462 0.00207438 0)
(0.519454 0.00207434 0)
(0.519447 0.00207459 0)
(0.51944 0.0020752 0)
(0.519445 0.00207424 0)
(0.519362 0.00206096 0)
(0.519228 0.00202082 0)
(0.518635 0.00215126 0)
)
;

boundaryField
{
    inlet
    {
        type            fixedValue;
        value           uniform (1 0 0);
    }
    outlet
    {
        type            zeroGradient;
    }
    lowerWall
    {
        type            noSlip;
    }
    upperWall
    {
        type            noSlip;
    }
    frontAndBack
    {
        type            empty;
    }
}


// ************************************************************************* //
