/*--------------------------------*- C++ -*----------------------------------*\
  =========                 |
  \\      /  F ield         | OpenFOAM: The Open Source CFD Toolbox
   \\    /   O peration     | Website:  https://openfoam.org
    \\  /    A nd           | Version:  7
     \\/     M anipulation  |
\*---------------------------------------------------------------------------*/
FoamFile
{
    version     2.0;
    format      ascii;
    class       surfaceScalarField;
    location    "2.5";
    object      phi;
}
// * * * * * * * * * * * * * * * * * * * * * * * * * * * * * * * * * * * * * //

dimensions      [0 3 -1 0 0 0 0];

internalField   nonuniform List<scalar> 
7860
(
0.00283433
0.00216568
0.00262119
0.000213134
0.00260883
1.23589e-05
0.00260634
2.4991e-06
0.00260905
-2.71965e-06
0.00260778
1.2705e-06
0.00260669
1.09805e-06
0.00260512
1.56628e-06
0.0026039
1.22008e-06
0.00260282
1.08214e-06
0.00260195
8.62101e-07
0.00260123
7.22696e-07
0.00260064
5.92888e-07
0.00260014
4.96053e-07
0.00259973
4.12789e-07
0.00259938
3.47733e-07
0.00259909
2.93957e-07
0.00259884
2.49015e-07
0.00259863
2.12902e-07
0.00259844
1.82787e-07
0.00259829
1.54676e-07
0.00259816
1.33817e-07
0.00259804
1.15621e-07
0.00259794
9.8296e-08
0.00259786
8.42146e-08
0.00259779
7.32418e-08
0.00259773
6.07721e-08
0.00259768
5.1941e-08
0.00259763
4.47358e-08
0.00259759
3.73703e-08
0.00259756
3.0632e-08
0.00259754
2.6641e-08
0.00259751
2.231e-08
0.00259749
1.96658e-08
0.00259748
1.54165e-08
0.00259747
1.31274e-08
0.00259745
1.10784e-08
0.00259745
9.97965e-09
0.00259744
6.76491e-09
0.00259743
5.60084e-09
0.00259743
5.13275e-09
0.00259742
4.76914e-09
0.00259742
2.71968e-09
0.00259742
2.74058e-09
0.00259741
2.02212e-09
0.00259741
2.81999e-09
0.00259741
2.24803e-09
0.00259741
1.39117e-09
0.00259741
7.49394e-10
0.00259741
2.14597e-09
0.00259741
6.91081e-10
0.0025974
6.38472e-10
0.0025974
8.47964e-11
0.0025974
4.58496e-10
0.0025974
-4.38996e-10
0.0025974
1.71025e-10
0.0025974
-4.10034e-10
0.0025974
6.52768e-11
0.0025974
-4.65339e-10
0.0025974
4.84042e-10
0.0025974
-4.47863e-11
0.0025974
6.58664e-10
0.0025974
1.00085e-10
0.0025974
5.27104e-10
0.0025974
1.38724e-10
0.0025974
7.14129e-10
0.0025974
-1.24751e-10
0.0025974
2.66007e-10
0.0025974
-1.2189e-10
0.0025974
4.60807e-10
0.0025974
-2.48241e-10
0.0025974
2.71169e-10
0.0025974
-9.43132e-11
0.0025974
3.46639e-10
0.0025974
-7.99905e-11
0.0025974
4.50559e-10
0.0025974
5.92797e-11
0.0025974
5.68174e-10
0.0025974
2.73934e-10
0.0025974
7.15495e-10
0.0025974
5.14257e-10
0.0025974
1.15827e-09
0.0025974
1.15124e-09
0.0025974
1.99754e-09
0.0025974
2.47847e-09
0.00259739
3.87709e-09
0.00259739
5.0942e-09
0.00259738
7.37576e-09
0.00259737
1.00951e-08
0.00259736
1.43128e-08
0.00259734
1.94837e-08
0.00259731
2.61159e-08
0.00259728
3.32569e-08
0.00259724
3.73645e-08
0.00259721
3.31785e-08
0.00259718
2.26019e-08
0.00259708
1.01493e-07
0.00259639
6.96015e-07
0.00259378
2.60242e-06
-1.19032e-06
0.00456761
0.00259807
0.00437532
0.000405424
0.00434651
4.11731e-05
0.00434274
6.26461e-06
0.00434575
-5.72637e-06
0.00434422
2.79991e-06
0.00434259
2.72401e-06
0.00434039
3.76889e-06
0.00433861
3.00624e-06
0.00433703
2.65588e-06
0.00433576
2.13173e-06
0.0043347
1.78392e-06
0.00433383
1.4661e-06
0.0043331
1.22678e-06
0.00433249
1.0216e-06
0.00433198
8.60431e-07
0.00433155
7.2787e-07
0.00433118
6.18357e-07
0.00433086
5.27654e-07
0.00433059
4.52759e-07
0.00433036
3.85837e-07
0.00433016
3.32509e-07
0.00432999
2.86363e-07
0.00432984
2.45415e-07
0.00432972
2.10047e-07
0.00432961
1.81662e-07
0.00432951
1.52992e-07
0.00432943
1.31037e-07
0.00432937
1.12196e-07
0.00432931
9.54101e-08
0.00432926
7.91705e-08
0.00432922
6.80587e-08
0.00432918
5.71216e-08
0.00432915
4.97731e-08
0.00432913
4.02651e-08
0.00432911
3.44964e-08
0.00432909
2.88021e-08
0.00432908
2.56953e-08
0.00432906
1.93266e-08
0.00432905
1.62555e-08
0.00432905
1.35983e-08
0.00432904
1.25481e-08
0.00432903
8.61611e-09
0.00432903
7.95682e-09
0.00432902
5.73174e-09
0.00432902
6.5225e-09
0.00432902
4.86646e-09
0.00432901
3.90963e-09
0.00432901
2.22187e-09
0.00432901
4.03258e-09
0.00432901
1.66838e-09
0.00432901
2.05896e-09
0.00432901
7.80175e-10
0.00432901
1.57237e-09
0.00432901
-6.75961e-11
0.00432901
1.12887e-09
0.00432901
-9.53231e-11
0.00432901
8.46914e-10
0.00432901
-3.79938e-10
0.00432901
1.10457e-09
0.00432901
-7.80531e-11
0.00432901
1.07292e-09
0.00432901
-1.52237e-10
0.00432901
7.35757e-10
0.00432901
-1.48886e-10
0.00432901
9.74336e-10
0.00432901
-4.32549e-10
0.00432901
5.02242e-10
0.00432901
-3.2015e-10
0.00432901
7.74234e-10
0.00432901
-4.60301e-10
0.00432901
5.09133e-10
0.00432901
-3.17799e-10
0.00432901
5.6182e-10
0.00432901
-3.07049e-10
0.00432901
6.5135e-10
0.00432901
-1.27323e-10
0.00432901
8.5833e-10
0.00432901
3.09318e-10
0.00432901
1.28317e-09
0.00432901
1.00527e-09
0.00432901
2.37698e-09
0.004329
2.57933e-09
0.004329
4.51024e-09
0.004329
5.84931e-09
0.00432899
9.15746e-09
0.00432898
1.24099e-08
0.00432897
1.81046e-08
0.00432896
2.51001e-08
0.00432894
3.56395e-08
0.00432891
4.89165e-08
0.00432887
6.59576e-08
0.00432882
8.54216e-08
0.00432875
9.96895e-08
0.00432868
1.04358e-07
0.00432859
1.11264e-07
0.00432828
4.17145e-07
0.00432694
2.02817e-06
0.00432236
7.18221e-06
7.90986e-06
0.00507199
0.00252607
0.00495541
0.000522006
0.00492272
7.38593e-05
0.00492046
8.52958e-06
0.00492229
-7.55229e-06
0.00492113
3.95367e-06
0.00491946
4.39499e-06
0.00491739
5.83927e-06
0.00491564
4.76072e-06
0.00491411
4.18095e-06
0.00491287
3.37615e-06
0.00491183
2.81991e-06
0.00491098
2.32056e-06
0.00491027
1.93943e-06
0.00490967
1.61708e-06
0.00490917
1.36204e-06
0.00490875
1.15262e-06
0.00490838
9.8058e-07
0.00490807
8.369e-07
0.00490781
7.18193e-07
0.00490758
6.14236e-07
0.00490738
5.29613e-07
0.00490721
4.55981e-07
0.00490706
3.92064e-07
0.00490694
3.35948e-07
0.00490683
2.90405e-07
0.00490674
2.46583e-07
0.00490665
2.11327e-07
0.00490659
1.80478e-07
0.00490653
1.54901e-07
0.00490648
1.29634e-07
0.00490643
1.10587e-07
0.0049064
9.27873e-08
0.00490637
8.11137e-08
0.00490634
6.69492e-08
0.00490632
5.70794e-08
0.0049063
4.73531e-08
0.00490628
4.2103e-08
0.00490627
3.30767e-08
0.00490626
2.79169e-08
0.00490625
2.2549e-08
0.00490624
2.05984e-08
0.00490624
1.52918e-08
0.00490623
1.36777e-08
0.00490623
9.80465e-09
0.00490622
1.0356e-08
0.00490622
7.82204e-09
0.00490622
6.79332e-09
0.00490621
4.01634e-09
0.00490621
5.95989e-09
0.00490621
2.98914e-09
0.00490621
3.61363e-09
0.00490621
1.68162e-09
0.00490621
2.70123e-09
0.00490621
4.22825e-10
0.00490621
2.06988e-09
0.00490621
3.37441e-10
0.00490621
1.57907e-09
0.00490621
-1.46077e-10
0.00490621
1.63302e-09
0.00490621
-5.10011e-12
0.00490621
1.44536e-09
0.00490621
-3.2869e-10
0.00490621
8.81652e-10
0.00490621
-3.98117e-10
0.00490621
1.16457e-09
0.00490621
-6.21957e-10
0.00490621
6.63968e-10
0.00490621
-4.67518e-10
0.00490621
1.00492e-09
0.00490621
-5.96033e-10
0.00490621
6.70535e-10
0.00490621
-5.17085e-10
0.00490621
6.85833e-10
0.00490621
-5.00468e-10
0.00490621
7.6167e-10
0.00490621
-2.87392e-10
0.00490621
1.06157e-09
0.00490621
3.96841e-10
0.00490621
1.82587e-09
0.00490621
1.56736e-09
0.00490621
3.59146e-09
0.0049062
4.13549e-09
0.0049062
7.08066e-09
0.0049062
9.37302e-09
0.00490619
1.45087e-08
0.00490618
1.98723e-08
0.00490617
2.89021e-08
0.00490616
4.02029e-08
0.00490614
5.7013e-08
0.00490611
7.85727e-08
0.00490607
1.06452e-07
0.00490601
1.40126e-07
0.00490594
1.69371e-07
0.00490585
2.00066e-07
0.0049057
2.56671e-07
0.00490523
8.91211e-07
0.00490361
3.64812e-06
0.00489776
1.30251e-05
2.27387e-05
0.00520988
0.00231619
0.00513955
0.000592341
0.00511246
0.000100949
0.00511131
9.67577e-06
0.00511239
-8.62702e-06
0.00511155
4.79319e-06
0.00511008
5.86502e-06
0.00510834
7.58287e-06
0.00510682
6.27725e-06
0.00510551
5.4918e-06
0.00510443
4.45387e-06
0.00510354
3.71533e-06
0.0051028
3.05982e-06
0.00510218
2.55682e-06
0.00510166
2.13243e-06
0.00510123
1.79663e-06
0.00510086
1.52101e-06
0.00510055
1.29531e-06
0.00510028
1.10631e-06
0.00510005
9.50118e-07
0.00509984
8.14673e-07
0.00509967
7.03464e-07
0.00509952
6.06006e-07
0.00509939
5.22065e-07
0.00509928
4.48168e-07
0.00509918
3.87683e-07
0.0050991
3.30989e-07
0.00509902
2.84161e-07
0.00509896
2.42223e-07
0.00509891
2.08653e-07
0.00509886
1.75807e-07
0.00509882
1.49973e-07
0.00509879
1.25686e-07
0.00509876
1.09883e-07
0.00509873
9.19944e-08
0.00509871
7.83875e-08
0.0050987
6.45969e-08
0.00509868
5.72042e-08
0.00509867
4.60052e-08
0.00509866
3.90041e-08
0.00509865
3.09938e-08
0.00509864
2.80465e-08
0.00509864
2.16534e-08
0.00509863
1.92226e-08
0.00509863
1.39545e-08
0.00509862
1.40272e-08
0.00509862
1.07856e-08
0.00509862
9.83718e-09
0.00509861
5.92328e-09
0.00509861
7.81284e-09
0.00509861
4.50278e-09
0.00509861
5.04907e-09
0.00509861
2.4251e-09
0.00509861
3.71553e-09
0.00509861
8.58303e-10
0.00509861
2.76035e-09
0.00509861
6.57974e-10
0.00509861
2.17559e-09
0.00509861
1.01812e-10
0.00509861
2.13052e-09
0.00509861
1.42204e-10
0.00509861
1.84924e-09
0.00509861
-3.40252e-10
0.00509861
1.13845e-09
0.00509861
-5.30405e-10
0.00509861
1.36406e-09
0.00509861
-6.75348e-10
0.00509861
8.22279e-10
0.00509861
-6.21331e-10
0.00509861
1.18783e-09
0.00509861
-6.83492e-10
0.00509861
7.86323e-10
0.00509861
-6.808e-10
0.00509861
8.11009e-10
0.00509861
-6.23353e-10
0.00509861
8.96139e-10
0.00509861
-3.35735e-10
0.00509861
1.29321e-09
0.00509861
5.61289e-10
0.00509861
2.39797e-09
0.00509861
2.16652e-09
0.00509861
4.75703e-09
0.00509861
5.67136e-09
0.0050986
9.51583e-09
0.0050986
1.26715e-08
0.00509859
1.93967e-08
0.00509859
2.66314e-08
0.00509858
3.85927e-08
0.00509856
5.37025e-08
0.00509854
7.6063e-08
0.00509852
1.05144e-07
0.00509848
1.4322e-07
0.00509843
1.91713e-07
0.00509836
2.39916e-07
0.00509825
3.1087e-07
0.00509806
4.41426e-07
0.00509749
1.45883e-06
0.00509584
5.30142e-06
0.00508958
1.92892e-05
3.78146e-05
0.00523327
0.00208292
0.00519415
0.000631461
0.00517348
0.000121617
0.00517314
1.00129e-05
0.00517375
-9.23464e-06
0.00517322
5.3281e-06
0.00517203
7.05637e-06
0.00517065
8.95736e-06
0.00516943
7.49613e-06
0.00516838
6.54432e-06
0.00516751
5.32429e-06
0.00516679
4.43908e-06
0.00516619
3.65801e-06
0.00516569
3.05367e-06
0.00516527
2.54974e-06
0.00516492
2.14961e-06
0.00516462
1.8204e-06
0.00516437
1.55158e-06
0.00516415
1.32668e-06
0.00516395
1.14069e-06
0.00516379
9.79931e-07
0.00516365
8.4713e-07
0.00516352
7.30396e-07
0.00516341
6.30446e-07
0.00516332
5.42143e-07
0.00516324
4.69218e-07
0.00516316
4.02072e-07
0.0051631
3.46425e-07
0.00516305
2.94841e-07
0.005163
2.54269e-07
0.00516296
2.15461e-07
0.00516293
1.8441e-07
0.0051629
1.54401e-07
0.00516288
1.34624e-07
0.00516285
1.13772e-07
0.00516284
9.7278e-08
0.00516282
7.9833e-08
0.00516281
7.0293e-08
0.0051628
5.73309e-08
0.00516279
4.89997e-08
0.00516278
3.86721e-08
0.00516277
3.46237e-08
0.00516277
2.73237e-08
0.00516276
2.43216e-08
0.00516276
1.79054e-08
0.00516275
1.73959e-08
0.00516275
1.34174e-08
0.00516275
1.26717e-08
0.00516275
7.79353e-09
0.00516275
9.50297e-09
0.00516274
5.9269e-09
0.00516274
6.32846e-09
0.00516274
3.04107e-09
0.00516274
4.63025e-09
0.00516274
1.30152e-09
0.00516274
3.31147e-09
0.00516274
8.73017e-10
0.00516274
2.67699e-09
0.00516274
3.93259e-10
0.00516274
2.59807e-09
0.00516274
2.99011e-10
0.00516274
2.23139e-09
0.00516274
-2.55325e-10
0.00516274
1.46039e-09
0.00516274
-5.85511e-10
0.00516274
1.5247e-09
0.00516274
-6.90311e-10
0.00516274
9.80106e-10
0.00516274
-7.71986e-10
0.00516274
1.29983e-09
0.00516274
-7.55121e-10
0.00516274
8.7688e-10
0.00516274
-8.22578e-10
0.00516274
9.17508e-10
0.00516274
-7.10732e-10
0.00516274
1.01281e-09
0.00516274
-3.4878e-10
0.00516274
1.50136e-09
0.00516274
7.08677e-10
0.00516274
2.90316e-09
0.00516274
2.70429e-09
0.00516274
5.76454e-09
0.00516274
7.02587e-09
0.00516274
1.16329e-08
0.00516273
1.55112e-08
0.00516273
2.35411e-08
0.00516272
3.23225e-08
0.00516272
4.67164e-08
0.0051627
6.49959e-08
0.00516269
9.2014e-08
0.00516267
1.27584e-07
0.00516263
1.74856e-07
0.00516259
2.38039e-07
0.00516252
3.07905e-07
0.0051624
4.28631e-07
0.00516219
6.48389e-07
0.00516161
2.04298e-06
0.00516004
6.8683e-06
0.00515416
2.51732e-05
5.09457e-05
0.00522258
0.00186034
0.00520652
0.000647516
0.00519179
0.000136351
0.00519199
9.80452e-06
0.00519232
-9.56238e-06
0.00519206
5.5938e-06
0.00519116
7.94984e-06
0.00519016
9.96113e-06
0.00518925
8.41058e-06
0.00518846
7.3328e-06
0.0051878
5.98207e-06
0.00518725
4.98666e-06
0.0051868
4.11165e-06
0.00518642
3.4314e-06
0.0051861
2.86736e-06
0.00518583
2.41917e-06
0.0051856
2.04952e-06
0.00518541
1.74811e-06
0.00518524
1.49674e-06
0.00518509
1.28873e-06
0.00518496
1.10856e-06
0.00518485
9.59237e-07
0.00518475
8.28047e-07
0.00518466
7.16181e-07
0.00518459
6.17049e-07
0.00518452
5.34367e-07
0.00518447
4.58969e-07
0.00518442
3.9628e-07
0.00518437
3.3768e-07
0.00518434
2.9111e-07
0.0051843
2.47499e-07
0.00518428
2.12858e-07
0.00518425
1.78363e-07
0.00518423
1.54902e-07
0.00518421
1.31494e-07
0.0051842
1.13063e-07
0.00518419
9.27194e-08
0.00518418
8.11691e-08
0.00518417
6.66379e-08
0.00518416
5.74219e-08
0.00518415
4.53766e-08
0.00518415
4.03071e-08
0.00518414
3.21018e-08
0.00518414
2.87391e-08
0.00518413
2.14115e-08
0.00518413
2.03762e-08
0.00518413
1.56686e-08
0.00518413
1.51e-08
0.00518412
9.4956e-09
0.00518412
1.1025e-08
0.00518412
7.14538e-09
0.00518412
7.44708e-09
0.00518412
3.57537e-09
0.00518412
5.44286e-09
0.00518412
1.70819e-09
0.00518412
3.74097e-09
0.00518412
9.97773e-10
0.00518412
3.08184e-09
0.00518412
6.34554e-10
0.00518412
2.9999e-09
0.00518412
4.11823e-10
0.00518412
2.57157e-09
0.00518412
-1.17528e-10
0.00518412
1.80252e-09
0.00518412
-5.88522e-10
0.00518412
1.67317e-09
0.00518412
-7.04837e-10
0.00518412
1.13076e-09
0.00518412
-9.15893e-10
0.00518412
1.35434e-09
0.00518412
-8.48062e-10
0.00518412
9.46104e-10
0.00518412
-9.50523e-10
0.00518412
9.93079e-10
0.00518412
-7.9497e-10
0.00518412
1.10154e-09
0.00518412
-3.69722e-10
0.00518412
1.67343e-09
0.00518412
8.13284e-10
0.00518412
3.31563e-09
0.00518412
3.15067e-09
0.00518412
6.5983e-09
0.00518412
8.14112e-09
0.00518412
1.33816e-08
0.00518411
1.78196e-08
0.00518411
2.68403e-08
0.00518411
3.68289e-08
0.0051841
5.31603e-08
0.00518409
7.39428e-08
0.00518408
1.04688e-07
0.00518406
1.45613e-07
0.00518403
2.00889e-07
0.00518399
2.78055e-07
0.00518393
3.70102e-07
0.00518381
5.45513e-07
0.0051836
8.5884e-07
0.00518303
2.61346e-06
0.00518165
8.24745e-06
0.00517661
3.02183e-05
6.15786e-05
0.00520393
0.00165641
0.00520545
0.000645999
0.00519604
0.000145755
0.00519661
9.24042e-06
0.00519675
-9.70922e-06
0.00519672
5.62739e-06
0.00519612
8.55118e-06
0.00519547
1.06159e-05
0.00519484
9.03134e-06
0.00519431
7.86759e-06
0.00519386
6.43413e-06
0.00519348
5.36417e-06
0.00519317
4.42583e-06
0.0051929
3.69405e-06
0.00519268
3.08878e-06
0.00519249
2.6077e-06
0.00519233
2.21066e-06
0.00519219
1.88692e-06
0.00519207
1.61746e-06
0.00519197
1.39473e-06
0.00519187
1.20107e-06
0.00519179
1.03994e-06
0.00519172
8.9886e-07
0.00519166
7.78938e-07
0.0051916
6.72172e-07
0.00519156
5.8258e-07
0.00519151
5.00957e-07
0.00519148
4.33566e-07
0.00519144
3.7022e-07
0.00519141
3.19095e-07
0.00519139
2.7162e-07
0.00519137
2.34662e-07
0.00519135
1.9711e-07
0.00519133
1.70552e-07
0.00519132
1.44938e-07
0.00519131
1.25365e-07
0.0051913
1.02928e-07
0.00519129
8.96783e-08
0.00519128
7.38682e-08
0.00519128
6.41024e-08
0.00519127
5.0859e-08
0.00519127
4.49529e-08
0.00519126
3.58302e-08
0.00519126
3.2243e-08
0.00519126
2.43166e-08
0.00519125
2.28248e-08
0.00519125
1.74501e-08
0.00519125
1.70526e-08
0.00519125
1.09329e-08
0.00519125
1.22823e-08
0.00519125
8.10812e-09
0.00519125
8.40324e-09
0.00519125
4.03969e-09
0.00519125
6.1356e-09
0.00519124
2.09362e-09
0.00519124
4.08227e-09
0.00519124
1.07091e-09
0.00519124
3.41059e-09
0.00519124
8.16458e-10
0.00519124
3.31884e-09
0.00519124
4.7365e-10
0.00519124
2.82839e-09
0.00519124
1.52232e-11
0.00519124
2.10873e-09
0.00519124
-5.90951e-10
0.00519124
1.77105e-09
0.00519125
-7.48923e-10
0.00519125
1.24317e-09
0.00519125
-1.06403e-09
0.00519125
1.34697e-09
0.00519125
-9.68551e-10
0.00519125
9.80687e-10
0.00519125
-1.08176e-09
0.00519125
1.02129e-09
0.00519125
-9.04131e-10
0.00519125
1.13604e-09
0.00519125
-4.32183e-10
0.00519125
1.7766e-09
0.00519125
8.5828e-10
0.00519125
3.61291e-09
0.00519125
3.48815e-09
0.00519125
7.24347e-09
0.00519124
8.99838e-09
0.00519124
1.47363e-08
0.00519124
1.95859e-08
0.00519124
2.93851e-08
0.00519123
4.02119e-08
0.00519123
5.79387e-08
0.00519122
8.05637e-08
0.00519121
1.14097e-07
0.0051912
1.592e-07
0.00519118
2.2113e-07
0.00519115
3.10935e-07
0.00519109
4.24786e-07
0.00519098
6.54779e-07
0.00519078
1.05904e-06
0.00519026
3.13118e-06
0.00518913
9.3806e-06
0.00518513
3.42145e-05
6.96157e-05
0.00518536
0.00147105
0.00520052
0.000630841
0.00519583
0.000150444
0.0051966
8.46474e-06
0.00519661
-9.72024e-06
0.00519677
5.47112e-06
0.00519644
8.87737e-06
0.00519611
1.09502e-05
0.00519576
9.37698e-06
0.00519547
8.16491e-06
0.00519521
6.69224e-06
0.00519499
5.58133e-06
0.00519481
4.6082e-06
0.00519466
3.8473e-06
0.00519453
3.21897e-06
0.00519441
2.71926e-06
0.00519432
2.30705e-06
0.00519423
1.97089e-06
0.00519416
1.69091e-06
0.0051941
1.45985e-06
0.00519404
1.25858e-06
0.00519399
1.09046e-06
0.00519394
9.43616e-07
0.0051939
8.19128e-07
0.00519387
7.07732e-07
0.00519383
6.14073e-07
0.00519381
5.28534e-07
0.00519378
4.58239e-07
0.00519376
3.92167e-07
0.00519374
3.38229e-07
0.00519372
2.87898e-07
0.00519371
2.495e-07
0.0051937
2.10256e-07
0.00519368
1.81533e-07
0.00519367
1.54107e-07
0.00519367
1.33956e-07
0.00519366
1.1021e-07
0.00519365
9.5714e-08
0.00519365
7.89895e-08
0.00519364
6.8934e-08
0.00519364
5.49179e-08
0.00519364
4.8348e-08
0.00519363
3.85495e-08
0.00519363
3.48857e-08
0.00519363
2.64958e-08
0.00519363
2.46423e-08
0.00519362
1.87255e-08
0.00519362
1.85036e-08
0.00519362
1.20523e-08
0.00519362
1.3236e-08
0.00519362
8.79829e-09
0.00519362
9.18608e-09
0.00519362
4.43764e-09
0.00519362
6.67785e-09
0.00519362
2.43408e-09
0.00519362
4.35372e-09
0.00519362
1.10047e-09
0.00519362
3.66161e-09
0.00519362
9.37014e-10
0.00519362
3.55009e-09
0.00519362
4.95257e-10
0.00519362
3.00308e-09
0.00519362
1.1772e-10
0.00519362
2.36016e-09
0.00519362
-6.09038e-10
0.00519362
1.80999e-09
0.00519362
-8.30645e-10
0.00519362
1.30248e-09
0.00519362
-1.22097e-09
0.00519362
1.28257e-09
0.00519362
-1.11613e-09
0.00519362
9.72088e-10
0.00519362
-1.22744e-09
0.00519362
9.93506e-10
0.00519362
-1.0514e-09
0.00519362
1.10552e-09
0.00519362
-5.47729e-10
0.00519362
1.79981e-09
0.00519362
8.43261e-10
0.00519362
3.79738e-09
0.00519362
3.71712e-09
0.00519362
7.69969e-09
0.00519362
9.59618e-09
0.00519362
1.5692e-08
0.00519362
2.08142e-08
0.00519362
3.10219e-08
0.00519361
4.24775e-08
0.00519361
6.1152e-08
0.00519361
8.4941e-08
0.0051936
1.20322e-07
0.00519359
1.68389e-07
0.00519358
2.35463e-07
0.00519355
3.36036e-07
0.00519351
4.69831e-07
0.00519341
7.50217e-07
0.00519323
1.2359e-06
0.0051928
3.56488e-06
0.00519195
1.0235e-05
0.00518909
3.70746e-05
7.50842e-05
0.00516893
0.00130213
0.00519487
0.000604903
0.00519432
0.000150988
0.0051952
7.58591e-06
0.00519509
-9.60931e-06
0.00519539
5.16883e-06
0.00519532
8.95097e-06
0.00519528
1.09938e-05
0.00519519
9.46897e-06
0.00519511
8.24312e-06
0.00519503
6.77008e-06
0.00519496
5.64909e-06
0.0051949
4.66744e-06
0.00519485
3.89795e-06
0.00519481
3.26353e-06
0.00519477
2.75862e-06
0.00519473
2.34236e-06
0.0051947
2.00293e-06
0.00519467
1.71958e-06
0.00519465
1.48593e-06
0.00519462
1.28254e-06
0.0051946
1.11224e-06
0.00519458
9.63377e-07
0.00519456
8.37387e-07
0.00519454
7.24198e-07
0.00519453
6.292e-07
0.00519451
5.4214e-07
0.0051945
4.70553e-07
0.00519449
4.03451e-07
0.00519448
3.48497e-07
0.00519447
2.96526e-07
0.00519446
2.57367e-07
0.00519446
2.17576e-07
0.00519445
1.87793e-07
0.00519444
1.5906e-07
0.00519444
1.38722e-07
0.00519444
1.14415e-07
0.00519443
9.92232e-08
0.00519443
8.19866e-08
0.00519443
7.18972e-08
0.00519442
5.74682e-08
0.00519442
5.05493e-08
0.00519442
4.01859e-08
0.00519442
3.65629e-08
0.00519442
2.7971e-08
0.00519442
2.58366e-08
0.00519441
1.94592e-08
0.00519441
1.94339e-08
0.00519441
1.27914e-08
0.00519441
1.38191e-08
0.00519441
9.12269e-09
0.00519441
9.7458e-09
0.00519441
4.75697e-09
0.00519441
7.03153e-09
0.00519441
2.69735e-09
0.00519441
4.56245e-09
0.00519441
1.09569e-09
0.00519441
3.82553e-09
0.00519441
1.00476e-09
0.00519441
3.7007e-09
0.00519441
4.91628e-10
0.00519441
3.10878e-09
0.00519441
1.81881e-10
0.00519441
2.55204e-09
0.00519441
-6.41203e-10
0.00519441
1.7914e-09
0.00519441
-9.43496e-10
0.00519441
1.30965e-09
0.00519441
-1.38373e-09
0.00519441
1.1744e-09
0.00519441
-1.28256e-09
0.00519441
9.24332e-10
0.00519441
-1.38913e-09
0.00519441
9.15152e-10
0.00519441
-1.23566e-09
0.00519441
1.01111e-09
0.00519441
-7.10109e-10
0.00519441
1.74086e-09
0.00519441
7.70065e-10
0.00519441
3.87604e-09
0.00519441
3.84055e-09
0.00519441
7.94905e-09
0.00519441
9.91041e-09
0.00519441
1.62356e-08
0.00519441
2.14445e-08
0.00519441
3.19571e-08
0.00519441
4.36203e-08
0.00519441
6.27454e-08
0.00519441
8.70806e-08
0.0051944
1.23407e-07
0.0051944
1.73215e-07
0.00519439
2.43797e-07
0.00519437
3.52727e-07
0.00519434
5.03229e-07
0.00519426
8.26302e-07
0.00519412
1.37847e-06
0.00519379
3.8925e-06
0.00519324
1.07919e-05
0.00519153
3.87757e-05
7.80791e-05
0.00515491
0.00114722
0.00518948
0.00057033
0.00519258
0.000147891
0.00519349
6.67922e-06
0.00519325
-9.37423e-06
0.00519366
4.76188e-06
0.00519381
8.79711e-06
0.00519403
1.07761e-05
0.00519417
9.32956e-06
0.00519429
8.12131e-06
0.00519438
6.68219e-06
0.00519445
5.57886e-06
0.00519451
4.61276e-06
0.00519455
3.8535e-06
0.00519458
3.22845e-06
0.00519461
2.73086e-06
0.00519463
2.32054e-06
0.00519465
1.98604e-06
0.00519466
1.70621e-06
0.00519467
1.47536e-06
0.00519468
1.27472e-06
0.00519469
1.10671e-06
0.00519469
9.59378e-07
0.00519469
8.34674e-07
0.00519469
7.22344e-07
0.0051947
6.28507e-07
0.00519469
5.42233e-07
0.00519469
4.71e-07
0.00519469
4.04285e-07
0.00519469
3.49933e-07
0.00519469
2.97726e-07
0.00519469
2.58494e-07
0.00519469
2.1904e-07
0.00519469
1.89294e-07
0.00519468
1.59912e-07
0.00519468
1.3969e-07
0.00519468
1.15501e-07
0.00519468
1.00205e-07
0.00519468
8.28525e-08
0.00519468
7.29661e-08
0.00519468
5.84536e-08
0.00519468
5.14846e-08
0.00519468
4.08013e-08
0.00519468
3.72537e-08
0.00519468
2.85927e-08
0.00519468
2.63514e-08
0.00519468
1.96831e-08
0.00519467
1.9879e-08
0.00519467
1.319e-08
0.00519467
1.41431e-08
0.00519467
9.3715e-09
0.00519467
1.01689e-08
0.00519467
4.93848e-09
0.00519467
7.26144e-09
0.00519467
2.84773e-09
0.00519467
4.7031e-09
0.00519467
1.07752e-09
0.00519467
3.89051e-09
0.00519467
1.02225e-09
0.00519467
3.77774e-09
0.00519467
4.72909e-10
0.00519467
3.15707e-09
0.00519467
2.10075e-10
0.00519468
2.67926e-09
0.00519468
-6.74003e-10
0.00519468
1.72676e-09
0.00519468
-1.06472e-09
0.00519468
1.28224e-09
0.00519468
-1.53722e-09
0.00519468
1.05019e-09
0.00519468
-1.45213e-09
0.00519468
8.74354e-10
0.00519468
-1.56345e-09
0.00519468
8.19195e-10
0.00519468
-1.45819e-09
0.00519468
8.66676e-10
0.00519468
-9.04034e-10
0.00519468
1.60977e-09
0.00519468
6.3914e-10
0.00519468
3.8569e-09
0.00519468
3.83521e-09
0.00519468
8.04461e-09
0.00519468
1.0006e-08
0.00519468
1.63973e-08
0.00519468
2.15504e-08
0.00519468
3.20578e-08
0.00519468
4.3633e-08
0.00519468
6.27435e-08
0.00519468
8.70246e-08
0.00519468
1.23429e-07
0.00519468
1.73745e-07
0.00519467
2.46079e-07
0.00519467
3.60494e-07
0.00519465
5.2336e-07
0.00519459
8.78624e-07
0.00519449
1.47852e-06
0.00519429
4.09935e-06
0.00519404
1.10425e-05
0.00519348
3.93361e-05
7.87411e-05
0.0051431
0.00100412
0.00518464
0.00052879
0.00519093
0.000141603
0.00519182
5.79212e-06
0.00519145
-9.00681e-06
0.00519192
4.28677e-06
0.00519228
8.44174e-06
0.00519273
1.0326e-05
0.00519308
8.98107e-06
0.00519338
7.81856e-06
0.00519362
6.44356e-06
0.00519382
5.38246e-06
0.00519398
4.45363e-06
0.00519411
3.72191e-06
0.00519422
3.12e-06
0.00519431
2.64114e-06
0.00519438
2.24586e-06
0.00519444
1.92357e-06
0.00519449
1.65366e-06
0.00519454
1.43083e-06
0.00519458
1.23723e-06
0.00519461
1.07539e-06
0.00519463
9.32957e-07
0.00519466
8.12241e-07
0.00519467
7.03255e-07
0.00519469
6.12762e-07
0.0051947
5.29359e-07
0.00519471
4.60177e-07
0.00519472
3.9515e-07
0.00519473
3.42726e-07
0.00519473
2.9173e-07
0.00519474
2.53232e-07
0.00519474
2.14811e-07
0.00519475
1.86062e-07
0.00519475
1.56792e-07
0.00519475
1.37006e-07
0.00519475
1.13524e-07
0.00519476
9.86956e-08
0.00519476
8.16097e-08
0.00519476
7.21518e-08
0.00519476
5.78667e-08
0.00519476
5.11186e-08
0.00519476
4.03875e-08
0.00519476
3.695e-08
0.00519476
2.83761e-08
0.00519476
2.6193e-08
0.00519476
1.93725e-08
0.00519476
1.97886e-08
0.00519476
1.31467e-08
0.00519476
1.4054e-08
0.00519476
9.25391e-09
0.00519476
1.03185e-08
0.00519476
4.98759e-09
0.00519476
7.27756e-09
0.00519476
2.87081e-09
0.00519476
4.76394e-09
0.00519476
1.0088e-09
0.00519476
3.85542e-09
0.00519476
9.72739e-10
0.00519476
3.79957e-09
0.00519476
4.27205e-10
0.00519476
3.16074e-09
0.00519476
2.01224e-10
0.00519476
2.749e-09
0.00519476
-7.02293e-10
0.00519476
1.63659e-09
0.00519476
-1.21097e-09
0.00519476
1.21937e-09
0.00519476
-1.66747e-09
0.00519476
8.91701e-10
0.00519476
-1.60368e-09
0.00519476
7.57962e-10
0.00519477
-1.7126e-09
0.00519477
6.45168e-10
0.00519477
-1.65104e-09
0.00519477
6.67807e-10
0.00519477
-1.125e-09
0.00519477
1.42236e-09
0.00519477
4.53003e-10
0.00519477
3.74443e-09
0.00519477
3.72461e-09
0.00519477
7.92829e-09
0.00519477
9.80931e-09
0.00519477
1.61434e-08
0.00519477
2.11163e-08
0.00519477
3.1373e-08
0.00519477
4.25612e-08
0.00519477
6.121e-08
0.00519477
8.48599e-08
0.00519477
1.20505e-07
0.00519478
1.70101e-07
0.00519478
2.42348e-07
0.00519478
3.59018e-07
0.00519478
5.29074e-07
0.00519475
9.04033e-07
0.0051947
1.53044e-06
0.00519462
4.17703e-06
0.00519468
1.09866e-05
0.00519521
3.88031e-05
7.72387e-05
0.00513321
0.000870906
0.00518039
0.00048161
0.00518946
0.000132527
0.00519031
4.95115e-06
0.0051898
-8.49898e-06
0.00519031
3.77413e-06
0.00519084
7.91051e-06
0.0051915
9.67112e-06
0.00519203
8.44568e-06
0.0051925
7.3537e-06
0.00519287
6.06932e-06
0.00519318
5.07214e-06
0.00519343
4.19979e-06
0.00519365
3.51135e-06
0.00519382
2.94482e-06
0.00519397
2.49471e-06
0.00519409
2.12282e-06
0.00519419
1.81928e-06
0.00519428
1.56501e-06
0.00519436
1.35508e-06
0.00519442
1.17239e-06
0.00519448
1.02002e-06
0.00519453
8.85576e-07
0.00519457
7.7152e-07
0.0051946
6.68198e-07
0.00519463
5.8292e-07
0.00519465
5.04149e-07
0.00519468
4.38736e-07
0.00519469
3.76712e-07
0.00519471
3.27273e-07
0.00519472
2.78814e-07
0.00519473
2.41989e-07
0.00519474
2.05205e-07
0.00519475
1.78226e-07
0.00519476
1.49863e-07
0.00519476
1.30896e-07
0.00519477
1.08626e-07
0.00519477
9.47739e-08
0.00519477
7.83158e-08
0.00519478
6.9522e-08
0.00519478
5.57573e-08
0.00519478
4.94675e-08
0.00519478
3.89591e-08
0.00519478
3.56924e-08
0.00519479
2.73385e-08
0.00519479
2.53734e-08
0.00519479
1.85472e-08
0.00519479
1.91904e-08
0.00519479
1.26862e-08
0.00519479
1.35913e-08
0.00519479
8.86893e-09
0.00519479
1.02145e-08
0.00519479
4.88284e-09
0.00519479
7.1055e-09
0.00519479
2.751e-09
0.00519479
4.73025e-09
0.00519479
9.27751e-10
0.00519479
3.72433e-09
0.00519479
8.53318e-10
0.00519479
3.75584e-09
0.00519479
3.69704e-10
0.00519479
3.11621e-09
0.00519479
1.46271e-10
0.00519479
2.74734e-09
0.00519479
-7.34052e-10
0.00519479
1.53317e-09
0.00519479
-1.34846e-09
0.00519479
1.14636e-09
0.00519479
-1.76399e-09
0.00519479
7.51729e-10
0.00519479
-1.73771e-09
0.00519479
6.53055e-10
0.00519479
-1.8523e-09
0.00519479
4.72811e-10
0.00519479
-1.85605e-09
0.0051948
4.44671e-10
0.0051948
-1.35596e-09
0.0051948
1.19774e-09
0.0051948
2.19309e-10
0.0051948
3.54273e-09
0.0051948
3.50809e-09
0.0051948
7.62288e-09
0.0051948
9.35506e-09
0.0051948
1.54976e-08
0.0051948
2.01623e-08
0.0051948
2.99595e-08
0.0051948
4.0476e-08
0.0051948
5.8249e-08
0.00519481
8.07179e-08
0.00519481
1.14806e-07
0.00519482
1.6247e-07
0.00519483
2.32755e-07
0.00519484
3.48221e-07
0.00519485
5.1974e-07
0.00519485
9.00659e-07
0.00519485
1.53111e-06
0.00519491
4.12276e-06
0.00519526
1.06323e-05
0.00519682
3.72451e-05
7.37582e-05
0.00512497
0.000745938
0.00517671
0.000429869
0.0051882
0.000121036
0.00518898
4.16829e-06
0.00518833
-7.84627e-06
0.00518886
3.24824e-06
0.00518954
7.22811e-06
0.00519037
8.83782e-06
0.00519107
7.7454e-06
0.00519168
6.74535e-06
0.00519218
5.57461e-06
0.00519259
4.66047e-06
0.00519293
3.86127e-06
0.00519321
3.23009e-06
0.00519344
2.70982e-06
0.00519364
2.29713e-06
0.00519381
1.95611e-06
0.00519395
1.67731e-06
0.00519407
1.44361e-06
0.00519417
1.25092e-06
0.00519426
1.08271e-06
0.00519434
9.4266e-07
0.00519441
8.18924e-07
0.00519446
7.14058e-07
0.00519451
6.18568e-07
0.00519456
5.40126e-07
0.00519459
4.67426e-07
0.00519462
4.07403e-07
0.00519465
3.49739e-07
0.00519467
3.04168e-07
0.00519469
2.59348e-07
0.00519471
2.25204e-07
0.00519472
1.90655e-07
0.00519474
1.66031e-07
0.00519475
1.39343e-07
0.00519476
1.21651e-07
0.00519476
1.0101e-07
0.00519477
8.85636e-08
0.00519477
7.30689e-08
0.00519478
6.51832e-08
0.00519478
5.22223e-08
0.00519478
4.65748e-08
0.00519479
3.65479e-08
0.00519479
3.35658e-08
0.00519479
2.55344e-08
0.00519479
2.39278e-08
0.00519479
1.7229e-08
0.00519479
1.81206e-08
0.0051948
1.18368e-08
0.0051948
1.27801e-08
0.0051948
8.21928e-09
0.0051948
9.86457e-09
0.0051948
4.61655e-09
0.0051948
6.76686e-09
0.0051948
2.49055e-09
0.0051948
4.59287e-09
0.0051948
8.19103e-10
0.0051948
3.51643e-09
0.0051948
6.54493e-10
0.0051948
3.64333e-09
0.0051948
2.90446e-10
0.0051948
3.02656e-09
0.0051948
4.46507e-11
0.0051948
2.67541e-09
0.0051948
-7.75169e-10
0.0051948
1.42501e-09
0.0051948
-1.48392e-09
0.0051948
1.05835e-09
0.0051948
-1.83249e-09
0.0051948
6.27223e-10
0.0051948
-1.8571e-09
0.0051948
5.38435e-10
0.0051948
-1.97992e-09
0.0051948
2.85367e-10
0.0051948
-2.05947e-09
0.0051948
1.98884e-10
0.00519481
-1.59312e-09
0.00519481
9.52531e-10
0.00519481
-4.9935e-11
0.00519481
3.26235e-09
0.00519481
3.19391e-09
0.00519481
7.14969e-09
0.00519481
8.66348e-09
0.00519481
1.44945e-08
0.00519481
1.87338e-08
0.00519481
2.78834e-08
0.00519481
3.74929e-08
0.00519482
5.40099e-08
0.00519482
7.47771e-08
0.00519483
1.06549e-07
0.00519484
1.51109e-07
0.00519486
2.17573e-07
0.00519488
3.28288e-07
0.0051949
4.9528e-07
0.00519493
8.67921e-07
0.00519499
1.47975e-06
0.00519517
3.93883e-06
0.00519581
9.99451e-06
0.00519831
3.47466e-05
6.84984e-05
0.00511815
0.000627784
0.00517357
0.000374451
0.00518713
0.000107474
0.00518786
3.44587e-06
0.00518706
-7.04963e-06
0.00518758
2.72685e-06
0.00518839
6.41794e-06
0.00518938
7.85128e-06
0.00519022
6.90192e-06
0.00519095
6.012e-06
0.00519155
4.97449e-06
0.00519205
4.1602e-06
0.00519247
3.44838e-06
0.00519281
2.88645e-06
0.0051931
2.42209e-06
0.00519334
2.05425e-06
0.00519355
1.75064e-06
0.00519372
1.50197e-06
0.00519387
1.29305e-06
0.005194
1.12128e-06
0.00519411
9.70807e-07
0.00519421
8.45673e-07
0.00519429
7.34955e-07
0.00519437
6.41502e-07
0.00519443
5.55822e-07
0.00519448
4.85691e-07
0.00519453
4.20251e-07
0.00519457
3.67013e-07
0.00519461
3.15058e-07
0.00519463
2.74166e-07
0.00519466
2.33828e-07
0.00519468
2.03349e-07
0.0051947
1.71676e-07
0.00519472
1.49841e-07
0.00519473
1.25506e-07
0.00519474
1.09608e-07
0.00519475
9.0934e-08
0.00519476
8.02344e-08
0.00519477
6.60137e-08
0.00519477
5.92787e-08
0.00519478
4.73979e-08
0.00519478
4.25369e-08
0.00519478
3.31996e-08
0.00519479
3.06634e-08
0.00519479
2.30585e-08
0.00519479
2.19131e-08
0.00519479
1.54519e-08
0.0051948
1.66159e-08
0.0051948
1.06435e-08
0.0051948
1.1668e-08
0.0051948
7.31017e-09
0.0051948
9.28449e-09
0.0051948
4.19632e-09
0.0051948
6.28959e-09
0.0051948
2.10542e-09
0.0051948
4.34847e-09
0.0051948
6.80721e-10
0.0051948
3.25596e-09
0.0051948
3.82206e-10
0.0051948
3.45715e-09
0.0051948
1.87086e-10
0.0051948
2.89564e-09
0.0051948
-9.43402e-11
0.0051948
2.53616e-09
0.00519481
-8.32585e-10
0.00519481
1.31518e-09
0.00519481
-1.61648e-09
0.00519481
9.54315e-10
0.00519481
-1.88264e-09
0.00519481
5.22172e-10
0.00519481
-1.96796e-09
0.00519481
4.19785e-10
0.00519481
-2.10216e-09
0.00519481
8.81136e-11
0.00519481
-2.2658e-09
0.00519481
-6.40139e-11
0.00519481
-1.828e-09
0.00519481
7.00458e-10
0.00519481
-3.38445e-10
0.00519481
2.91605e-09
0.00519481
2.79472e-09
0.00519481
6.53837e-09
0.00519481
7.77015e-09
0.00519481
1.31878e-08
0.00519481
1.68937e-08
0.00519482
2.52386e-08
0.00519482
3.3734e-08
0.00519483
4.86584e-08
0.00519483
6.72421e-08
0.00519484
9.59927e-08
0.00519486
1.36345e-07
0.00519488
1.97197e-07
0.00519491
2.99673e-07
0.00519495
4.56172e-07
0.00519501
8.06471e-07
0.00519511
1.37776e-06
0.00519542
3.63197e-06
0.00519631
9.09468e-06
0.00519966
3.14044e-05
6.16671e-05
0.00511259
0.000515194
0.00517094
0.000316099
0.00518625
9.21671e-05
0.00518691
2.7801e-06
0.00518598
-6.11598e-06
0.00518648
2.22151e-06
0.0051874
5.50194e-06
0.00518852
6.73554e-06
0.00518948
5.93653e-06
0.00519032
5.17205e-06
0.00519101
4.28394e-06
0.00519159
3.58398e-06
0.00519206
2.97162e-06
0.00519246
2.4889e-06
0.0051928
2.08888e-06
0.00519308
1.77227e-06
0.00519332
1.5115e-06
0.00519352
1.29769e-06
0.0051937
1.11714e-06
0.00519385
9.69313e-07
0.00519398
8.39443e-07
0.00519409
7.31608e-07
0.00519419
6.35867e-07
0.00519428
5.55643e-07
0.00519435
4.81485e-07
0.00519442
4.21052e-07
0.00519447
3.63916e-07
0.00519452
3.18545e-07
0.00519456
2.73532e-07
0.0051946
2.38133e-07
0.00519463
2.02903e-07
0.00519466
1.7694e-07
0.00519468
1.48838e-07
0.0051947
1.30129e-07
0.00519471
1.08691e-07
0.00519473
9.51242e-08
0.00519474
7.87043e-08
0.00519475
6.99993e-08
0.00519476
5.73417e-08
0.00519477
5.19816e-08
0.00519477
4.14393e-08
0.00519478
3.74862e-08
0.00519478
2.89859e-08
0.00519479
2.70817e-08
0.00519479
2.00176e-08
0.00519479
1.93982e-08
0.00519479
1.32671e-08
0.0051948
1.47227e-08
0.0051948
9.16468e-09
0.0051948
1.03192e-08
0.0051948
6.18188e-09
0.0051948
8.49763e-09
0.0051948
3.63755e-09
0.0051948
5.70369e-09
0.0051948
1.62475e-09
0.0051948
3.99826e-09
0.0051948
5.05116e-10
0.0051948
2.96626e-09
0.0051948
5.3672e-11
0.0051948
3.1948e-09
0.0051948
4.66262e-11
0.00519481
2.7284e-09
0.00519481
-2.65968e-10
0.00519481
2.33826e-09
0.00519481
-9.1597e-10
0.00519481
1.20283e-09
0.00519481
-1.73722e-09
0.00519481
8.35875e-10
0.00519481
-1.92191e-09
0.00519481
4.34152e-10
0.00519481
-2.06974e-09
0.00519481
2.88666e-10
0.00519481
-2.22508e-09
0.00519481
-1.1409e-10
0.00519481
-2.47494e-09
0.00519481
-3.36995e-10
0.00519481
-2.06405e-09
0.00519481
4.50116e-10
0.00519481
-6.30359e-10
0.00519481
2.51894e-09
0.00519481
2.32525e-09
0.00519481
5.82061e-09
0.00519481
6.71968e-09
0.00519481
1.16339e-08
0.00519482
1.47114e-08
0.00519482
2.21156e-08
0.00519482
2.9317e-08
0.00519483
4.23559e-08
0.00519484
5.83264e-08
0.00519485
8.34169e-08
0.00519487
1.18556e-07
0.00519489
1.72137e-07
0.00519493
2.6308e-07
0.00519498
4.03415e-07
0.00519507
7.18104e-07
0.00519522
1.22853e-06
0.00519564
3.21279e-06
0.00519677
7.95986e-06
0.00520085
2.73248e-05
5.34795e-05
0.00510814
0.000407059
0.00516879
0.000255447
0.00518553
7.54267e-05
0.00518614
2.16354e-06
0.00518509
-5.05802e-06
0.00518557
1.73818e-06
0.00518657
4.50055e-06
0.00518779
5.51374e-06
0.00518886
4.8701e-06
0.00518979
4.2437e-06
0.00519055
3.518e-06
0.00519119
2.94437e-06
0.00519172
2.44162e-06
0.00519217
2.04612e-06
0.00519254
1.71751e-06
0.00519285
1.45754e-06
0.00519312
1.24398e-06
0.00519335
1.06894e-06
0.00519355
9.19819e-07
0.00519372
7.98437e-07
0.00519386
6.91577e-07
0.00519399
6.03135e-07
0.0051941
5.2402e-07
0.0051942
4.58442e-07
0.00519429
3.97185e-07
0.00519436
3.47731e-07
0.00519442
2.99885e-07
0.00519448
2.63143e-07
0.00519453
2.26077e-07
0.00519457
1.96999e-07
0.0051946
1.67359e-07
0.00519463
1.46565e-07
0.00519466
1.22735e-07
0.00519468
1.07453e-07
0.0051947
8.92973e-08
0.00519472
7.85637e-08
0.00519473
6.4664e-08
0.00519474
5.81133e-08
0.00519475
4.7278e-08
0.00519476
4.3486e-08
0.00519477
3.45058e-08
0.00519477
3.15776e-08
0.00519478
2.40101e-08
0.00519478
2.2914e-08
0.00519479
1.65229e-08
0.00519479
1.64626e-08
0.00519479
1.07329e-08
0.00519479
1.24893e-08
0.0051948
7.44668e-09
0.0051948
8.79217e-09
0.0051948
4.86565e-09
0.0051948
7.51836e-09
0.0051948
2.95852e-09
0.0051948
5.02982e-09
0.0051948
1.08136e-09
0.0051948
3.5532e-09
0.0051948
2.79988e-10
0.0051948
2.66419e-09
0.0051948
-3.04882e-10
0.0051948
2.863e-09
0.0051948
-1.28818e-10
0.00519481
2.53046e-09
0.00519481
-4.58523e-10
0.00519481
2.09597e-09
0.00519481
-1.02231e-09
0.00519481
1.08998e-09
0.00519481
-1.83454e-09
0.00519481
7.12991e-10
0.00519481
-1.95092e-09
0.00519481
3.60395e-10
0.00519481
-2.15537e-09
0.00519481
1.41569e-10
0.00519481
-2.34786e-09
0.00519481
-3.1876e-10
0.00519481
-2.67657e-09
0.00519481
-6.11728e-10
0.00519481
-2.29564e-09
0.00519481
2.03476e-10
0.00519481
-9.16006e-10
0.00519481
2.08164e-09
0.00519481
1.79329e-09
0.00519481
5.01345e-09
0.00519481
5.54295e-09
0.00519482
9.87988e-09
0.00519482
1.22469e-08
0.00519482
1.85939e-08
0.00519483
2.43451e-08
0.00519483
3.52489e-08
0.00519484
4.82403e-08
0.00519486
6.91193e-08
0.00519488
9.81611e-08
0.00519491
1.42996e-07
0.00519495
2.1944e-07
0.00519501
3.38486e-07
0.00519513
6.05648e-07
0.00519532
1.0372e-06
0.00519584
2.69513e-06
0.00519717
6.62193e-06
0.00520188
2.26211e-05
4.41553e-05
0.00510469
0.000302372
0.00516709
0.000193043
0.00518497
5.75513e-05
0.00518554
1.58672e-06
0.00518438
-3.89371e-06
0.00518484
1.27812e-06
0.00518591
3.43271e-06
0.00518721
4.2083e-06
0.00518836
3.72312e-06
0.00518936
3.24493e-06
0.00519018
2.69173e-06
0.00519088
2.25387e-06
0.00519145
1.86899e-06
0.00519193
1.56699e-06
0.00519233
1.31541e-06
0.00519267
1.11655e-06
0.00519296
9.53541e-07
0.00519321
8.20303e-07
0.00519342
7.05198e-07
0.00519361
6.12286e-07
0.00519377
5.30346e-07
0.00519391
4.63003e-07
0.00519403
4.01867e-07
0.00519414
3.52029e-07
0.00519423
3.04695e-07
0.00519431
2.67316e-07
0.00519438
2.29708e-07
0.00519444
2.02102e-07
0.0051945
1.73685e-07
0.00519454
1.51722e-07
0.00519458
1.28097e-07
0.00519461
1.12895e-07
0.00519464
9.39656e-08
0.00519467
8.24274e-08
0.00519469
6.77933e-08
0.00519471
6.02919e-08
0.00519472
4.9175e-08
0.00519473
4.48734e-08
0.00519475
3.6067e-08
0.00519475
3.40012e-08
0.00519476
2.67569e-08
0.00519477
2.49768e-08
0.00519477
1.84049e-08
0.00519478
1.825e-08
0.00519478
1.26735e-08
0.00519479
1.31901e-08
0.00519479
7.91277e-09
0.00519479
9.97254e-09
0.00519479
5.52782e-09
0.0051948
7.14143e-09
0.0051948
3.40517e-09
0.0051948
6.36297e-09
0.0051948
2.17579e-09
0.0051948
4.286e-09
0.0051948
5.0162e-10
0.0051948
3.03407e-09
0.0051948
-3.9946e-12
0.0051948
2.35892e-09
0.0051948
-6.63747e-10
0.0051948
2.47869e-09
0.0051948
-3.35725e-10
0.00519481
2.31035e-09
0.00519481
-6.56595e-10
0.00519481
1.8297e-09
0.00519481
-1.14204e-09
0.00519481
9.85846e-10
0.00519481
-1.89417e-09
0.00519481
6.06196e-10
0.00519481
-1.96363e-09
0.00519481
3.04694e-10
0.00519481
-2.21487e-09
0.00519481
-1.05863e-11
0.00519481
-2.46815e-09
0.00519481
-5.17918e-10
0.00519481
-2.85994e-09
0.00519481
-8.75866e-10
0.00519481
-2.51958e-09
0.00519481
-4.29052e-11
0.00519481
-1.1961e-09
0.00519481
1.60799e-09
0.00519481
1.1974e-09
0.00519481
4.12146e-09
0.00519481
4.25641e-09
0.00519482
7.95761e-09
0.00519482
9.54327e-09
0.00519482
1.4734e-08
0.00519483
1.89062e-08
0.00519484
2.7473e-08
0.00519485
3.71911e-08
0.00519486
5.34093e-08
0.00519488
7.56158e-08
0.00519492
1.10465e-07
0.00519497
1.6989e-07
0.00519504
2.63283e-07
0.00519517
4.72816e-07
0.0051954
8.10372e-07
0.005196
2.09554e-06
0.00519751
5.11677e-06
0.00520271
1.74125e-05
3.39183e-05
0.00510217
0.000200207
0.00516583
0.000129375
0.00518455
3.88314e-05
0.0051851
1.03944e-06
0.00518385
-2.64546e-06
0.00518429
8.38908e-07
0.00518541
2.31612e-06
0.00518678
2.84094e-06
0.00518798
2.51588e-06
0.00518903
2.19342e-06
0.0051899
1.82029e-06
0.00519063
1.52504e-06
0.00519124
1.26432e-06
0.00519174
1.06055e-06
0.00519217
8.90105e-07
0.00519253
7.55838e-07
0.00519284
6.45785e-07
0.0051931
5.56517e-07
0.00519333
4.77489e-07
0.00519353
4.14649e-07
0.0051937
3.59018e-07
0.00519385
3.14031e-07
0.00519398
2.7191e-07
0.00519409
2.38659e-07
0.00519419
2.05947e-07
0.00519428
1.81463e-07
0.00519435
1.54946e-07
0.00519442
1.36834e-07
0.00519447
1.17453e-07
0.00519452
1.03276e-07
0.00519456
8.6076e-08
0.0051946
7.66934e-08
0.00519463
6.31298e-08
0.00519466
5.56819e-08
0.00519468
4.47077e-08
0.0051947
4.06865e-08
0.00519471
3.25974e-08
0.00519473
3.06141e-08
0.00519474
2.39689e-08
0.00519475
2.37477e-08
0.00519476
1.83551e-08
0.00519477
1.78506e-08
0.00519477
1.23241e-08
0.00519478
1.31832e-08
0.00519478
8.54886e-09
0.00519479
9.6665e-09
0.00519479
4.87399e-09
0.00519479
7.23935e-09
0.00519479
3.43989e-09
0.0051948
5.40883e-09
0.0051948
1.85006e-09
0.0051948
5.05427e-09
0.0051948
1.29999e-09
0.0051948
3.48927e-09
0.0051948
-9.8237e-11
0.0051948
2.46787e-09
0.0051948
-3.50821e-10
0.0051948
2.05069e-09
0.0051948
-9.98783e-10
0.0051948
2.06715e-09
0.0051948
-5.68266e-10
0.00519481
2.0776e-09
0.00519481
-8.44285e-10
0.00519481
1.5623e-09
0.00519481
-1.26327e-09
0.00519481
9.02271e-10
0.00519481
-1.90592e-09
0.00519481
5.35761e-10
0.00519481
-1.9521e-09
0.00519481
2.70491e-10
0.00519481
-2.24077e-09
0.00519481
-1.54778e-10
0.00519481
-2.58266e-09
0.00519481
-7.05525e-10
0.00519481
-3.01663e-09
0.00519481
-1.11761e-09
0.00519481
-2.73411e-09
0.00519481
-2.94055e-10
0.00519481
-1.47801e-09
0.00519481
1.09967e-09
0.00519481
5.33159e-10
0.00519481
3.1424e-09
0.00519481
2.86508e-09
0.00519482
5.88741e-09
0.00519482
6.6333e-09
0.00519482
1.05886e-08
0.00519483
1.30837e-08
0.00519484
1.91655e-08
0.00519485
2.53904e-08
0.00519487
3.66086e-08
0.00519489
5.1407e-08
0.00519492
7.5306e-08
0.00519498
1.1574e-07
0.00519506
1.80053e-07
0.00519521
3.24053e-07
0.00519547
5.55866e-07
0.00519613
1.43266e-06
0.00519776
3.48343e-06
0.00520335
1.18219e-05
2.29946e-05
0.00510051
9.96927e-05
0.005165
6.4888e-05
0.00518428
1.95518e-05
0.00518481
5.11468e-07
0.0051835
-1.33921e-06
0.00518393
4.15341e-07
0.00518507
1.16747e-06
0.00518648
1.43276e-06
0.00518773
1.26858e-06
0.00518882
1.1067e-06
0.00518972
9.18783e-07
0.00519047
7.70544e-07
0.0051911
6.38181e-07
0.00519162
5.35937e-07
0.00519206
4.49248e-07
0.00519244
3.81951e-07
0.00519276
3.26444e-07
0.00519303
2.82471e-07
0.00519327
2.41007e-07
0.00519347
2.09391e-07
0.00519365
1.80933e-07
0.0051938
1.591e-07
0.00519394
1.36701e-07
0.00519406
1.20653e-07
0.00519416
1.02996e-07
0.00519425
9.19057e-08
0.00519433
7.71361e-08
0.0051944
6.88065e-08
0.00519446
5.85859e-08
0.00519451
5.26527e-08
0.00519455
4.22689e-08
0.00519459
3.87996e-08
0.00519462
3.08493e-08
0.00519465
2.78338e-08
0.00519467
2.06161e-08
0.00519469
2.01548e-08
0.00519471
1.52816e-08
0.00519472
1.56959e-08
0.00519474
1.12656e-08
0.00519475
1.29557e-08
0.00519476
9.4758e-09
0.00519476
1.03661e-08
0.00519477
5.93359e-09
0.00519478
7.82086e-09
0.00519478
4.21494e-09
0.00519478
5.97545e-09
0.00519479
1.68951e-09
0.00519479
4.36373e-09
0.00519479
1.21626e-09
0.0051948
3.62207e-09
0.0051948
2.50765e-10
0.0051948
3.62669e-09
0.0051948
3.37594e-10
0.0051948
2.6556e-09
0.0051948
-7.10265e-10
0.0051948
1.88037e-09
0.0051948
-7.55946e-10
0.0051948
1.73084e-09
0.0051948
-1.29927e-09
0.0051948
1.65444e-09
0.0051948
-8.21172e-10
0.00519481
1.8378e-09
0.00519481
-1.01282e-09
0.00519481
1.31214e-09
0.00519481
-1.37706e-09
0.00519481
8.46086e-10
0.00519481
-1.86813e-09
0.00519481
5.13375e-10
0.00519481
-1.91034e-09
0.00519481
2.58502e-10
0.00519481
-2.23271e-09
0.00519481
-2.77252e-10
0.00519481
-2.68808e-09
0.00519481
-8.78497e-10
0.00519481
-3.14295e-09
0.00519481
-1.3268e-09
0.00519481
-2.93551e-09
0.00519481
-5.50665e-10
0.00519481
-1.76682e-09
0.00519481
5.63452e-10
0.00519481
-1.95659e-10
0.00519481
2.07914e-09
0.00519481
1.3771e-09
0.00519482
3.69273e-09
0.00519482
3.55723e-09
0.00519482
6.22034e-09
0.00519483
6.97331e-09
0.00519484
1.04775e-08
0.00519485
1.30632e-08
0.00519487
1.90535e-08
0.00519489
2.60522e-08
0.00519493
3.83412e-08
0.00519499
5.84359e-08
0.00519508
9.13102e-08
0.00519524
1.64354e-07
0.00519551
2.82401e-07
0.00519622
7.26747e-07
0.00519794
1.76334e-06
0.00520378
5.97515e-06
1.16123e-05
0.0050997
-4.44039e-09
0.00516459
-2.27872e-09
0.00518415
-6.50442e-09
0.00518466
-7.0399e-09
0.00518333
-3.37223e-09
0.00518374
2.97375e-10
0.00518491
2.87829e-09
0.00518634
4.33728e-09
0.0051876
1.3732e-09
0.00518871
2.26229e-09
0.00518962
2.28582e-09
0.00519039
3.17637e-09
0.00519103
1.19561e-09
0.00519156
2.26512e-09
0.00519201
5.78942e-10
0.00519239
1.4847e-09
0.00519271
1.33031e-09
0.00519299
3.19729e-09
0.00519323
1.29872e-10
0.00519344
4.09407e-10
0.00519363
-5.44573e-10
0.00519378
1.14145e-09
0.00519392
-1.15292e-09
0.00519404
3.56281e-10
0.00519415
-2.02816e-09
0.00519424
4.50308e-10
0.00519432
-2.20102e-09
0.00519439
-5.13237e-10
0.00519445
-1.62063e-09
0.0051945
8.81107e-10
0.00519455
-2.36836e-09
0.00519458
9.53321e-11
0.00519462
-2.21446e-09
0.00519465
-5.28467e-10
0.00519467
-3.88718e-09
0.00519469
-8.52613e-10
0.00519471
-2.42774e-09
0.00519472
4.8527e-10
0.00519474
-1.73296e-09
0.00519475
1.86691e-09
0.00519476
3.12486e-10
0.00519476
2.69202e-09
0.00519477
-5.95567e-10
0.00519478
2.28893e-09
0.00519478
-2.60912e-10
0.00519478
2.19648e-09
0.00519479
-1.55845e-09
0.00519479
1.42547e-09
0.00519479
-1.099e-09
0.0051948
1.80047e-09
0.0051948
-1.34589e-09
0.0051948
2.12719e-09
0.0051948
-7.02537e-10
0.0051948
1.79765e-09
0.0051948
-1.33032e-09
0.0051948
1.28981e-09
0.0051948
-1.20612e-09
0.0051948
1.38499e-09
0.0051948
-1.56793e-09
0.0051948
1.26013e-09
0.0051948
-1.09189e-09
0.00519481
1.58822e-09
0.00519481
-1.16445e-09
0.00519481
1.08745e-09
0.00519481
-1.48063e-09
0.00519481
8.13984e-10
0.00519481
-1.78855e-09
0.00519481
5.3786e-10
0.00519481
-1.83738e-09
0.00519481
2.64494e-10
0.00519481
-2.19833e-09
0.00519481
-3.7009e-10
0.00519481
-2.77982e-09
0.00519481
-1.03617e-09
0.00519481
-3.23819e-09
0.00519481
-1.49482e-09
0.00519481
-3.11488e-09
0.00519481
-8.05288e-10
0.00519481
-2.05773e-09
0.00519481
1.62398e-11
0.00519481
-9.68282e-10
0.00519481
9.50401e-10
0.00519481
-1.82292e-10
0.00519482
1.41436e-09
0.00519482
3.76403e-10
0.00519482
1.71453e-09
0.00519483
6.90783e-10
0.00519484
1.57693e-09
0.00519485
4.50715e-10
0.00519487
1.09631e-09
0.0051949
9.52945e-11
0.00519493
4.40981e-10
0.00519499
-4.79996e-10
0.00519508
-2.44237e-10
0.00519525
-9.11952e-10
0.00519553
-6.94847e-10
0.00519626
-9.38525e-10
0.00519802
-5.07528e-10
0.005204
-1.18671e-10
3.56115e-10
0.0050997
-9.97017e-05
0.00516459
-6.48928e-05
0.00518415
-1.95645e-05
0.00518466
-5.25576e-07
0.00518333
1.33241e-06
0.00518374
-4.14454e-07
0.00518491
-1.16178e-06
0.00518634
-1.42405e-06
0.0051876
-1.26568e-06
0.00518871
-1.10235e-06
0.00518962
-9.14211e-07
0.00519039
-7.64221e-07
0.00519103
-6.35942e-07
0.00519156
-5.31378e-07
0.00519201
-4.48113e-07
0.00519239
-3.78937e-07
0.00519271
-3.2371e-07
0.00519299
-2.76182e-07
0.00519323
-2.40734e-07
0.00519344
-2.08411e-07
0.00519363
-1.82033e-07
0.00519378
-1.5688e-07
0.00519392
-1.38995e-07
0.00519404
-1.19881e-07
0.00519415
-1.06984e-07
0.00519424
-9.10426e-08
0.00519432
-8.15339e-08
0.00519439
-6.96878e-08
0.00519445
-6.18249e-08
0.0051945
-5.09649e-08
0.00519455
-4.6908e-08
0.00519458
-3.85361e-08
0.00519462
-3.53516e-08
0.00519465
-2.88385e-08
0.00519467
-2.82213e-08
0.00519469
-2.18446e-08
0.00519471
-2.01779e-08
0.00519472
-1.4666e-08
0.00519474
-1.46937e-08
0.00519475
-9.26297e-09
0.00519476
-8.92526e-09
0.00519476
-4.99855e-09
0.00519477
-7.09371e-09
0.00519478
-3.27056e-09
0.00519478
-4.79515e-09
0.00519478
-1.59513e-09
0.00519479
-4.77925e-09
0.00519479
-1.49064e-09
0.00519479
-3.44726e-09
0.0051948
-3.63665e-11
0.0051948
-2.89889e-09
0.0051948
6.10515e-10
0.0051948
-1.80152e-09
0.0051948
9.2411e-10
0.0051948
-1.95295e-09
0.0051948
7.05856e-10
0.0051948
-1.68086e-09
0.0051948
1.00048e-09
0.0051948
-1.81838e-09
0.0051948
8.93309e-10
0.0051948
-1.37768e-09
0.00519481
1.31939e-09
0.00519481
-1.30997e-09
0.00519481
8.85532e-10
0.00519481
-1.57536e-09
0.00519481
7.93546e-10
0.00519481
-1.68122e-09
0.00519481
5.96923e-10
0.00519481
-1.73743e-09
0.00519481
2.81432e-10
0.00519481
-2.14951e-09
0.00519481
-4.33175e-10
0.00519481
-2.85097e-09
0.00519481
-1.17799e-09
0.00519481
-3.30233e-09
0.00519481
-1.61554e-09
0.00519481
-3.25776e-09
0.00519481
-1.0432e-09
0.00519481
-2.33489e-09
0.00519481
-5.1603e-10
0.00519481
-1.74789e-09
0.00519481
-2.06895e-10
0.00519481
-1.76786e-09
0.00519482
-8.86608e-10
0.00519482
-2.82706e-09
0.00519482
-2.8241e-09
0.00519483
-5.63083e-09
0.00519484
-7.35663e-09
0.00519485
-1.21931e-08
0.00519487
-1.68968e-08
0.0051949
-2.59e-08
0.00519493
-3.74949e-08
0.00519499
-5.94163e-08
0.00519508
-9.18168e-08
0.00519525
-1.6619e-07
0.00519553
-2.83792e-07
0.00519626
-7.28612e-07
0.00519802
-1.76435e-06
0.005204
-5.9754e-06
-1.16116e-05
0.00510051
-0.000200216
0.005165
-0.000129381
0.00518428
-3.88432e-05
0.00518481
-1.05356e-06
0.0051835
2.63848e-06
0.00518393
-8.37341e-07
0.00518507
-2.3106e-06
0.00518648
-2.83217e-06
0.00518773
-2.51262e-06
0.00518882
-2.1895e-06
0.00518972
-1.81574e-06
0.00519047
-1.51883e-06
0.0051911
-1.26245e-06
0.00519162
-1.05594e-06
0.00519206
-8.89042e-07
0.00519244
-7.5267e-07
0.00519276
-6.42852e-07
0.00519303
-5.50525e-07
0.00519327
-4.77177e-07
0.00519347
-4.13212e-07
0.00519365
-3.60142e-07
0.00519381
-3.1198e-07
0.00519394
-2.74149e-07
0.00519406
-2.3772e-07
0.00519416
-2.09758e-07
0.00519425
-1.80694e-07
0.00519433
-1.59297e-07
0.0051944
-1.37316e-07
0.00519446
-1.20692e-07
0.00519451
-1.01774e-07
0.00519455
-9.04435e-08
0.00519459
-7.62421e-08
0.00519462
-6.7816e-08
0.00519465
-5.6534e-08
0.00519467
-5.18454e-08
0.00519469
-4.2309e-08
0.00519471
-3.7595e-08
0.00519472
-2.94335e-08
0.00519474
-2.72778e-08
0.00519475
-2.01635e-08
0.00519476
-1.80199e-08
0.00519476
-1.25304e-08
0.00519477
-1.33973e-08
0.00519478
-8.70829e-09
0.00519478
-9.28171e-09
0.00519478
-5.32525e-09
0.00519479
-7.88067e-09
0.00519479
-4.29644e-09
0.00519479
-5.75745e-09
0.0051948
-1.86137e-09
0.0051948
-4.37389e-09
0.0051948
-8.6792e-10
0.0051948
-2.92629e-09
0.0051948
4.26501e-11
0.0051948
-2.56852e-09
0.0051948
1.34186e-10
0.0051948
-2.15502e-09
0.0051948
5.75485e-10
0.0051948
-2.06501e-09
0.0051948
5.55033e-10
0.0051948
-1.67075e-09
0.00519481
1.0232e-09
0.00519481
-1.46108e-09
0.00519481
6.97719e-10
0.00519481
-1.66208e-09
0.00519481
7.70193e-10
0.00519481
-1.56083e-09
0.00519481
6.7358e-10
0.00519481
-1.61743e-09
0.00519481
3.02087e-10
0.00519481
-2.09693e-09
0.00519481
-4.72659e-10
0.00519481
-2.89405e-09
0.00519481
-1.30222e-09
0.00519481
-3.33601e-09
0.00519481
-1.68803e-09
0.00519481
-3.34937e-09
0.00519481
-1.24826e-09
0.00519481
-2.57872e-09
0.00519481
-1.00618e-09
0.00519481
-2.49238e-09
0.00519481
-1.34559e-09
0.00519481
-3.32419e-09
0.00519482
-3.13977e-09
0.00519482
-5.96401e-09
0.00519482
-7.28584e-09
0.00519483
-1.18528e-08
0.00519484
-1.61406e-08
0.00519485
-2.46085e-08
0.00519487
-3.455e-08
0.00519489
-5.13606e-08
0.00519493
-7.45572e-08
0.00519499
-1.16778e-07
0.00519508
-1.80609e-07
0.00519524
-3.25922e-07
0.00519551
-5.57258e-07
0.00519622
-1.43449e-06
0.00519794
-3.48442e-06
0.00520378
-1.18222e-05
-2.2994e-05
0.00510217
-0.000302381
0.00516583
-0.000193049
0.00518455
-5.7562e-05
0.0051851
-1.60065e-06
0.00518385
3.88648e-06
0.00518429
-1.27595e-06
0.00518541
-3.42735e-06
0.00518677
-4.1995e-06
0.00518798
-3.71952e-06
0.00518903
-3.24147e-06
0.0051899
-2.68732e-06
0.00519063
-2.24793e-06
0.00519124
-1.86752e-06
0.00519175
-1.56237e-06
0.00519217
-1.31447e-06
0.00519253
-1.11308e-06
0.00519284
-9.50335e-07
0.0051931
-8.14745e-07
0.00519333
-7.04822e-07
0.00519353
-6.10186e-07
0.0051937
-5.31481e-07
0.00519385
-4.61174e-07
0.00519398
-4.03962e-07
0.00519409
-3.50838e-07
0.00519419
-3.08291e-07
0.00519428
-2.66646e-07
0.00519435
-2.33895e-07
0.00519442
-2.02033e-07
0.00519447
-1.76938e-07
0.00519452
-1.50422e-07
0.00519456
-1.3208e-07
0.0051946
-1.12218e-07
0.00519463
-9.88542e-08
0.00519466
-8.30398e-08
0.00519468
-7.42692e-08
0.0051947
-6.1742e-08
0.00519471
-5.42789e-08
0.00519473
-4.35213e-08
0.00519474
-3.91663e-08
0.00519475
-3.0553e-08
0.00519476
-2.67538e-08
0.00519477
-1.97305e-08
0.00519477
-1.93533e-08
0.00519478
-1.38779e-08
0.00519478
-1.35965e-08
0.00519479
-8.91649e-09
0.00519479
-1.07788e-08
0.00519479
-6.90525e-09
0.00519479
-7.95269e-09
0.0051948
-3.63731e-09
0.0051948
-5.74246e-09
0.0051948
-2.25799e-09
0.0051948
-4.03149e-09
0.0051948
-8.34894e-10
0.0051948
-3.16304e-09
0.0051948
-4.16418e-10
0.0051948
-2.60185e-09
0.0051948
1.24896e-10
0.0051948
-2.31418e-09
0.0051948
2.44409e-10
0.0051948
-1.95487e-09
0.00519481
7.01574e-10
0.00519481
-1.62244e-09
0.00519481
5.16915e-10
0.00519481
-1.73744e-09
0.00519481
7.3563e-10
0.00519481
-1.43795e-09
0.00519481
7.53074e-10
0.00519481
-1.48442e-09
0.00519481
3.21891e-10
0.00519481
-2.04685e-09
0.00519481
-4.9793e-10
0.00519481
-2.90484e-09
0.00519481
-1.40656e-09
0.00519481
-3.3424e-09
0.00519481
-1.71882e-09
0.00519481
-3.38253e-09
0.00519481
-1.41067e-09
0.00519481
-2.77616e-09
0.00519481
-1.43647e-09
0.00519481
-3.16821e-09
0.00519481
-2.42172e-09
0.00519481
-4.80122e-09
0.00519482
-5.28267e-09
0.00519482
-8.9553e-09
0.00519482
-1.15705e-08
0.00519483
-1.78415e-08
0.00519484
-2.4595e-08
0.00519485
-3.65373e-08
0.00519487
-5.14861e-08
0.00519489
-7.57161e-08
0.00519493
-1.0985e-07
0.00519498
-1.71013e-07
0.00519506
-2.63908e-07
0.00519521
-4.74728e-07
0.00519547
-8.11763e-07
0.00519613
-2.09731e-06
0.00519776
-5.11773e-06
0.00520335
-1.74128e-05
-3.39177e-05
0.00510469
-0.000407068
0.00516709
-0.000255453
0.00518497
-7.54365e-05
0.00518554
-2.17684e-06
0.00518438
5.05048e-06
0.00518484
-1.73591e-06
0.00518591
-4.49523e-06
0.00518721
-5.50505e-06
0.00518836
-4.86642e-06
0.00518936
-4.24051e-06
0.00519018
-3.51389e-06
0.00519088
-2.93883e-06
0.00519145
-2.44037e-06
0.00519193
-2.04164e-06
0.00519233
-1.71673e-06
0.00519267
-1.45359e-06
0.00519296
-1.2405e-06
0.00519321
-1.06386e-06
0.00519342
-9.19352e-07
0.00519361
-7.95593e-07
0.00519377
-6.92685e-07
0.00519391
-6.01503e-07
0.00519403
-5.25853e-07
0.00519414
-4.5696e-07
0.00519423
-4.00596e-07
0.00519431
-3.47101e-07
0.00519438
-3.03728e-07
0.00519444
-2.625e-07
0.0051945
-2.29356e-07
0.00519454
-1.95815e-07
0.00519458
-1.70929e-07
0.00519461
-1.45706e-07
0.00519464
-1.27738e-07
0.00519467
-1.07764e-07
0.00519469
-9.50456e-08
0.00519471
-7.96784e-08
0.00519472
-6.981e-08
0.00519473
-5.66482e-08
0.00519475
-5.00795e-08
0.00519475
-4.01478e-08
0.00519476
-3.49127e-08
0.00519477
-2.64341e-08
0.00519477
-2.4821e-08
0.00519478
-1.86438e-08
0.00519478
-1.761e-08
0.00519479
-1.22854e-08
0.00519479
-1.34059e-08
0.00519479
-9.23938e-09
0.00519479
-9.95748e-09
0.0051948
-5.31783e-09
0.0051948
-6.98102e-09
0.0051948
-3.51817e-09
0.0051948
-5.06622e-09
0.0051948
-1.68845e-09
0.0051948
-3.71971e-09
0.0051948
-9.3134e-10
0.0051948
-2.99725e-09
0.0051948
-3.20887e-10
0.0051948
-2.56036e-09
0.0051948
-3.67878e-11
0.0051948
-2.20718e-09
0.00519481
3.70218e-10
0.00519481
-1.78898e-09
0.00519481
3.43461e-10
0.00519481
-1.79433e-09
0.00519481
6.92327e-10
0.00519481
-1.3171e-09
0.00519481
8.27028e-10
0.00519481
-1.34388e-09
0.00519481
3.40351e-10
0.00519481
-2.0003e-09
0.00519481
-5.17942e-10
0.00519481
-2.88514e-09
0.00519481
-1.48962e-09
0.00519481
-3.32809e-09
0.00519481
-1.7213e-09
0.00519481
-3.36219e-09
0.00519481
-1.53109e-09
0.00519481
-2.92681e-09
0.00519481
-1.80351e-09
0.00519481
-3.75887e-09
0.00519481
-3.40505e-09
0.00519481
-6.1646e-09
0.00519482
-7.27238e-09
0.00519482
-1.17406e-08
0.00519482
-1.5592e-08
0.00519483
-2.34729e-08
0.00519484
-3.25444e-08
0.00519485
-4.77287e-08
0.00519486
-6.73377e-08
0.00519489
-9.84145e-08
0.00519492
-1.42518e-07
0.00519497
-2.20655e-07
0.00519504
-3.39182e-07
0.00519518
-6.07596e-07
0.0051954
-1.03858e-06
0.005196
-2.69685e-06
0.00519751
-6.62284e-06
0.00520271
-2.26214e-05
-4.41547e-05
0.00510814
-0.000515202
0.00516879
-0.000316106
0.00518553
-9.21761e-05
0.00518614
-2.79228e-06
0.00518508
6.1081e-06
0.00518557
-2.21977e-06
0.00518657
-5.49655e-06
0.00518779
-6.72715e-06
0.00518886
-5.9331e-06
0.00518979
-5.16888e-06
0.00519055
-4.28033e-06
0.00519119
-3.5789e-06
0.00519172
-2.9703e-06
0.00519217
-2.48471e-06
0.00519254
-2.08823e-06
0.00519285
-1.76771e-06
0.00519312
-1.50781e-06
0.00519335
-1.29305e-06
0.00519355
-1.11654e-06
0.00519372
-9.65792e-07
0.00519387
-8.40471e-07
0.00519399
-7.30072e-07
0.00519411
-6.37344e-07
0.0051942
-5.53885e-07
0.00519429
-4.8476e-07
0.00519436
-4.20347e-07
0.00519442
-3.67241e-07
0.00519448
-3.17416e-07
0.00519453
-2.76822e-07
0.00519457
-2.36918e-07
0.0051946
-2.06121e-07
0.00519463
-1.75987e-07
0.00519466
-1.5379e-07
0.00519468
-1.3011e-07
0.0051947
-1.13753e-07
0.00519472
-9.57085e-08
0.00519473
-8.37684e-08
0.00519474
-6.85314e-08
0.00519475
-5.97859e-08
0.00519476
-4.86785e-08
0.00519477
-4.2284e-08
0.00519477
-3.24894e-08
0.00519478
-2.96748e-08
0.00519478
-2.28857e-08
0.00519479
-2.1202e-08
0.00519479
-1.53435e-08
0.00519479
-1.57115e-08
0.00519479
-1.12381e-08
0.0051948
-1.17036e-08
0.0051948
-6.85137e-09
0.0051948
-8.07008e-09
0.0051948
-4.61697e-09
0.0051948
-5.98297e-09
0.0051948
-2.48997e-09
0.0051948
-4.22194e-09
0.0051948
-1.39131e-09
0.0051948
-3.32375e-09
0.0051948
-7.2602e-10
0.0051948
-2.78795e-09
0.0051948
-2.85232e-10
0.0051948
-2.40564e-09
0.00519481
5.50375e-11
0.00519481
-1.94948e-09
0.00519481
1.84662e-10
0.00519481
-1.82505e-09
0.00519481
6.5054e-10
0.00519481
-1.1978e-09
0.00519481
8.93633e-10
0.00519481
-1.19947e-09
0.00519481
3.60389e-10
0.00519481
-1.95453e-09
0.00519481
-5.38484e-10
0.00519481
-2.84142e-09
0.00519481
-1.54913e-09
0.00519481
-3.30065e-09
0.00519481
-1.70931e-09
0.00519481
-3.30311e-09
0.00519481
-1.61807e-09
0.00519481
-3.04112e-09
0.00519481
-2.11683e-09
0.00519481
-4.2637e-09
0.00519481
-4.28084e-09
0.00519481
-7.39524e-09
0.00519481
-9.08447e-09
0.00519482
-1.42756e-08
0.00519482
-1.92734e-08
0.00519483
-2.86303e-08
0.00519483
-3.98203e-08
0.00519484
-5.7944e-08
0.00519486
-8.17592e-08
0.00519488
-1.18938e-07
0.00519491
-1.71772e-07
0.00519495
-2.64377e-07
0.00519502
-4.04168e-07
0.00519513
-7.20071e-07
0.00519532
-1.22989e-06
0.00519584
-3.21444e-06
0.00519717
-7.9607e-06
0.00520188
-2.7325e-05
-5.34789e-05
0.00511259
-0.00062779
0.00517094
-0.000374457
0.00518625
-0.000107482
0.00518691
-3.45652e-06
0.00518598
7.04149e-06
0.00518648
-2.72603e-06
0.0051874
-6.41241e-06
0.00518851
-7.84344e-06
0.00518948
-6.89904e-06
0.00519032
-6.00876e-06
0.00519101
-4.97152e-06
0.00519159
-4.15551e-06
0.00519207
-3.44676e-06
0.00519246
-2.88265e-06
0.0051928
-2.42147e-06
0.00519308
-2.04907e-06
0.00519332
-1.74686e-06
0.00519352
-1.49763e-06
0.0051937
-1.2923e-06
0.00519385
-1.11726e-06
0.00519398
-9.71689e-07
0.0051941
-8.44094e-07
0.00519419
-7.36078e-07
0.00519428
-6.39519e-07
0.00519435
-5.58959e-07
0.00519442
-4.84777e-07
0.00519447
-4.22967e-07
0.00519452
-3.65534e-07
0.00519456
-3.18294e-07
0.0051946
-2.7278e-07
0.00519463
-2.36821e-07
0.00519466
-2.02377e-07
0.00519468
-1.76393e-07
0.0051947
-1.49507e-07
0.00519472
-1.29978e-07
0.00519473
-1.09481e-07
0.00519474
-9.57603e-08
0.00519475
-7.88753e-08
0.00519476
-6.80955e-08
0.00519477
-5.59103e-08
0.00519477
-4.86572e-08
0.00519478
-3.77583e-08
0.00519478
-3.38072e-08
0.00519479
-2.65003e-08
0.00519479
-2.42721e-08
0.00519479
-1.80019e-08
0.00519479
-1.76577e-08
0.0051948
-1.28624e-08
0.0051948
-1.31341e-08
0.0051948
-8.18629e-09
0.0051948
-8.99336e-09
0.0051948
-5.53348e-09
0.0051948
-6.7448e-09
0.0051948
-3.20713e-09
0.0051948
-4.65506e-09
0.0051948
-1.7785e-09
0.0051948
-3.57177e-09
0.0051948
-1.06136e-09
0.0051948
-2.97706e-09
0.0051948
-4.99207e-10
0.0051948
-2.53829e-09
0.00519481
-2.18994e-10
0.00519481
-2.09223e-09
0.00519481
4.90957e-11
0.00519481
-1.82456e-09
0.00519481
6.21715e-10
0.00519481
-1.07605e-09
0.00519481
9.53629e-10
0.00519481
-1.05287e-09
0.00519481
3.8659e-10
0.00519481
-1.90413e-09
0.00519481
-5.61394e-10
0.00519481
-2.7803e-09
0.00519481
-1.5822e-09
0.00519481
-3.26368e-09
0.00519481
-1.69167e-09
0.00519481
-3.22184e-09
0.00519481
-1.68126e-09
0.00519481
-3.13082e-09
0.00519481
-2.38838e-09
0.00519481
-4.68834e-09
0.00519481
-5.04277e-09
0.00519481
-8.48005e-09
0.00519481
-1.07014e-08
0.00519482
-1.65225e-08
0.00519482
-2.25398e-08
0.00519482
-3.32016e-08
0.00519483
-4.62641e-08
0.00519484
-6.69608e-08
0.00519485
-9.44351e-08
0.00519487
-1.36818e-07
0.00519489
-1.96911e-07
0.00519493
-3.01034e-07
0.00519498
-4.56967e-07
0.00519507
-8.08433e-07
0.00519522
-1.37908e-06
0.00519564
-3.63356e-06
0.00519678
-9.09543e-06
0.00520085
-3.14046e-05
-6.16665e-05
0.00511815
-0.000745943
0.00517357
-0.000429874
0.00518713
-0.000121043
0.00518785
-4.17734e-06
0.00518706
7.83807e-06
0.00518758
-3.24831e-06
0.00518839
-7.2225e-06
0.00518938
-8.83069e-06
0.00519022
-7.74325e-06
0.00519095
-6.74219e-06
0.00519155
-5.57232e-06
0.00519206
-4.65605e-06
0.00519247
-3.85932e-06
0.00519281
-3.22669e-06
0.0051931
-2.70907e-06
0.00519334
-2.29146e-06
0.00519355
-1.95237e-06
0.00519372
-1.6731e-06
0.00519387
-1.4427e-06
0.005194
-1.24661e-06
0.00519412
-1.08337e-06
0.00519421
-9.4093e-07
0.0051943
-8.19815e-07
0.00519437
-7.11904e-07
0.00519443
-6.21468e-07
0.00519449
-5.3889e-07
0.00519453
-4.69562e-07
0.00519457
-4.05683e-07
0.00519461
-3.52805e-07
0.00519464
-3.02544e-07
0.00519466
-2.62257e-07
0.00519468
-2.24229e-07
0.0051947
-1.94993e-07
0.00519472
-1.65437e-07
0.00519473
-1.43317e-07
0.00519474
-1.20693e-07
0.00519475
-1.05444e-07
0.00519476
-8.73781e-08
0.00519477
-7.48454e-08
0.00519477
-6.16607e-08
0.00519478
-5.38306e-08
0.00519478
-4.21147e-08
0.00519479
-3.71311e-08
0.00519479
-2.9402e-08
0.00519479
-2.67415e-08
0.00519479
-2.01783e-08
0.00519479
-1.92092e-08
0.0051948
-1.40939e-08
0.0051948
-1.42063e-08
0.0051948
-9.27598e-09
0.0051948
-9.73585e-09
0.0051948
-6.25698e-09
0.0051948
-7.32791e-09
0.0051948
-3.80925e-09
0.0051948
-5.00722e-09
0.0051948
-2.08585e-09
0.0051948
-3.73954e-09
0.0051948
-1.3153e-09
0.0051948
-3.11175e-09
0.0051948
-6.75976e-10
0.0051948
-2.60744e-09
0.0051948
-4.33113e-10
0.0051948
-2.20755e-09
0.00519481
-5.6343e-11
0.00519481
-1.79144e-09
0.00519481
6.13208e-10
0.00519481
-9.5031e-10
0.00519481
1.01116e-09
0.00519481
-9.08083e-10
0.00519481
4.23929e-10
0.00519481
-1.84271e-09
0.00519481
-5.82042e-10
0.00519481
-2.70196e-09
0.00519481
-1.58373e-09
0.00519481
-3.21006e-09
0.00519481
-1.66389e-09
0.00519481
-3.12373e-09
0.00519481
-1.71956e-09
0.00519481
-3.19763e-09
0.00519481
-2.62079e-09
0.00519481
-5.03434e-09
0.00519481
-5.68256e-09
0.00519481
-9.40112e-09
0.00519481
-1.20986e-08
0.00519481
-1.84412e-08
0.00519482
-2.5318e-08
0.00519482
-3.708e-08
0.00519483
-5.17297e-08
0.00519483
-7.45748e-08
0.00519484
-1.05081e-07
0.00519486
-1.51643e-07
0.00519488
-2.17341e-07
0.00519491
-3.29697e-07
0.00519495
-4.96109e-07
0.00519501
-8.69867e-07
0.00519511
-1.48103e-06
0.00519542
-3.94035e-06
0.00519632
-9.99519e-06
0.00519966
-3.47468e-05
-6.84978e-05
0.00512497
-0.000870911
0.00517671
-0.000481615
0.0051882
-0.000132534
0.00518898
-4.95888e-06
0.00518833
8.49107e-06
0.00518885
-3.77472e-06
0.00518954
-7.90495e-06
0.00519037
-9.66475e-06
0.00519107
-8.44438e-06
0.00519168
-7.35094e-06
0.00519218
-6.0676e-06
0.00519259
-5.06791e-06
0.00519293
-4.19767e-06
0.00519321
-3.5082e-06
0.00519344
-2.94382e-06
0.00519364
-2.48883e-06
0.00519381
-2.11925e-06
0.00519395
-1.8151e-06
0.00519407
-1.56399e-06
0.00519418
-1.35063e-06
0.00519427
-1.17272e-06
0.00519434
-1.01813e-06
0.00519441
-8.86432e-07
0.00519447
-7.69224e-07
0.00519452
-6.70683e-07
0.00519456
-5.81304e-07
0.0051946
-5.05828e-07
0.00519463
-4.36802e-07
0.00519465
-3.79465e-07
0.00519468
-3.2545e-07
0.0051947
-2.81739e-07
0.00519471
-2.4095e-07
0.00519473
-2.09099e-07
0.00519474
-1.77456e-07
0.00519475
-1.5339e-07
0.00519476
-1.29078e-07
0.00519476
-1.12547e-07
0.00519477
-9.37543e-08
0.00519477
-7.98845e-08
0.00519478
-6.58064e-08
0.00519478
-5.76271e-08
0.00519478
-4.54398e-08
0.00519479
-3.95781e-08
0.00519479
-3.15237e-08
0.00519479
-2.85467e-08
0.00519479
-2.18006e-08
0.00519479
-2.03275e-08
0.0051948
-1.49295e-08
0.0051948
-1.48961e-08
0.0051948
-1.00841e-08
0.0051948
-1.02838e-08
0.0051948
-6.78647e-09
0.0051948
-7.72888e-09
0.0051948
-4.27681e-09
0.0051948
-5.27573e-09
0.0051948
-2.31826e-09
0.0051948
-3.83001e-09
0.0051948
-1.48955e-09
0.0051948
-3.18456e-09
0.0051948
-8.20255e-10
0.0051948
-2.62628e-09
0.0051948
-5.7963e-10
0.0051948
-2.29091e-09
0.0051948
-1.36049e-10
0.0051948
-1.72869e-09
0.0051948
6.21189e-10
0.0051948
-8.16107e-10
0.0051948
1.06731e-09
0.0051948
-7.65278e-10
0.0051948
4.76276e-10
0.0051948
-1.7625e-09
0.0051948
-5.91296e-10
0.0051948
-2.60309e-09
0.0051948
-1.54058e-09
0.0051948
-3.12628e-09
0.0051948
-1.61524e-09
0.0051948
-3.00447e-09
0.0051948
-1.72702e-09
0.0051948
-3.23088e-09
0.0051948
-2.80445e-09
0.00519481
-5.29431e-09
0.00519481
-6.19155e-09
0.00519481
-1.01356e-08
0.00519481
-1.32416e-08
0.00519481
-1.99877e-08
0.00519481
-2.754e-08
0.00519481
-4.0166e-08
0.00519482
-5.60821e-08
0.00519482
-8.05978e-08
0.00519483
-1.13442e-07
0.00519484
-1.63058e-07
0.00519486
-2.32578e-07
0.00519488
-3.49681e-07
0.0051949
-5.20615e-07
0.00519494
-9.02596e-07
0.00519499
-1.53237e-06
0.00519517
-4.12424e-06
0.00519581
-1.06329e-05
0.00519831
-3.72452e-05
-7.37577e-05
0.00513321
-0.00100412
0.00518039
-0.000528793
0.00518946
-0.000141608
0.0051903
-5.79899e-06
0.00518979
8.99955e-06
0.00519031
-4.28739e-06
0.00519084
-8.43641e-06
0.00519149
-1.03204e-05
0.00519203
-8.98065e-06
0.0051925
-7.8165e-06
0.00519287
-6.44225e-06
0.00519318
-5.37854e-06
0.00519344
-4.45162e-06
0.00519365
-3.71879e-06
0.00519382
-3.11871e-06
0.00519397
-2.63535e-06
0.00519409
-2.24255e-06
0.0051942
-1.91946e-06
0.00519429
-1.65263e-06
0.00519436
-1.42624e-06
0.00519443
-1.23719e-06
0.00519448
-1.07345e-06
0.00519453
-9.33943e-07
0.00519457
-8.09808e-07
0.0051946
-7.05146e-07
0.00519463
-6.10767e-07
0.00519466
-5.30719e-07
0.00519468
-4.57964e-07
0.0051947
-3.97479e-07
0.00519471
-3.40839e-07
0.00519472
-2.94678e-07
0.00519474
-2.52022e-07
0.00519474
-2.18287e-07
0.00519475
-1.85202e-07
0.00519476
-1.5986e-07
0.00519476
-1.34406e-07
0.00519477
-1.16868e-07
0.00519477
-9.77632e-08
0.00519478
-8.30672e-08
0.00519478
-6.82748e-08
0.00519478
-5.99116e-08
0.00519478
-4.76194e-08
0.00519478
-4.10917e-08
0.00519478
-3.28137e-08
0.00519479
-2.96274e-08
0.00519479
-2.28148e-08
0.00519479
-2.09731e-08
0.00519479
-1.53702e-08
0.00519479
-1.51938e-08
0.00519479
-1.05841e-08
0.00519479
-1.06175e-08
0.00519479
-7.12553e-09
0.00519479
-7.94748e-09
0.00519479
-4.59888e-09
0.00519479
-5.44682e-09
0.00519479
-2.48427e-09
0.00519479
-3.84721e-09
0.00519479
-1.59232e-09
0.00519479
-3.19446e-09
0.00519479
-9.31912e-10
0.00519479
-2.61014e-09
0.00519479
-6.75898e-10
0.00519479
-2.33574e-09
0.00519479
-2.02157e-10
0.00519479
-1.64113e-09
0.00519479
6.45549e-10
0.00519479
-6.72916e-10
0.00519479
1.1164e-09
0.00519479
-6.25812e-10
0.00519479
5.37119e-10
0.00519479
-1.65823e-09
0.00519479
-5.82651e-10
0.00519479
-2.47762e-09
0.00519479
-1.46994e-09
0.00519479
-3.00072e-09
0.00519479
-1.54432e-09
0.00519479
-2.85656e-09
0.00519479
-1.69664e-09
0.00519479
-3.21273e-09
0.00519479
-2.9213e-09
0.0051948
-5.45204e-09
0.0051948
-6.54911e-09
0.0051948
-1.0651e-08
0.0051948
-1.40858e-08
0.0051948
-2.11117e-08
0.0051948
-2.91559e-08
0.0051948
-4.23745e-08
0.0051948
-5.91971e-08
0.00519481
-8.4854e-08
0.00519481
-1.19286e-07
0.00519482
-1.70759e-07
0.00519483
-2.4225e-07
0.00519484
-3.60548e-07
0.00519485
-5.30024e-07
0.00519486
-9.05983e-07
0.00519485
-1.5317e-06
0.00519491
-4.17848e-06
0.00519526
-1.09872e-05
0.00519682
-3.88033e-05
-7.72383e-05
0.0051431
-0.00114722
0.00518464
-0.000570332
0.00519093
-0.000147895
0.00519181
-6.68554e-06
0.00519145
9.36783e-06
0.00519192
-4.76218e-06
0.00519228
-8.79224e-06
0.00519273
-1.07713e-05
0.00519308
-9.32996e-06
0.00519338
-8.12006e-06
0.00519362
-6.68114e-06
0.00519382
-5.57549e-06
0.00519398
-4.61113e-06
0.00519411
-3.85026e-06
0.00519422
-3.22695e-06
0.00519431
-2.72538e-06
0.00519438
-2.31755e-06
0.00519445
-1.98219e-06
0.0051945
-1.70525e-06
0.00519454
-1.47061e-06
0.00519458
-1.27438e-06
0.00519461
-1.10485e-06
0.00519464
-9.60525e-07
0.00519466
-8.32136e-07
0.00519468
-7.23563e-07
0.00519469
-6.26174e-07
0.00519471
-5.43345e-07
0.00519472
-4.68403e-07
0.00519472
-4.0616e-07
0.00519473
-3.48157e-07
0.00519474
-3.00599e-07
0.00519474
-2.57018e-07
0.00519475
-2.22212e-07
0.00519475
-1.88397e-07
0.00519475
-1.62454e-07
0.00519475
-1.36483e-07
0.00519476
-1.18271e-07
0.00519476
-9.9232e-08
0.00519476
-8.4259e-08
0.00519476
-6.90286e-08
0.00519476
-6.06022e-08
0.00519476
-4.85485e-08
0.00519476
-4.16184e-08
0.00519476
-3.32437e-08
0.00519476
-2.99394e-08
0.00519476
-2.31783e-08
0.00519476
-2.11058e-08
0.00519476
-1.54108e-08
0.00519476
-1.50989e-08
0.00519476
-1.07606e-08
0.00519476
-1.07092e-08
0.00519476
-7.27378e-09
0.00519476
-7.97933e-09
0.00519476
-4.76823e-09
0.00519476
-5.50722e-09
0.00519476
-2.59634e-09
0.00519476
-3.79748e-09
0.00519476
-1.64279e-09
0.00519476
-3.14492e-09
0.00519476
-1.00349e-09
0.00519476
-2.56424e-09
0.00519476
-7.37926e-10
0.00519476
-2.3272e-09
0.00519476
-2.6719e-10
0.00519476
-1.52997e-09
0.00519476
6.83143e-10
0.00519476
-5.40123e-10
0.00519476
1.16566e-09
0.00519476
-5.08548e-10
0.00519476
6.09287e-10
0.00519476
-1.53031e-09
0.00519476
-5.48853e-10
0.00519476
-2.31288e-09
0.00519476
-1.37174e-09
0.00519476
-2.81429e-09
0.00519476
-1.43555e-09
0.00519476
-2.66735e-09
0.00519476
-1.60927e-09
0.00519477
-3.12889e-09
0.00519477
-2.95732e-09
0.00519477
-5.49344e-09
0.00519477
-6.73978e-09
0.00519477
-1.0916e-08
0.00519477
-1.45886e-08
0.00519477
-2.17631e-08
0.00519477
-3.01089e-08
0.00519477
-4.3639e-08
0.00519477
-6.09639e-08
0.00519477
-8.71801e-08
0.00519478
-1.22404e-07
0.00519478
-1.74497e-07
0.00519478
-2.46085e-07
0.00519479
-3.6211e-07
0.00519478
-5.24407e-07
0.00519475
-8.80608e-07
0.0051947
-1.47979e-06
0.00519462
-4.10079e-06
0.00519468
-1.10431e-05
0.00519521
-3.93364e-05
-7.87408e-05
0.00515491
-0.00130213
0.00518948
-0.000604904
0.00519258
-0.00015099
0.00519348
-7.59159e-06
0.00519325
9.60379e-06
0.00519366
-5.16864e-06
0.00519381
-8.94681e-06
0.00519403
-1.099e-05
0.00519417
-9.46996e-06
0.00519429
-8.24255e-06
0.00519438
-6.76926e-06
0.00519445
-5.64646e-06
0.00519451
-4.6663e-06
0.00519455
-3.8946e-06
0.00519459
-3.262e-06
0.00519461
-2.75352e-06
0.00519464
-2.33972e-06
0.00519465
-1.99954e-06
0.00519467
-1.71872e-06
0.00519468
-1.48107e-06
0.00519469
-1.28212e-06
0.00519469
-1.11051e-06
0.00519469
-9.64557e-07
0.0051947
-8.34854e-07
0.0051947
-7.24823e-07
0.0051947
-6.26595e-07
0.0051947
-5.42971e-07
0.0051947
-4.67519e-07
0.0051947
-4.04956e-07
0.00519469
-3.4696e-07
0.00519469
-2.99145e-07
0.00519469
-2.55615e-07
0.00519469
-2.20616e-07
0.00519469
-1.86845e-07
0.00519469
-1.60976e-07
0.00519468
-1.35166e-07
0.00519468
-1.16675e-07
0.00519468
-9.80616e-08
0.00519468
-8.33469e-08
0.00519468
-6.80456e-08
0.00519468
-5.96648e-08
0.00519468
-4.81511e-08
0.00519468
-4.11037e-08
0.00519468
-3.27873e-08
0.00519468
-2.94418e-08
0.00519468
-2.28658e-08
0.00519468
-2.0693e-08
0.00519468
-1.50517e-08
0.00519467
-1.46189e-08
0.00519467
-1.06092e-08
0.00519467
-1.05317e-08
0.00519467
-7.22204e-09
0.00519467
-7.83584e-09
0.00519467
-4.77624e-09
0.00519467
-5.45443e-09
0.00519467
-2.63434e-09
0.00519467
-3.67287e-09
0.00519467
-1.62102e-09
0.00519467
-3.03593e-09
0.00519467
-1.03749e-09
0.00519467
-2.49439e-09
0.00519468
-7.54693e-10
0.00519468
-2.27947e-09
0.00519468
-2.9959e-10
0.00519468
-1.41453e-09
0.00519468
7.14919e-10
0.00519468
-3.74774e-10
0.00519468
1.18193e-09
0.00519468
-3.63819e-10
0.00519468
6.7195e-10
0.00519468
-1.37077e-09
0.00519468
-4.87622e-10
0.00519468
-2.1365e-09
0.00519468
-1.23877e-09
0.00519468
-2.61008e-09
0.00519468
-1.3429e-09
0.00519468
-2.46515e-09
0.00519468
-1.51851e-09
0.00519468
-2.98659e-09
0.00519468
-2.91279e-09
0.00519468
-5.41092e-09
0.00519468
-6.78433e-09
0.00519468
-1.09296e-08
0.00519468
-1.47291e-08
0.00519468
-2.19058e-08
0.00519468
-3.03463e-08
0.00519468
-4.38775e-08
0.00519468
-6.12739e-08
0.00519468
-8.74314e-08
0.00519468
-1.22603e-07
0.00519468
-1.74068e-07
0.00519468
-2.43912e-07
0.00519467
-3.54414e-07
0.00519465
-5.04365e-07
0.0051946
-8.28312e-07
0.0051945
-1.37975e-06
0.00519429
-3.89393e-06
0.00519404
-1.07925e-05
0.00519348
-3.8776e-05
-7.80789e-05
0.00516893
-0.00147106
0.00519486
-0.000630841
0.00519432
-0.000150445
0.0051952
-8.46937e-06
0.00519509
9.71559e-06
0.00519539
-5.47044e-06
0.00519532
-8.87416e-06
0.00519527
-1.09476e-05
0.00519518
-9.37822e-06
0.00519511
-8.16479e-06
0.00519503
-6.69176e-06
0.00519496
-5.57944e-06
0.0051949
-4.60748e-06
0.00519485
-3.84402e-06
0.00519481
-3.21755e-06
0.00519477
-2.71461e-06
0.00519473
-2.30481e-06
0.0051947
-1.96799e-06
0.00519467
-1.69012e-06
0.00519465
-1.4552e-06
0.00519462
-1.25839e-06
0.0051946
-1.08878e-06
0.00519458
-9.44624e-07
0.00519456
-8.1677e-07
0.00519455
-7.07987e-07
0.00519453
-6.11271e-07
0.00519452
-5.28996e-07
0.0051945
-4.54864e-07
0.00519449
-3.93461e-07
0.00519448
-3.36919e-07
0.00519447
-2.90071e-07
0.00519447
-2.47606e-07
0.00519446
-2.13335e-07
0.00519445
-1.80436e-07
0.00519445
-1.55316e-07
0.00519444
-1.30369e-07
0.00519444
-1.12059e-07
0.00519443
-9.42238e-08
0.00519443
-8.02546e-08
0.00519443
-6.53257e-08
0.00519442
-5.7103e-08
0.00519442
-4.63765e-08
0.00519442
-3.95133e-08
0.00519442
-3.14268e-08
0.00519442
-2.80876e-08
0.00519442
-2.18917e-08
0.00519441
-1.97256e-08
0.00519441
-1.42922e-08
0.00519441
-1.37606e-08
0.00519441
-1.01142e-08
0.00519441
-1.00621e-08
0.00519441
-6.94176e-09
0.00519441
-7.45008e-09
0.00519441
-4.58644e-09
0.00519441
-5.18507e-09
0.00519441
-2.58767e-09
0.00519441
-3.46868e-09
0.00519441
-1.54958e-09
0.00519441
-2.85862e-09
0.00519441
-1.02481e-09
0.00519441
-2.37637e-09
0.00519441
-7.42278e-10
0.00519441
-2.15773e-09
0.00519441
-3.10627e-10
0.00519441
-1.27758e-09
0.00519441
7.32019e-10
0.00519441
-2.35808e-10
0.00519441
1.1798e-09
0.00519441
-2.57607e-10
0.00519441
7.15234e-10
0.00519441
-1.20053e-09
0.00519441
-4.13239e-10
0.00519441
-1.92841e-09
0.00519441
-1.08761e-09
0.00519441
-2.3617e-09
0.00519441
-1.20932e-09
0.00519441
-2.23375e-09
0.00519441
-1.39164e-09
0.00519441
-2.79109e-09
0.00519441
-2.79946e-09
0.00519441
-5.20423e-09
0.00519441
-6.57787e-09
0.00519441
-1.06253e-08
0.00519441
-1.44401e-08
0.00519441
-2.14775e-08
0.00519441
-2.98509e-08
0.00519441
-4.30424e-08
0.00519441
-6.0029e-08
0.00519441
-8.54797e-08
0.0051944
-1.19724e-07
0.0051944
-1.69317e-07
0.00519439
-2.3566e-07
0.00519437
-3.37735e-07
0.00519434
-4.7101e-07
0.00519426
-7.52215e-07
0.00519412
-1.23719e-06
0.00519379
-3.56631e-06
0.00519324
-1.02357e-05
0.00519154
-3.7075e-05
-7.5084e-05
0.00518536
-0.00165641
0.00520051
-0.000645999
0.00519583
-0.000145755
0.0051966
-9.2435e-06
0.00519661
9.7055e-06
0.00519677
-5.62638e-06
0.00519644
-8.54905e-06
0.00519611
-1.06145e-05
0.00519576
-9.03256e-06
0.00519547
-7.86779e-06
0.00519521
-6.43411e-06
0.00519499
-5.36284e-06
0.00519481
-4.4254e-06
0.00519466
-3.69106e-06
0.00519453
-3.08757e-06
0.00519442
-2.60368e-06
0.00519432
-2.20881e-06
0.00519424
-1.88428e-06
0.00519416
-1.61677e-06
0.0051941
-1.39079e-06
0.00519404
-1.20139e-06
0.00519399
-1.03823e-06
0.00519395
-8.99546e-07
0.0051939
-7.76906e-07
0.00519387
-6.72313e-07
0.00519384
-5.79632e-07
0.00519381
-5.00992e-07
0.00519378
-4.30144e-07
0.00519376
-3.71433e-07
0.00519374
-3.17829e-07
0.00519373
-2.73245e-07
0.00519371
-2.32905e-07
0.0051937
-2.00301e-07
0.00519369
-1.69145e-07
0.00519368
-1.45455e-07
0.00519367
-1.22063e-07
0.00519366
-1.04457e-07
0.00519365
-8.77654e-08
0.00519365
-7.49555e-08
0.00519364
-6.08833e-08
0.00519364
-5.29726e-08
0.00519364
-4.32077e-08
0.00519363
-3.68274e-08
0.00519363
-2.92184e-08
0.00519363
-2.6044e-08
0.00519363
-2.0213e-08
0.00519363
-1.81961e-08
0.00519362
-1.31438e-08
0.00519362
-1.25476e-08
0.00519362
-9.29604e-09
0.00519362
-9.28777e-09
0.00519362
-6.42741e-09
0.00519362
-6.85427e-09
0.00519362
-4.21784e-09
0.00519362
-4.76088e-09
0.00519362
-2.43934e-09
0.00519362
-3.17504e-09
0.00519362
-1.42035e-09
0.00519362
-2.61098e-09
0.00519362
-9.61211e-10
0.00519362
-2.20185e-09
0.00519362
-7.01515e-10
0.00519362
-1.96523e-09
0.00519362
-2.9153e-10
0.00519362
-1.12235e-09
0.00519362
7.31373e-10
0.00519362
-1.13417e-10
0.00519362
1.14189e-09
0.00519362
-1.76855e-10
0.00519362
7.21355e-10
0.00519362
-1.02565e-09
0.00519362
-3.40021e-10
0.00519362
-1.7071e-09
0.00519362
-9.38248e-10
0.00519362
-2.09686e-09
0.00519362
-1.06842e-09
0.00519362
-1.99046e-09
0.00519362
-1.25702e-09
0.00519362
-2.55842e-09
0.00519362
-2.63042e-09
0.00519362
-4.89084e-09
0.00519362
-6.23496e-09
0.00519362
-1.00545e-08
0.00519362
-1.37508e-08
0.00519362
-2.04112e-08
0.00519362
-2.83869e-08
0.00519361
-4.10581e-08
0.00519361
-5.71285e-08
0.00519361
-8.12252e-08
0.0051936
-1.13646e-07
0.00519359
-1.60139e-07
0.00519358
-2.2135e-07
0.00519355
-3.12558e-07
0.00519351
-4.2593e-07
0.00519341
-6.56695e-07
0.00519324
-1.06029e-06
0.0051928
-3.13257e-06
0.00519195
-9.38132e-06
0.00518909
-3.4215e-05
-6.96157e-05
0.00520393
-0.00186034
0.00520545
-0.000647516
0.00519604
-0.00013635
0.00519661
-9.80588e-06
0.00519675
9.55976e-06
0.00519672
-5.59267e-06
0.00519612
-7.94868e-06
0.00519546
-9.9606e-06
0.00519484
-8.41162e-06
0.00519431
-7.33331e-06
0.00519386
-5.98257e-06
0.00519348
-4.98577e-06
0.00519317
-4.11139e-06
0.0051929
-3.42872e-06
0.00519268
-2.86641e-06
0.0051925
-2.41608e-06
0.00519233
-2.04799e-06
0.0051922
-1.74542e-06
0.00519208
-1.49626e-06
0.00519197
-1.2859e-06
0.00519188
-1.10951e-06
0.0051918
-9.57624e-07
0.00519173
-8.28383e-07
0.00519166
-7.14508e-07
0.00519161
-6.17268e-07
0.00519156
-5.31299e-07
0.00519152
-4.5867e-07
0.00519148
-3.93235e-07
0.00519145
-3.38781e-07
0.00519142
-2.89635e-07
0.00519139
-2.48649e-07
0.00519137
-2.11561e-07
0.00519135
-1.81569e-07
0.00519134
-1.5303e-07
0.00519132
-1.31467e-07
0.00519131
-1.10297e-07
0.0051913
-9.39405e-08
0.00519129
-7.87902e-08
0.00519128
-6.74927e-08
0.00519128
-5.47108e-08
0.00519127
-4.73499e-08
0.00519127
-3.87399e-08
0.00519126
-3.30344e-08
0.00519126
-2.61104e-08
0.00519126
-2.31964e-08
0.00519125
-1.79411e-08
0.00519125
-1.61327e-08
0.00519125
-1.16285e-08
0.00519125
-1.10159e-08
0.00519125
-8.17671e-09
0.00519125
-8.22317e-09
0.00519125
-5.68661e-09
0.00519125
-6.04375e-09
0.00519125
-3.68334e-09
0.00519125
-4.16713e-09
0.00519124
-2.18943e-09
0.00519124
-2.79778e-09
0.00519124
-1.23609e-09
0.00519124
-2.30149e-09
0.00519124
-8.40032e-10
0.00519124
-1.9645e-09
0.00519124
-6.31816e-10
0.00519124
-1.70425e-09
0.00519124
-2.38979e-10
0.00519124
-9.47301e-10
0.00519125
7.11577e-10
0.00519125
-1.38622e-11
0.00519125
1.06545e-09
0.00519125
-1.26491e-10
0.00519125
6.82792e-10
0.00519125
-8.57077e-10
0.00519125
-2.80222e-10
0.00519125
-1.48068e-09
0.00519125
-7.99817e-10
0.00519125
-1.82441e-09
0.00519125
-9.20869e-10
0.00519125
-1.73583e-09
0.00519125
-1.11732e-09
0.00519125
-2.29349e-09
0.00519125
-2.40945e-09
0.00519125
-4.47518e-09
0.00519124
-5.72778e-09
0.00519124
-9.19839e-09
0.00519124
-1.26367e-08
0.00519124
-1.87293e-08
0.00519124
-2.61109e-08
0.00519124
-3.76093e-08
0.00519123
-5.24588e-08
0.00519122
-7.45732e-08
0.00519122
-1.04275e-07
0.0051912
-1.46473e-07
0.00519118
-2.0107e-07
0.00519115
-2.79511e-07
0.00519109
-3.71128e-07
0.00519098
-5.47265e-07
0.00519078
-8.59981e-07
0.00519027
-2.61475e-06
0.00518913
-8.24814e-06
0.00518514
-3.02188e-05
-6.15786e-05
0.00522258
-0.00208292
0.00520652
-0.000631461
0.00519179
-0.000121615
0.00519199
-1.00128e-05
0.00519232
9.23308e-06
0.00519205
-5.32699e-06
0.00519116
-7.05583e-06
0.00519016
-8.95724e-06
0.00518924
-7.49689e-06
0.00518845
-6.54512e-06
0.0051878
-5.32526e-06
0.00518725
-4.43865e-06
0.0051868
-3.65791e-06
0.00518642
-3.05119e-06
0.0051861
-2.54913e-06
0.00518583
-2.14773e-06
0.00518561
-1.81911e-06
0.00518541
-1.54884e-06
0.00518524
-1.32658e-06
0.00518509
-1.13893e-06
0.00518496
-9.81448e-07
0.00518485
-8.46007e-07
0.00518475
-7.30464e-07
0.00518467
-6.29053e-07
0.00518459
-5.42545e-07
0.00518453
-4.66088e-07
0.00518447
-4.0182e-07
0.00518442
-3.44135e-07
0.00518438
-2.95582e-07
0.00518434
-2.52451e-07
0.00518431
-2.164e-07
0.00518428
-1.83741e-07
0.00518426
-1.57318e-07
0.00518423
-1.32266e-07
0.00518422
-1.13535e-07
0.0051842
-9.5226e-08
0.00518419
-8.0677e-08
0.00518418
-6.7477e-08
0.00518417
-5.79968e-08
0.00518416
-4.69325e-08
0.00518415
-4.03582e-08
0.00518415
-3.30651e-08
0.00518414
-2.82461e-08
0.00518414
-2.22481e-08
0.00518413
-1.96709e-08
0.00518413
-1.51482e-08
0.00518413
-1.3602e-08
0.00518413
-9.78311e-09
0.00518412
-9.21676e-09
0.00518412
-6.80553e-09
0.00518412
-6.91553e-09
0.00518412
-4.75045e-09
0.00518412
-5.05712e-09
0.00518412
-3.02361e-09
0.00518412
-3.43535e-09
0.00518412
-1.85726e-09
0.00518412
-2.35167e-09
0.00518412
-1.00534e-09
0.00518412
-1.94367e-09
0.00518412
-6.62812e-10
0.00518412
-1.66116e-09
0.00518412
-5.36599e-10
0.00518412
-1.38479e-09
0.00518412
-1.59719e-10
0.00518412
-7.5678e-10
0.00518412
6.68392e-10
0.00518412
5.32477e-11
0.00518412
9.49954e-10
0.00518412
-1.1197e-10
0.00518412
6.00044e-10
0.00518412
-7.01095e-10
0.00518412
-2.3734e-10
0.00518412
-1.24662e-09
0.00518412
-6.68814e-10
0.00518412
-1.53958e-09
0.00518412
-7.59482e-10
0.00518412
-1.46136e-09
0.00518412
-9.62715e-10
0.00518412
-1.98748e-09
0.00518412
-2.12147e-09
0.00518412
-3.94298e-09
0.00518412
-5.04704e-09
0.00518412
-8.05862e-09
0.00518412
-1.11021e-08
0.00518411
-1.6429e-08
0.00518411
-2.28866e-08
0.00518411
-3.29484e-08
0.0051841
-4.60559e-08
0.00518409
-6.55224e-08
0.00518408
-9.15928e-08
0.00518406
-1.28312e-07
0.00518403
-1.74968e-07
0.00518399
-2.39271e-07
0.00518393
-3.08756e-07
0.00518381
-4.30183e-07
0.0051836
-6.49386e-07
0.00518303
-2.04412e-06
0.00518165
-6.8689e-06
0.00517661
-2.51737e-05
-5.09456e-05
0.00523327
-0.00231619
0.00519415
-0.000592341
0.00517348
-0.000100947
0.00517314
-9.67482e-06
0.00517375
8.62619e-06
0.00517322
-4.79204e-06
0.00517202
-5.86481e-06
0.00517065
-7.58283e-06
0.00516943
-6.27748e-06
0.00516838
-5.49278e-06
0.00516751
-4.45524e-06
0.00516679
-3.71556e-06
0.00516619
-3.06015e-06
0.00516569
-2.55461e-06
0.00516527
-2.13212e-06
0.00516492
-1.7958e-06
0.00516462
-1.52001e-06
0.00516437
-1.29289e-06
0.00516415
-1.1065e-06
0.00516396
-9.4901e-07
0.00516379
-8.16618e-07
0.00516365
-7.03098e-07
0.00516352
-6.05894e-07
0.00516342
-5.2088e-07
0.00516332
-4.48516e-07
0.00516324
-3.84494e-07
0.00516317
-3.3104e-07
0.00516311
-2.8271e-07
0.00516305
-2.4226e-07
0.00516301
-2.06676e-07
0.00516297
-1.76863e-07
0.00516293
-1.49814e-07
0.0051629
-1.27917e-07
0.00516288
-1.07182e-07
0.00516286
-9.19681e-08
0.00516284
-7.71342e-08
0.00516282
-6.49088e-08
0.00516281
-5.4089e-08
0.0051628
-4.66937e-08
0.00516279
-3.77137e-08
0.00516278
-3.21878e-08
0.00516277
-2.63446e-08
0.00516277
-2.25792e-08
0.00516276
-1.7697e-08
0.00516276
-1.56088e-08
0.00516276
-1.19428e-08
0.00516275
-1.0721e-08
0.00516275
-7.69285e-09
0.00516275
-7.23914e-09
0.00516275
-5.28284e-09
0.00516274
-5.45347e-09
0.00516274
-3.68656e-09
0.00516274
-3.96066e-09
0.00516274
-2.29574e-09
0.00516274
-2.60616e-09
0.00516274
-1.4638e-09
0.00516274
-1.84789e-09
0.00516274
-7.31126e-10
0.00516274
-1.54615e-09
0.00516274
-4.41868e-10
0.00516274
-1.30355e-09
0.00516274
-4.34533e-10
0.00516274
-1.04187e-09
0.00516274
-7.99935e-11
0.00516274
-5.70599e-10
0.00516274
5.88239e-10
0.00516274
8.71023e-11
0.00516274
7.99378e-10
0.00516274
-1.19765e-10
0.00516274
4.89432e-10
0.00516274
-5.47788e-10
0.00516274
-2.01374e-10
0.00516274
-9.95602e-10
0.00516274
-5.33957e-10
0.00516274
-1.23714e-09
0.00516274
-5.83447e-10
0.00516274
-1.15878e-09
0.00516274
-7.82204e-10
0.00516274
-1.62333e-09
0.00516274
-1.74281e-09
0.00516274
-3.26902e-09
0.00516274
-4.17469e-09
0.00516274
-6.62254e-09
0.00516274
-9.14362e-09
0.00516273
-1.35092e-08
0.00516273
-1.8822e-08
0.00516272
-2.71272e-08
0.00516272
-3.79794e-08
0.00516271
-5.40951e-08
0.00516269
-7.56266e-08
0.00516267
-1.05716e-07
0.00516264
-1.43268e-07
0.00516259
-1.92714e-07
0.00516252
-2.40567e-07
0.0051624
-3.12134e-07
0.00516219
-4.42225e-07
0.00516161
-1.45976e-06
0.00516004
-5.3019e-06
0.00515416
-1.92896e-05
-3.78145e-05
0.00520988
-0.00252607
0.00513955
-0.000522006
0.00511246
-7.38575e-05
0.00511131
-8.52838e-06
0.00511239
7.55194e-06
0.00511155
-3.95223e-06
0.00511008
-4.39486e-06
0.00510833
-5.83917e-06
0.00510682
-4.76011e-06
0.00510551
-4.1818e-06
0.00510443
-3.37775e-06
0.00510353
-2.82057e-06
0.0051028
-2.32115e-06
0.00510218
-1.93749e-06
0.00510166
-1.61697e-06
0.00510123
-1.36186e-06
0.00510086
-1.15206e-06
0.00510055
-9.7898e-07
0.00510028
-8.37263e-07
0.00510005
-7.17306e-07
0.00509985
-6.16196e-07
0.00509967
-5.29958e-07
0.00509952
-4.55755e-07
0.00509939
-3.9103e-07
0.00509928
-3.36188e-07
0.00509918
-2.87498e-07
0.0050991
-2.47125e-07
0.00509902
-2.10489e-07
0.00509896
-1.79828e-07
0.00509891
-1.53217e-07
0.00509886
-1.30871e-07
0.00509882
-1.1056e-07
0.00509879
-9.41448e-08
0.00509876
-7.85142e-08
0.00509874
-6.73318e-08
0.00509871
-5.65003e-08
0.0050987
-4.71515e-08
0.00509868
-3.90963e-08
0.00509867
-3.39608e-08
0.00509866
-2.73194e-08
0.00509865
-2.31225e-08
0.00509864
-1.88888e-08
0.00509864
-1.62292e-08
0.00509863
-1.26568e-08
0.00509863
-1.117e-08
0.00509862
-8.45918e-09
0.00509862
-7.62002e-09
0.00509862
-5.46413e-09
0.00509861
-5.14907e-09
0.00509861
-3.69209e-09
0.00509861
-3.91607e-09
0.00509861
-2.57848e-09
0.00509861
-2.82662e-09
0.00509861
-1.56533e-09
0.00509861
-1.74936e-09
0.00509861
-1.03906e-09
0.00509861
-1.3176e-09
0.00509861
-4.45296e-10
0.00509861
-1.12087e-09
0.00509861
-2.08578e-10
0.00509861
-9.05353e-10
0.00509861
-3.21465e-10
0.00509861
-7.09917e-10
0.00509861
-2.40608e-11
0.00509861
-4.09999e-10
0.00509861
4.5108e-10
0.00509861
7.14273e-11
0.00509861
6.02828e-10
0.00509861
-1.43525e-10
0.00509861
3.58003e-10
0.00509861
-3.9278e-10
0.00509861
-1.51509e-10
0.00509861
-7.10079e-10
0.00509861
-3.68893e-10
0.00509861
-8.99045e-10
0.00509861
-3.85559e-10
0.00509861
-8.22733e-10
0.00509861
-5.66371e-10
0.00509861
-1.19772e-09
0.00509861
-1.27743e-09
0.00509861
-2.45557e-09
0.00509861
-3.1184e-09
0.0050986
-4.91928e-09
0.0050986
-6.79963e-09
0.0050986
-1.00401e-08
0.00509859
-1.4003e-08
0.00509859
-2.02272e-08
0.00509858
-2.83644e-08
0.00509856
-4.04565e-08
0.00509855
-5.65898e-08
0.00509852
-7.89859e-08
0.00509848
-1.06455e-07
0.00509843
-1.40894e-07
0.00509836
-1.69822e-07
0.00509825
-2.01022e-07
0.00509806
-2.57242e-07
0.0050975
-8.91905e-07
0.00509584
-3.64845e-06
0.00508958
-1.30254e-05
-2.27387e-05
0.00507199
-0.00259806
0.00495541
-0.000405423
0.00492272
-4.11715e-05
0.00492046
-6.26326e-06
0.00492229
5.72591e-06
0.00492113
-2.79792e-06
0.00491946
-2.72417e-06
0.00491739
-3.76882e-06
0.00491564
-3.00481e-06
0.00491411
-2.65675e-06
0.00491287
-2.13315e-06
0.00491183
-1.78501e-06
0.00491098
-1.46726e-06
0.00491027
-1.22537e-06
0.00490967
-1.0216e-06
0.00490917
-8.60613e-07
0.00490875
-7.27623e-07
0.00490838
-6.17651e-07
0.00490808
-5.27978e-07
0.00490781
-4.51776e-07
0.00490758
-3.87323e-07
0.00490738
-3.3294e-07
0.00490721
-2.85745e-07
0.00490707
-2.44665e-07
0.00490694
-2.10083e-07
0.00490683
-1.79125e-07
0.00490674
-1.53724e-07
0.00490666
-1.30492e-07
0.00490659
-1.11073e-07
0.00490653
-9.45292e-08
0.00490648
-8.05451e-08
0.00490643
-6.78771e-08
0.0049064
-5.76034e-08
0.00490637
-4.76488e-08
0.00490634
-4.09116e-08
0.00490632
-3.43311e-08
0.0049063
-2.82666e-08
0.00490628
-2.33589e-08
0.00490627
-2.04597e-08
0.00490626
-1.63027e-08
0.00490625
-1.37155e-08
0.00490624
-1.11467e-08
0.00490624
-9.60595e-09
0.00490623
-7.51161e-09
0.00490623
-6.67113e-09
0.00490622
-4.98463e-09
0.00490622
-4.57528e-09
0.00490622
-3.286e-09
0.00490621
-3.1447e-09
0.00490621
-2.21774e-09
0.00490621
-2.44435e-09
0.00490621
-1.56202e-09
0.00490621
-1.74178e-09
0.00490621
-8.87538e-10
0.00490621
-9.20939e-10
0.00490621
-5.77651e-10
0.00490621
-7.32086e-10
0.00490621
-1.36279e-10
0.00490621
-6.47894e-10
0.00490621
1.37668e-11
0.00490621
-5.10847e-10
0.00490621
-2.33848e-10
0.00490621
-4.43329e-10
0.00490621
-4.9824e-11
0.00490621
-3.00625e-10
0.00490621
2.65552e-10
0.00490621
4.18773e-11
0.00490621
4.16099e-10
0.00490621
-9.8104e-11
0.00490621
2.83326e-10
0.00490621
-1.79034e-10
0.00490621
-3.8643e-11
0.00490621
-3.69418e-10
0.00490621
-1.79569e-10
0.00490621
-5.3523e-10
0.00490621
-1.91748e-10
0.00490621
-4.79392e-10
0.00490621
-3.26155e-10
0.00490621
-7.18684e-10
0.00490621
-7.37777e-10
0.00490621
-1.50779e-09
0.00490621
-1.88746e-09
0.0049062
-2.98697e-09
0.0049062
-4.14652e-09
0.0049062
-6.14917e-09
0.00490619
-8.61086e-09
0.00490619
-1.25196e-08
0.00490617
-1.75964e-08
0.00490616
-2.51557e-08
0.00490614
-3.52276e-08
0.00490611
-4.9149e-08
0.00490607
-6.59415e-08
0.00490601
-8.59898e-08
0.00490594
-1.00001e-07
0.00490585
-1.05038e-07
0.0049057
-1.11639e-07
0.00490523
-4.17598e-07
0.00490361
-2.02837e-06
0.00489776
-7.18242e-06
-7.9099e-06
0.00456761
-0.00216568
0.00437532
-0.000213133
0.00434651
-1.23573e-05
0.00434274
-2.49816e-06
0.00434575
2.7195e-06
0.00434422
-1.26824e-06
0.0043426
-1.09838e-06
0.00434039
-1.56637e-06
0.00433861
-1.21843e-06
0.00433704
-1.08304e-06
0.00433577
-8.63312e-07
0.0043347
-7.23755e-07
0.00433383
-5.93892e-07
0.0043331
-4.95208e-07
0.00433249
-4.12569e-07
0.00433198
-3.47627e-07
0.00433155
-2.93642e-07
0.00433118
-2.48827e-07
0.00433086
-2.12664e-07
0.00433059
-1.81624e-07
0.00433036
-1.55337e-07
0.00433016
-1.33827e-07
0.00432999
-1.14698e-07
0.00432984
-9.80401e-08
0.00432972
-8.41165e-08
0.00432961
-7.14128e-08
0.00432952
-6.12097e-08
0.00432944
-5.16255e-08
0.00432937
-4.37088e-08
0.00432931
-3.72631e-08
0.00432926
-3.16255e-08
0.00432922
-2.66202e-08
0.00432918
-2.24821e-08
0.00432916
-1.81964e-08
0.00432913
-1.56843e-08
0.00432911
-1.32057e-08
0.00432909
-1.05109e-08
0.00432908
-8.77368e-09
0.00432906
-7.83103e-09
0.00432905
-5.97788e-09
0.00432905
-5.0582e-09
0.00432904
-4.18125e-09
0.00432903
-3.54666e-09
0.00432903
-2.87005e-09
0.00432902
-2.68963e-09
0.00432902
-2.00067e-09
0.00432902
-1.93595e-09
0.00432901
-1.43861e-09
0.00432901
-1.39707e-09
0.00432901
-1.03068e-09
0.00432901
-1.1757e-09
0.00432901
-7.49372e-10
0.00432901
-7.82938e-10
0.00432901
-2.98858e-10
0.00432901
-1.75459e-10
0.00432901
-1.16295e-10
0.00432901
-1.335e-10
0.00432901
1.19806e-10
0.00432901
-1.81989e-10
0.00432901
1.35946e-10
0.00432901
-1.91283e-10
0.00432901
-2.03468e-10
0.00432901
-2.80824e-10
0.00432901
-1.58788e-10
0.00432901
-2.03472e-10
0.00432901
1.13823e-10
0.00432901
1.11043e-10
0.00432901
3.31351e-10
0.00432901
1.13608e-10
0.00432901
3.35329e-10
0.00432901
1.30696e-10
0.00432901
1.40656e-10
0.00432901
-1.60021e-12
0.00432901
-1.11175e-11
0.00432901
-2.11053e-10
0.00432901
-7.23665e-11
0.00432901
-1.93255e-10
0.00432901
-1.23748e-10
0.00432901
-2.45184e-10
0.00432901
-2.05106e-10
0.00432901
-5.24796e-10
0.004329
-6.24819e-10
0.004329
-1.0303e-09
0.004329
-1.494e-09
0.004329
-2.27183e-09
0.00432899
-3.25537e-09
0.00432898
-4.84563e-09
0.00432897
-6.85965e-09
0.00432896
-9.87068e-09
0.00432894
-1.39039e-08
0.00432891
-1.94695e-08
0.00432887
-2.60805e-08
0.00432882
-3.36193e-08
0.00432875
-3.76517e-08
0.00432868
-3.36942e-08
0.00432859
-2.29421e-08
0.00432828
-1.01843e-07
0.00432694
-6.96227e-07
0.00432237
-2.60263e-06
1.19022e-06
0.00283433
0.00262119
0.00260884
0.00260634
0.00260906
0.00260779
0.00260669
0.00260512
0.0026039
0.00260282
0.00260196
0.00260123
0.00260064
0.00260014
0.00259973
0.00259938
0.00259909
0.00259884
0.00259863
0.00259844
0.00259829
0.00259816
0.00259804
0.00259794
0.00259786
0.00259779
0.00259773
0.00259767
0.00259763
0.00259759
0.00259756
0.00259754
0.00259751
0.00259749
0.00259748
0.00259747
0.00259745
0.00259745
0.00259744
0.00259743
0.00259743
0.00259742
0.00259742
0.00259742
0.00259741
0.00259741
0.00259741
0.00259741
0.00259741
0.00259741
0.00259741
0.0025974
0.0025974
0.0025974
0.0025974
0.0025974
0.0025974
0.0025974
0.0025974
0.0025974
0.0025974
0.0025974
0.0025974
0.0025974
0.0025974
0.0025974
0.0025974
0.0025974
0.0025974
0.0025974
0.0025974
0.0025974
0.0025974
0.0025974
0.0025974
0.0025974
0.0025974
0.0025974
0.0025974
0.0025974
0.0025974
0.0025974
0.0025974
0.0025974
0.0025974
0.00259739
0.00259739
0.00259738
0.00259737
0.00259736
0.00259734
0.00259731
0.00259728
0.00259724
0.00259721
0.00259718
0.00259708
0.00259639
0.00259378
)
;

boundaryField
{
    inlet
    {
        type            calculated;
        value           nonuniform List<scalar> 
40
(
-0.005
-0.005
-0.005
-0.005
-0.005
-0.005
-0.005
-0.005
-0.005
-0.005
-0.005
-0.005
-0.005
-0.005
-0.005
-0.005
-0.005
-0.005
-0.005
-0.005
-0.005
-0.005
-0.005
-0.005
-0.005
-0.005
-0.005
-0.005
-0.005
-0.005
-0.005
-0.005
-0.005
-0.005
-0.005
-0.005
-0.005
-0.005
-0.005
-0.005
)
;
    }
    outlet
    {
        type            calculated;
        value           nonuniform List<scalar> 
40
(
0.00259497
0.00431326
0.00488293
0.0050745
0.00514103
0.00516597
0.0051771
0.00518362
0.00518854
0.00519281
0.00519671
0.0052003
0.00520357
0.00520649
0.00520904
0.0052112
0.00521295
0.00521428
0.00521516
0.00521561
0.00521561
0.00521516
0.00521428
0.00521295
0.0052112
0.00520904
0.00520649
0.00520357
0.0052003
0.00519672
0.00519282
0.00518854
0.00518362
0.0051771
0.00516598
0.00514103
0.0050745
0.00488293
0.00431326
0.00259497
)
;
    }
    lowerWall
    {
        type            calculated;
        value           uniform 0;
    }
    upperWall
    {
        type            calculated;
        value           uniform 0;
    }
    frontAndBack
    {
        type            empty;
        value           nonuniform 0();
    }
}


// ************************************************************************* //
