/*--------------------------------*- C++ -*----------------------------------*\
  =========                 |
  \\      /  F ield         | OpenFOAM: The Open Source CFD Toolbox
   \\    /   O peration     | Website:  https://openfoam.org
    \\  /    A nd           | Version:  7
     \\/     M anipulation  |
\*---------------------------------------------------------------------------*/
FoamFile
{
    version     2.0;
    format      ascii;
    class       surfaceScalarField;
    location    "2.5";
    object      phiB;
}
// * * * * * * * * * * * * * * * * * * * * * * * * * * * * * * * * * * * * * //

dimensions      [1 2 -2 0 0 -1 0];

internalField   nonuniform List<scalar> 
7860
(
0.00179011
0.399578
0.00211702
0.399673
0.00231824
0.399799
0.00246295
0.399855
0.00255143
0.399912
0.00259851
0.399953
0.00261875
0.39998
0.00262225
0.399997
0.00261602
0.400006
0.00260446
0.400012
0.00259042
0.400014
0.00257567
0.400015
0.00256129
0.400014
0.00254788
0.400013
0.00253577
0.400012
0.00252505
0.400011
0.00251572
0.400009
0.00250769
0.400008
0.00250087
0.400007
0.0024951
0.400006
0.00249026
0.400005
0.00248622
0.400004
0.00248286
0.400003
0.00248008
0.400003
0.00247779
0.400002
0.0024759
0.400002
0.00247436
0.400002
0.00247309
0.400001
0.00247205
0.400001
0.0024712
0.400001
0.00247051
0.400001
0.00246995
0.400001
0.00246949
0.4
0.00246912
0.4
0.00246881
0.4
0.00246857
0.4
0.00246837
0.4
0.00246821
0.4
0.00246808
0.4
0.00246797
0.4
0.00246789
0.4
0.00246782
0.4
0.00246776
0.4
0.00246772
0.4
0.00246768
0.4
0.00246765
0.4
0.00246763
0.4
0.00246761
0.4
0.00246759
0.4
0.00246758
0.4
0.00246757
0.4
0.00246756
0.4
0.00246756
0.4
0.00246755
0.4
0.00246755
0.4
0.00246755
0.4
0.00246754
0.4
0.00246754
0.4
0.00246754
0.4
0.00246754
0.4
0.00246754
0.4
0.00246753
0.4
0.00246753
0.4
0.00246753
0.4
0.00246753
0.4
0.00246753
0.4
0.00246753
0.4
0.00246753
0.4
0.00246753
0.4
0.00246753
0.4
0.00246753
0.4
0.00246752
0.4
0.00246752
0.4
0.00246752
0.4
0.00246751
0.4
0.00246751
0.4
0.0024675
0.4
0.00246748
0.4
0.00246747
0.4
0.00246745
0.4
0.00246742
0.4
0.00246739
0.4
0.00246735
0.4
0.00246729
0.4
0.00246722
0.4
0.00246713
0.4
0.00246703
0.4
0.0024669
0.4
0.00246676
0.4
0.00246661
0.4
0.00246646
0.4
0.00246636
0.4
0.00246635
0.4
0.00246654
0.4
0.00246705
0.399999
0.00246804
0.399999
0.00246932
0.399999
0.0024699
0.399999
0.00246582
0.400004
0.400015
0.00288691
0.398798
0.00338424
0.399176
0.00369585
0.399487
0.00390486
0.399646
0.00403181
0.399785
0.00410105
0.399884
0.00413243
0.399948
0.00414019
0.399989
0.00413398
0.400012
0.00411997
0.400026
0.00410218
0.400032
0.00408313
0.400034
0.00406434
0.400033
0.00404671
0.400031
0.00403069
0.400028
0.00401647
0.400025
0.00400405
0.400022
0.00399335
0.400019
0.00398422
0.400016
0.0039765
0.400013
0.00397002
0.400011
0.00396459
0.400009
0.00396008
0.400008
0.00395635
0.400007
0.00395326
0.400005
0.00395072
0.400004
0.00394863
0.400004
0.00394692
0.400003
0.00394551
0.400002
0.00394437
0.400002
0.00394343
0.400002
0.00394267
0.400001
0.00394205
0.400001
0.00394155
0.400001
0.00394114
0.400001
0.0039408
0.400001
0.00394053
0.4
0.00394032
0.4
0.00394014
0.4
0.00393999
0.4
0.00393988
0.4
0.00393978
0.4
0.00393971
0.4
0.00393965
0.4
0.0039396
0.4
0.00393956
0.4
0.00393953
0.4
0.0039395
0.4
0.00393948
0.4
0.00393946
0.4
0.00393945
0.4
0.00393944
0.4
0.00393943
0.4
0.00393942
0.4
0.00393942
0.4
0.00393941
0.4
0.00393941
0.4
0.0039394
0.4
0.0039394
0.4
0.0039394
0.4
0.0039394
0.4
0.0039394
0.4
0.0039394
0.4
0.0039394
0.4
0.00393939
0.4
0.00393939
0.4
0.00393939
0.4
0.00393939
0.4
0.00393939
0.4
0.00393939
0.4
0.00393938
0.4
0.00393938
0.4
0.00393938
0.4
0.00393937
0.4
0.00393937
0.4
0.00393936
0.4
0.00393934
0.4
0.00393933
0.4
0.00393931
0.4
0.00393928
0.4
0.00393925
0.4
0.0039392
0.4
0.00393914
0.4
0.00393907
0.4
0.00393897
0.4
0.00393886
0.4
0.00393872
0.4
0.00393856
0.4
0.00393838
0.4
0.00393819
0.4
0.00393803
0.4
0.00393794
0.4
0.00393801
0.4
0.00393838
0.399999
0.00393925
0.399999
0.00394083
0.399997
0.00394295
0.399997
0.00394431
0.399998
0.00393946
0.400009
0.400031
0.00310233
0.397911
0.00363162
0.398646
0.00397098
0.399148
0.00418988
0.399427
0.00432184
0.399653
0.00439547
0.39981
0.00443058
0.399913
0.00444164
0.399978
0.00443819
0.400016
0.00442653
0.400037
0.00441069
0.400048
0.00439326
0.400051
0.00437582
0.400051
0.0043593
0.400048
0.00434419
0.400043
0.00433072
0.400038
0.00431892
0.400034
0.00430872
0.400029
0.0043
0.400025
0.00429261
0.400021
0.00428638
0.400018
0.00428118
0.400015
0.00427684
0.400012
0.00427324
0.40001
0.00427027
0.400008
0.00426782
0.400007
0.0042658
0.400006
0.00426415
0.400005
0.00426279
0.400004
0.00426168
0.400003
0.00426078
0.400003
0.00426004
0.400002
0.00425944
0.400002
0.00425895
0.400001
0.00425855
0.400001
0.00425823
0.400001
0.00425797
0.400001
0.00425775
0.400001
0.00425758
0.4
0.00425744
0.4
0.00425733
0.4
0.00425724
0.4
0.00425716
0.4
0.0042571
0.4
0.00425705
0.4
0.00425701
0.4
0.00425698
0.4
0.00425696
0.4
0.00425694
0.4
0.00425692
0.4
0.00425691
0.4
0.0042569
0.4
0.00425689
0.4
0.00425688
0.4
0.00425688
0.4
0.00425687
0.4
0.00425687
0.4
0.00425686
0.4
0.00425686
0.4
0.00425686
0.4
0.00425686
0.4
0.00425686
0.4
0.00425686
0.4
0.00425686
0.4
0.00425685
0.4
0.00425685
0.4
0.00425685
0.4
0.00425685
0.4
0.00425685
0.4
0.00425685
0.4
0.00425685
0.4
0.00425684
0.4
0.00425684
0.4
0.00425683
0.4
0.00425683
0.4
0.00425682
0.4
0.00425681
0.4
0.00425679
0.4
0.00425677
0.4
0.00425674
0.4
0.00425671
0.4
0.00425667
0.4
0.00425661
0.4
0.00425654
0.4
0.00425645
0.4
0.00425634
0.4
0.00425621
0.4
0.00425606
0.4
0.00425591
0.4
0.00425575
0.4
0.00425563
0.4
0.00425561
0.4
0.00425577
0.4
0.00425628
0.399999
0.00425735
0.399998
0.00425925
0.399996
0.00426191
0.399994
0.00426447
0.399995
0.00426275
0.400011
0.40004
0.00296612
0.397014
0.00351244
0.3981
0.00386813
0.398792
0.00409302
0.399203
0.00422854
0.399517
0.00430552
0.399733
0.00434382
0.399875
0.00435785
0.399964
0.00435702
0.400017
0.00434762
0.400047
0.00433372
0.400062
0.00431794
0.400067
0.00430189
0.400067
0.00428654
0.400063
0.00427241
0.400057
0.00425975
0.400051
0.00424861
0.400045
0.00423896
0.400039
0.00423069
0.400033
0.00422367
0.400028
0.00421775
0.400023
0.00421279
0.40002
0.00420865
0.400016
0.00420522
0.400014
0.00420237
0.400011
0.00420003
0.400009
0.0041981
0.400008
0.00419652
0.400006
0.00419522
0.400005
0.00419415
0.400004
0.00419329
0.400003
0.00419258
0.400003
0.004192
0.400002
0.00419153
0.400002
0.00419115
0.400001
0.00419084
0.400001
0.00419058
0.400001
0.00419038
0.400001
0.00419021
0.400001
0.00419008
0.400001
0.00418997
0.4
0.00418988
0.4
0.00418981
0.4
0.00418975
0.4
0.00418971
0.4
0.00418967
0.4
0.00418964
0.4
0.00418961
0.4
0.00418959
0.4
0.00418958
0.4
0.00418957
0.4
0.00418956
0.4
0.00418955
0.4
0.00418954
0.4
0.00418953
0.4
0.00418953
0.4
0.00418953
0.4
0.00418952
0.4
0.00418952
0.4
0.00418952
0.4
0.00418952
0.4
0.00418952
0.4
0.00418952
0.4
0.00418952
0.4
0.00418951
0.4
0.00418951
0.4
0.00418951
0.4
0.00418951
0.4
0.00418951
0.4
0.00418951
0.4
0.00418951
0.4
0.0041895
0.4
0.0041895
0.4
0.00418949
0.4
0.00418949
0.4
0.00418948
0.4
0.00418947
0.4
0.00418945
0.4
0.00418943
0.4
0.00418941
0.4
0.00418937
0.4
0.00418933
0.4
0.00418928
0.4
0.00418921
0.4
0.00418913
0.4
0.00418903
0.4
0.00418891
0.4
0.00418878
0.400001
0.00418864
0.400001
0.00418851
0.400001
0.00418844
0.4
0.00418848
0.4
0.00418873
0.4
0.00418938
0.399998
0.00419065
0.399996
0.00419286
0.399993
0.00419617
0.399991
0.00420027
0.399991
0.00420302
0.400008
0.400041
0.00273195
0.396163
0.00328268
0.397549
0.00364506
0.39843
0.00387233
0.398975
0.00400977
0.39938
0.00408896
0.399654
0.00412973
0.399834
0.00414626
0.399947
0.00414774
0.400015
0.00414044
0.400054
0.00412837
0.400074
0.00411419
0.400081
0.0040995
0.400081
0.00408531
0.400077
0.00407216
0.400071
0.00406031
0.400063
0.00404986
0.400055
0.00404078
0.400048
0.00403298
0.400041
0.00402634
0.400035
0.00402074
0.400029
0.00401604
0.400024
0.00401212
0.40002
0.00400886
0.400017
0.00400616
0.400014
0.00400393
0.400011
0.00400209
0.400009
0.00400059
0.400008
0.00399935
0.400006
0.00399834
0.400005
0.00399751
0.400004
0.00399683
0.400003
0.00399628
0.400003
0.00399583
0.400002
0.00399547
0.400002
0.00399517
0.400002
0.00399493
0.400001
0.00399474
0.400001
0.00399458
0.400001
0.00399445
0.400001
0.00399434
0.400001
0.00399426
0.4
0.00399419
0.4
0.00399414
0.4
0.00399409
0.4
0.00399406
0.4
0.00399403
0.4
0.003994
0.4
0.00399398
0.4
0.00399397
0.4
0.00399396
0.4
0.00399395
0.4
0.00399394
0.4
0.00399393
0.4
0.00399393
0.4
0.00399392
0.4
0.00399392
0.4
0.00399392
0.4
0.00399391
0.4
0.00399391
0.4
0.00399391
0.4
0.00399391
0.4
0.00399391
0.4
0.00399391
0.4
0.00399391
0.4
0.00399391
0.4
0.00399391
0.4
0.0039939
0.4
0.0039939
0.4
0.0039939
0.4
0.0039939
0.4
0.0039939
0.4
0.00399389
0.4
0.00399389
0.4
0.00399388
0.4
0.00399387
0.4
0.00399386
0.4
0.00399385
0.4
0.00399383
0.4
0.0039938
0.4
0.00399377
0.4
0.00399373
0.4
0.00399368
0.4
0.00399362
0.4
0.00399354
0.4
0.00399345
0.400001
0.00399334
0.400001
0.00399322
0.400001
0.0039931
0.400001
0.00399301
0.400001
0.00399298
0.400001
0.00399307
0.4
0.00399341
0.399999
0.00399418
0.399998
0.00399563
0.399995
0.00399815
0.399991
0.00400212
0.399987
0.00400786
0.399986
0.00401514
0.400001
0.400033
0.00248268
0.395383
0.00302588
0.397006
0.00338748
0.398068
0.00361385
0.398749
0.00375146
0.399242
0.00383172
0.399574
0.0038742
0.399792
0.00389269
0.399929
0.00389615
0.400012
0.0038907
0.400059
0.00388033
0.400084
0.00386765
0.400094
0.00385428
0.400095
0.00384122
0.40009
0.00382904
0.400083
0.00381801
0.400074
0.00380825
0.400065
0.00379974
0.400056
0.00379242
0.400048
0.00378618
0.400041
0.00378091
0.400034
0.00377648
0.400029
0.00377278
0.400024
0.0037697
0.40002
0.00376715
0.400016
0.00376504
0.400014
0.00376331
0.400011
0.00376188
0.400009
0.00376071
0.400007
0.00375975
0.400006
0.00375896
0.400005
0.00375832
0.400004
0.0037578
0.400003
0.00375738
0.400003
0.00375703
0.400002
0.00375675
0.400002
0.00375652
0.400001
0.00375633
0.400001
0.00375618
0.400001
0.00375606
0.400001
0.00375596
0.400001
0.00375588
0.400001
0.00375582
0.4
0.00375576
0.4
0.00375572
0.4
0.00375569
0.4
0.00375566
0.4
0.00375564
0.4
0.00375562
0.4
0.0037556
0.4
0.00375559
0.4
0.00375558
0.4
0.00375558
0.4
0.00375557
0.4
0.00375556
0.4
0.00375556
0.4
0.00375556
0.4
0.00375555
0.4
0.00375555
0.4
0.00375555
0.4
0.00375555
0.4
0.00375555
0.4
0.00375555
0.4
0.00375555
0.4
0.00375554
0.4
0.00375554
0.4
0.00375554
0.4
0.00375554
0.4
0.00375554
0.4
0.00375554
0.4
0.00375554
0.4
0.00375553
0.4
0.00375553
0.4
0.00375553
0.4
0.00375552
0.4
0.00375551
0.4
0.0037555
0.4
0.00375549
0.4
0.00375547
0.4
0.00375545
0.4
0.00375542
0.4
0.00375538
0.4
0.00375533
0.4
0.00375527
0.4
0.0037552
0.4
0.00375511
0.400001
0.00375501
0.400001
0.00375491
0.400001
0.00375481
0.400001
0.00375474
0.400001
0.00375475
0.400001
0.0037549
0.4
0.00375531
0.399999
0.00375618
0.399997
0.0037578
0.399993
0.0037606
0.399988
0.00376521
0.399982
0.00377249
0.399978
0.00378378
0.399989
0.400017
0.00224354
0.39468
0.00276892
0.396481
0.0031237
0.397713
0.00334621
0.398526
0.00348226
0.399106
0.00356242
0.399493
0.00360583
0.399748
0.00362575
0.399909
0.00363082
0.400007
0.003627
0.400063
0.00361817
0.400093
0.00360689
0.400105
0.00359478
0.400107
0.00358282
0.400102
0.00357159
0.400094
0.00356138
0.400084
0.0035523
0.400074
0.00354438
0.400064
0.00353755
0.400055
0.00353171
0.400047
0.00352678
0.400039
0.00352262
0.400033
0.00351915
0.400027
0.00351626
0.400023
0.00351386
0.400019
0.00351188
0.400016
0.00351025
0.400013
0.0035089
0.40001
0.0035078
0.400009
0.0035069
0.400007
0.00350616
0.400006
0.00350555
0.400005
0.00350506
0.400004
0.00350466
0.400003
0.00350433
0.400003
0.00350407
0.400002
0.00350385
0.400002
0.00350368
0.400001
0.00350353
0.400001
0.00350342
0.400001
0.00350333
0.400001
0.00350325
0.400001
0.00350319
0.4
0.00350314
0.4
0.0035031
0.4
0.00350307
0.4
0.00350304
0.4
0.00350302
0.4
0.003503
0.4
0.00350299
0.4
0.00350298
0.4
0.00350297
0.4
0.00350296
0.4
0.00350295
0.4
0.00350295
0.4
0.00350295
0.4
0.00350294
0.4
0.00350294
0.4
0.00350294
0.4
0.00350294
0.4
0.00350293
0.4
0.00350293
0.4
0.00350293
0.4
0.00350293
0.4
0.00350293
0.4
0.00350293
0.4
0.00350293
0.4
0.00350293
0.4
0.00350293
0.4
0.00350293
0.4
0.00350292
0.4
0.00350292
0.4
0.00350292
0.4
0.00350291
0.4
0.00350291
0.4
0.0035029
0.4
0.00350289
0.4
0.00350288
0.4
0.00350286
0.4
0.00350284
0.4
0.00350281
0.4
0.00350277
0.4
0.00350273
0.4
0.00350267
0.4
0.0035026
0.400001
0.00350253
0.400001
0.00350244
0.400001
0.00350235
0.400001
0.00350227
0.400001
0.00350222
0.400001
0.00350226
0.4
0.00350245
0.4
0.00350292
0.399998
0.00350388
0.399996
0.00350563
0.399991
0.00350868
0.399985
0.00351386
0.399977
0.00352247
0.39997
0.00353708
0.399975
0.399996
0.00202049
0.394054
0.00251988
0.395981
0.00286284
0.39737
0.00307882
0.39831
0.00321164
0.398973
0.00329058
0.399415
0.00333415
0.399705
0.00335496
0.399888
0.00336129
0.4
0.00335885
0.400066
0.0033514
0.4001
0.00334144
0.400115
0.00333052
0.400118
0.00331963
0.400113
0.00330933
0.400104
0.00329992
0.400094
0.00329154
0.400082
0.0032842
0.400071
0.00327786
0.400061
0.00327243
0.400052
0.00326784
0.400044
0.00326397
0.400037
0.00326073
0.400031
0.00325804
0.400025
0.0032558
0.400021
0.00325395
0.400017
0.00325242
0.400014
0.00325116
0.400012
0.00325013
0.40001
0.00324928
0.400008
0.00324859
0.400006
0.00324803
0.400005
0.00324757
0.400004
0.00324719
0.400003
0.00324688
0.400003
0.00324663
0.400002
0.00324643
0.400002
0.00324627
0.400002
0.00324613
0.400001
0.00324602
0.400001
0.00324594
0.400001
0.00324587
0.400001
0.00324581
0.400001
0.00324576
0.4
0.00324572
0.4
0.00324569
0.4
0.00324567
0.4
0.00324565
0.4
0.00324563
0.4
0.00324562
0.4
0.00324561
0.4
0.0032456
0.4
0.00324559
0.4
0.00324559
0.4
0.00324558
0.4
0.00324558
0.4
0.00324558
0.4
0.00324557
0.4
0.00324557
0.4
0.00324557
0.4
0.00324557
0.4
0.00324557
0.4
0.00324557
0.4
0.00324557
0.4
0.00324557
0.4
0.00324556
0.4
0.00324556
0.4
0.00324556
0.4
0.00324556
0.4
0.00324556
0.4
0.00324556
0.4
0.00324556
0.4
0.00324555
0.4
0.00324555
0.4
0.00324554
0.4
0.00324554
0.4
0.00324553
0.4
0.00324551
0.4
0.0032455
0.4
0.00324548
0.4
0.00324545
0.4
0.00324542
0.4
0.00324538
0.4
0.00324532
0.400001
0.00324526
0.400001
0.00324519
0.400001
0.00324511
0.400001
0.00324503
0.400001
0.00324497
0.400001
0.00324495
0.400001
0.00324501
0.4
0.00324524
0.4
0.00324576
0.399998
0.00324678
0.399995
0.00324864
0.39999
0.00325188
0.399982
0.0032575
0.399971
0.00326719
0.39996
0.00328437
0.399958
0.39997
0.00181334
0.393501
0.00228065
0.395514
0.00260761
0.397043
0.00281463
0.398103
0.00294263
0.398845
0.00301929
0.399338
0.00306229
0.399662
0.00308348
0.399867
0.00309072
0.399993
0.00308944
0.400067
0.00308322
0.400106
0.00307446
0.400124
0.00306468
0.400128
0.00305482
0.400123
0.00304543
0.400114
0.00303682
0.400102
0.00302913
0.40009
0.00302237
0.400078
0.00301653
0.400067
0.00301152
0.400057
0.00300727
0.400048
0.0030037
0.40004
0.0030007
0.400034
0.0029982
0.400028
0.00299612
0.400023
0.0029944
0.400019
0.00299299
0.400016
0.00299182
0.400013
0.00299086
0.400011
0.00299008
0.400009
0.00298943
0.400007
0.00298891
0.400006
0.00298848
0.400005
0.00298813
0.400004
0.00298784
0.400003
0.00298761
0.400003
0.00298742
0.400002
0.00298727
0.400002
0.00298715
0.400001
0.00298705
0.400001
0.00298696
0.400001
0.0029869
0.400001
0.00298684
0.400001
0.0029868
0.4
0.00298676
0.4
0.00298674
0.4
0.00298671
0.4
0.00298669
0.4
0.00298668
0.4
0.00298667
0.4
0.00298666
0.4
0.00298665
0.4
0.00298664
0.4
0.00298664
0.4
0.00298663
0.4
0.00298663
0.4
0.00298663
0.4
0.00298663
0.4
0.00298662
0.4
0.00298662
0.4
0.00298662
0.4
0.00298662
0.4
0.00298662
0.4
0.00298662
0.4
0.00298662
0.4
0.00298662
0.4
0.00298662
0.4
0.00298661
0.4
0.00298661
0.4
0.00298661
0.4
0.00298661
0.4
0.00298661
0.4
0.00298661
0.4
0.0029866
0.4
0.0029866
0.4
0.00298659
0.4
0.00298658
0.4
0.00298657
0.4
0.00298655
0.4
0.00298653
0.4
0.00298651
0.4
0.00298648
0.4
0.00298644
0.4
0.00298639
0.400001
0.00298634
0.400001
0.00298627
0.400001
0.0029862
0.400001
0.00298614
0.400001
0.00298609
0.400001
0.00298608
0.400001
0.00298616
0.4
0.00298642
0.399999
0.00298697
0.399997
0.00298803
0.399994
0.00298996
0.399988
0.00299333
0.399978
0.00299927
0.399965
0.00300974
0.39995
0.00302873
0.399939
0.399941
0.00162014
0.393015
0.00205111
0.395083
0.00235852
0.396736
0.00255441
0.397907
0.00267615
0.398723
0.00274954
0.399264
0.00279125
0.39962
0.00281234
0.399846
0.00282016
0.399985
0.0028198
0.400067
0.00281467
0.400112
0.00280703
0.400132
0.00279832
0.400136
0.00278945
0.400132
0.00278096
0.400122
0.00277315
0.40011
0.00276613
0.400097
0.00275997
0.400084
0.00275462
0.400072
0.00275003
0.400062
0.00274614
0.400052
0.00274286
0.400044
0.0027401
0.400036
0.00273781
0.40003
0.0027359
0.400025
0.00273432
0.400021
0.00273301
0.400017
0.00273194
0.400014
0.00273106
0.400011
0.00273033
0.400009
0.00272974
0.400008
0.00272926
0.400006
0.00272886
0.400005
0.00272854
0.400004
0.00272827
0.400003
0.00272806
0.400003
0.00272789
0.400002
0.00272774
0.400002
0.00272763
0.400001
0.00272754
0.400001
0.00272746
0.400001
0.0027274
0.400001
0.00272735
0.400001
0.00272731
0.400001
0.00272728
0.4
0.00272725
0.4
0.00272723
0.4
0.00272721
0.4
0.0027272
0.4
0.00272719
0.4
0.00272718
0.4
0.00272717
0.4
0.00272716
0.4
0.00272716
0.4
0.00272716
0.4
0.00272715
0.4
0.00272715
0.4
0.00272715
0.4
0.00272715
0.4
0.00272715
0.4
0.00272714
0.4
0.00272714
0.4
0.00272714
0.4
0.00272714
0.4
0.00272714
0.4
0.00272714
0.4
0.00272714
0.4
0.00272714
0.4
0.00272714
0.4
0.00272714
0.4
0.00272713
0.4
0.00272713
0.4
0.00272713
0.4
0.00272713
0.4
0.00272712
0.4
0.00272712
0.4
0.00272711
0.4
0.0027271
0.4
0.00272708
0.4
0.00272706
0.4
0.00272704
0.4
0.00272701
0.4
0.00272698
0.4
0.00272693
0.400001
0.00272688
0.400001
0.00272683
0.400001
0.00272677
0.400001
0.00272671
0.400001
0.00272667
0.400001
0.00272668
0.400001
0.00272678
0.4
0.00272705
0.399999
0.00272762
0.399997
0.0027287
0.399993
0.00273065
0.399986
0.00273408
0.399975
0.0027402
0.399959
0.00275113
0.399939
0.0027712
0.399918
0.39991
0.00143865
0.39259
0.00183049
0.394691
0.00211538
0.396451
0.00229821
0.397725
0.00241235
0.398609
0.00248154
0.399195
0.00252132
0.39958
0.00254185
0.399825
0.00254993
0.399977
0.0025503
0.400067
0.00254611
0.400116
0.00253949
0.400138
0.00253181
0.400144
0.0025239
0.40014
0.00251628
0.40013
0.00250924
0.400117
0.00250291
0.400103
0.00249733
0.40009
0.00249249
0.400077
0.00248833
0.400066
0.00248479
0.400056
0.00248181
0.400047
0.0024793
0.400039
0.00247721
0.400032
0.00247548
0.400027
0.00247404
0.400022
0.00247285
0.400018
0.00247187
0.400015
0.00247106
0.400012
0.0024704
0.40001
0.00246986
0.400008
0.00246942
0.400007
0.00246906
0.400005
0.00246876
0.400004
0.00246852
0.400004
0.00246833
0.400003
0.00246817
0.400002
0.00246804
0.400002
0.00246794
0.400002
0.00246785
0.400001
0.00246778
0.400001
0.00246773
0.400001
0.00246768
0.400001
0.00246764
0.400001
0.00246761
0.4
0.00246759
0.4
0.00246757
0.4
0.00246755
0.4
0.00246754
0.4
0.00246753
0.4
0.00246752
0.4
0.00246752
0.4
0.00246751
0.4
0.00246751
0.4
0.0024675
0.4
0.0024675
0.4
0.0024675
0.4
0.0024675
0.4
0.00246749
0.4
0.00246749
0.4
0.00246749
0.4
0.00246749
0.4
0.00246749
0.4
0.00246749
0.4
0.00246749
0.4
0.00246749
0.4
0.00246749
0.4
0.00246749
0.4
0.00246749
0.4
0.00246748
0.4
0.00246748
0.4
0.00246748
0.4
0.00246748
0.4
0.00246747
0.4
0.00246747
0.4
0.00246746
0.4
0.00246746
0.4
0.00246745
0.4
0.00246743
0.4
0.00246742
0.4
0.0024674
0.4
0.00246737
0.4
0.00246734
0.400001
0.0024673
0.400001
0.00246725
0.400001
0.0024672
0.400001
0.00246715
0.400001
0.0024671
0.400001
0.00246708
0.400001
0.00246709
0.400001
0.00246721
0.4
0.00246748
0.399999
0.00246806
0.399996
0.00246913
0.399991
0.00247107
0.399984
0.00247448
0.399972
0.00248062
0.399953
0.00249168
0.399928
0.00251213
0.399898
0.399878
0.00126676
0.392222
0.00161782
0.39434
0.00187775
0.396191
0.00204578
0.397557
0.00215112
0.398504
0.00221528
0.399131
0.00225253
0.399543
0.00227207
0.399806
0.00228013
0.399969
0.00228102
0.400066
0.00227765
0.400119
0.00227197
0.400144
0.00226525
0.400151
0.00225827
0.400147
0.00225151
0.400136
0.00224524
0.400123
0.00223959
0.400109
0.0022346
0.400095
0.00223026
0.400082
0.00222653
0.400069
0.00222335
0.400059
0.00222067
0.400049
0.00221842
0.400041
0.00221654
0.400034
0.00221498
0.400028
0.00221368
0.400023
0.00221261
0.400019
0.00221173
0.400016
0.002211
0.400013
0.00221041
0.400011
0.00220992
0.400009
0.00220952
0.400007
0.0022092
0.400006
0.00220893
0.400005
0.00220871
0.400004
0.00220854
0.400003
0.00220839
0.400003
0.00220828
0.400002
0.00220818
0.400002
0.0022081
0.400001
0.00220804
0.400001
0.00220799
0.400001
0.00220795
0.400001
0.00220792
0.400001
0.00220789
0.4
0.00220787
0.4
0.00220785
0.4
0.00220784
0.4
0.00220782
0.4
0.00220782
0.4
0.00220781
0.4
0.0022078
0.4
0.0022078
0.4
0.00220779
0.4
0.00220779
0.4
0.00220779
0.4
0.00220779
0.4
0.00220778
0.4
0.00220778
0.4
0.00220778
0.4
0.00220778
0.4
0.00220778
0.4
0.00220778
0.4
0.00220778
0.4
0.00220778
0.4
0.00220778
0.4
0.00220778
0.4
0.00220778
0.4
0.00220777
0.4
0.00220777
0.4
0.00220777
0.4
0.00220777
0.4
0.00220777
0.4
0.00220777
0.4
0.00220776
0.4
0.00220776
0.4
0.00220775
0.4
0.00220774
0.4
0.00220773
0.4
0.00220771
0.4
0.0022077
0.4
0.00220767
0.4
0.00220764
0.400001
0.00220761
0.400001
0.00220757
0.400001
0.00220752
0.400001
0.00220748
0.400001
0.00220744
0.400001
0.00220742
0.400001
0.00220745
0.400001
0.00220756
0.4
0.00220784
0.399998
0.0022084
0.399996
0.00220945
0.39999
0.00221132
0.399982
0.00221464
0.399968
0.00222064
0.399947
0.00223152
0.399917
0.0022517
0.399878
0.399846
0.00110267
0.391906
0.0014121
0.394031
0.0016451
0.395958
0.0017968
0.397405
0.00189227
0.398408
0.00195065
0.399073
0.00198482
0.399509
0.00200299
0.399787
0.00201076
0.399961
0.00201199
0.400065
0.00200931
0.400122
0.0020045
0.400149
0.00199869
0.400156
0.00199261
0.400153
0.00198669
0.400142
0.00198118
0.400129
0.0019762
0.400114
0.0019718
0.400099
0.00196797
0.400085
0.00196467
0.400073
0.00196186
0.400062
0.00195949
0.400052
0.00195749
0.400043
0.00195583
0.400036
0.00195444
0.40003
0.00195329
0.400025
0.00195234
0.40002
0.00195156
0.400017
0.00195091
0.400014
0.00195038
0.400011
0.00194995
0.400009
0.0019496
0.400007
0.00194931
0.400006
0.00194907
0.400005
0.00194888
0.400004
0.00194872
0.400003
0.00194859
0.400003
0.00194849
0.400002
0.00194841
0.400002
0.00194834
0.400001
0.00194828
0.400001
0.00194824
0.400001
0.0019482
0.400001
0.00194817
0.400001
0.00194815
0.4
0.00194813
0.4
0.00194811
0.4
0.0019481
0.4
0.00194809
0.4
0.00194808
0.4
0.00194807
0.4
0.00194807
0.4
0.00194806
0.4
0.00194806
0.4
0.00194806
0.4
0.00194806
0.4
0.00194805
0.4
0.00194805
0.4
0.00194805
0.4
0.00194805
0.4
0.00194805
0.4
0.00194805
0.4
0.00194805
0.4
0.00194805
0.4
0.00194805
0.4
0.00194805
0.4
0.00194805
0.4
0.00194805
0.4
0.00194804
0.4
0.00194804
0.4
0.00194804
0.4
0.00194804
0.4
0.00194804
0.4
0.00194804
0.4
0.00194803
0.4
0.00194803
0.4
0.00194802
0.4
0.00194801
0.4
0.001948
0.4
0.00194799
0.4
0.00194797
0.4
0.00194795
0.4
0.00194793
0.400001
0.0019479
0.400001
0.00194786
0.400001
0.00194782
0.400001
0.00194778
0.400001
0.00194775
0.400001
0.00194774
0.400001
0.00194777
0.400001
0.00194789
0.4
0.00194816
0.399998
0.00194869
0.399995
0.00194968
0.399989
0.00195146
0.39998
0.00195459
0.399965
0.0019603
0.399941
0.00197071
0.399906
0.00199
0.399859
0.399816
0.000944845
0.391638
0.00121236
0.393763
0.00141685
0.395754
0.0015509
0.397271
0.00163555
0.398324
0.00168749
0.399021
0.00171809
0.399478
0.00173456
0.399771
0.00174179
0.399954
0.0017432
0.400063
0.00174111
0.400124
0.00173709
0.400153
0.00173215
0.400161
0.00172694
0.400158
0.00172184
0.400147
0.00171709
0.400134
0.00171278
0.400118
0.00170897
0.400103
0.00170564
0.400089
0.00170278
0.400076
0.00170034
0.400064
0.00169827
0.400054
0.00169654
0.400045
0.00169509
0.400037
0.00169388
0.400031
0.00169288
0.400026
0.00169205
0.400021
0.00169137
0.400017
0.00169081
0.400014
0.00169035
0.400012
0.00168997
0.40001
0.00168966
0.400008
0.00168941
0.400006
0.0016892
0.400005
0.00168904
0.400004
0.0016889
0.400003
0.00168879
0.400003
0.0016887
0.400002
0.00168862
0.400002
0.00168856
0.400001
0.00168852
0.400001
0.00168848
0.400001
0.00168844
0.400001
0.00168842
0.400001
0.0016884
0.400001
0.00168838
0.4
0.00168837
0.4
0.00168836
0.4
0.00168835
0.4
0.00168834
0.4
0.00168833
0.4
0.00168833
0.4
0.00168833
0.4
0.00168832
0.4
0.00168832
0.4
0.00168832
0.4
0.00168832
0.4
0.00168831
0.4
0.00168831
0.4
0.00168831
0.4
0.00168831
0.4
0.00168831
0.4
0.00168831
0.4
0.00168831
0.4
0.00168831
0.4
0.00168831
0.4
0.00168831
0.4
0.00168831
0.4
0.00168831
0.4
0.00168831
0.4
0.00168831
0.4
0.0016883
0.4
0.0016883
0.4
0.0016883
0.4
0.0016883
0.4
0.00168829
0.4
0.00168829
0.4
0.00168828
0.4
0.00168827
0.4
0.00168826
0.4
0.00168825
0.4
0.00168823
0.4
0.00168821
0.400001
0.00168818
0.400001
0.00168815
0.400001
0.00168812
0.400001
0.00168808
0.400001
0.00168806
0.400001
0.00168805
0.400001
0.00168808
0.400001
0.0016882
0.4
0.00168845
0.399998
0.00168894
0.399994
0.00168985
0.399989
0.00169149
0.399978
0.00169437
0.399962
0.00169965
0.399936
0.00170929
0.399897
0.00172716
0.399841
0.399788
0.000792026
0.391416
0.00101767
0.393538
0.00119242
0.395579
0.0013077
0.397156
0.0013807
0.398251
0.00142563
0.398976
0.00145225
0.399452
0.00146669
0.399756
0.00147318
0.399948
0.00147462
0.400062
0.00147302
0.400126
0.00146973
0.400156
0.00146563
0.400165
0.00146126
0.400162
0.00145698
0.400152
0.00145296
0.400138
0.00144933
0.400122
0.0014461
0.400106
0.00144328
0.400092
0.00144086
0.400078
0.00143879
0.400066
0.00143704
0.400055
0.00143556
0.400046
0.00143433
0.400039
0.00143331
0.400032
0.00143246
0.400026
0.00143175
0.400022
0.00143117
0.400018
0.0014307
0.400015
0.00143031
0.400012
0.00142998
0.40001
0.00142972
0.400008
0.00142951
0.400007
0.00142933
0.400005
0.00142919
0.400004
0.00142907
0.400004
0.00142898
0.400003
0.0014289
0.400002
0.00142884
0.400002
0.00142879
0.400002
0.00142875
0.400001
0.00142871
0.400001
0.00142869
0.400001
0.00142866
0.400001
0.00142865
0.400001
0.00142863
0.4
0.00142862
0.4
0.00142861
0.4
0.0014286
0.4
0.0014286
0.4
0.00142859
0.4
0.00142859
0.4
0.00142858
0.4
0.00142858
0.4
0.00142858
0.4
0.00142858
0.4
0.00142858
0.4
0.00142857
0.4
0.00142857
0.4
0.00142857
0.4
0.00142857
0.4
0.00142857
0.4
0.00142857
0.4
0.00142857
0.4
0.00142857
0.4
0.00142857
0.4
0.00142857
0.4
0.00142857
0.4
0.00142857
0.4
0.00142857
0.4
0.00142857
0.4
0.00142857
0.4
0.00142856
0.4
0.00142856
0.4
0.00142856
0.4
0.00142856
0.4
0.00142855
0.4
0.00142855
0.4
0.00142854
0.4
0.00142853
0.4
0.00142852
0.4
0.0014285
0.4
0.00142848
0.400001
0.00142846
0.400001
0.00142843
0.400001
0.00142841
0.400001
0.00142838
0.400001
0.00142836
0.400001
0.00142836
0.400001
0.00142839
0.400001
0.00142849
0.4
0.00142872
0.399998
0.00142916
0.399994
0.00142997
0.399988
0.00143142
0.399977
0.001434
0.39996
0.0014387
0.399931
0.00144732
0.399888
0.00146328
0.399825
0.399763
0.000643144
0.391237
0.000827147
0.393354
0.000971226
0.395435
0.00106679
0.39706
0.00112745
0.39819
0.00116488
0.398938
0.00118715
0.399429
0.00119933
0.399744
0.00120489
0.399942
0.00120624
0.400061
0.00120505
0.400127
0.00120243
0.400159
0.00119912
0.400169
0.00119558
0.400166
0.00119209
0.400155
0.00118882
0.400141
0.00118584
0.400125
0.00118321
0.400109
0.0011809
0.400094
0.00117891
0.40008
0.00117722
0.400068
0.00117578
0.400057
0.00117457
0.400048
0.00117356
0.40004
0.00117272
0.400033
0.00117202
0.400027
0.00117145
0.400022
0.00117097
0.400018
0.00117058
0.400015
0.00117026
0.400012
0.00116999
0.40001
0.00116978
0.400008
0.0011696
0.400007
0.00116946
0.400005
0.00116934
0.400004
0.00116924
0.400004
0.00116917
0.400003
0.0011691
0.400002
0.00116905
0.400002
0.00116901
0.400002
0.00116897
0.400001
0.00116895
0.400001
0.00116893
0.400001
0.00116891
0.400001
0.00116889
0.400001
0.00116888
0.4
0.00116887
0.4
0.00116886
0.4
0.00116886
0.4
0.00116885
0.4
0.00116885
0.4
0.00116884
0.4
0.00116884
0.4
0.00116884
0.4
0.00116884
0.4
0.00116884
0.4
0.00116883
0.4
0.00116883
0.4
0.00116883
0.4
0.00116883
0.4
0.00116883
0.4
0.00116883
0.4
0.00116883
0.4
0.00116883
0.4
0.00116883
0.4
0.00116883
0.4
0.00116883
0.4
0.00116883
0.4
0.00116883
0.4
0.00116883
0.4
0.00116883
0.4
0.00116883
0.4
0.00116883
0.4
0.00116882
0.4
0.00116882
0.4
0.00116882
0.4
0.00116882
0.4
0.00116881
0.4
0.0011688
0.4
0.0011688
0.4
0.00116879
0.4
0.00116877
0.4
0.00116876
0.400001
0.00116874
0.400001
0.00116872
0.400001
0.0011687
0.400001
0.00116868
0.400001
0.00116866
0.400001
0.00116866
0.400001
0.00116869
0.400001
0.00116878
0.4
0.00116897
0.399998
0.00116935
0.399994
0.00117004
0.399987
0.00117128
0.399976
0.00117347
0.399957
0.0011775
0.399927
0.00118487
0.399881
0.0011985
0.399811
0.399742
0.000497289
0.391099
0.000639963
0.393211
0.000752668
0.395322
0.00082776
0.396985
0.000875528
0.398142
0.000905054
0.398909
0.000922682
0.399412
0.000932374
0.399735
0.000936855
0.399938
0.000938016
0.400059
0.000937161
0.400128
0.000935175
0.400161
0.000932631
0.400171
0.000929894
0.400169
0.000927193
0.400158
0.000924655
0.400143
0.000922344
0.400127
0.000920292
0.400111
0.000918499
0.400096
0.000916951
0.400082
0.00091563
0.400069
0.000914512
0.400058
0.00091357
0.400049
0.000912783
0.40004
0.000912127
0.400033
0.000911582
0.400028
0.000911132
0.400023
0.000910761
0.400019
0.000910455
0.400015
0.000910204
0.400013
0.000909998
0.40001
0.00090983
0.400008
0.000909692
0.400007
0.00090958
0.400006
0.000909488
0.400005
0.000909413
0.400004
0.000909352
0.400003
0.000909303
0.400002
0.000909263
0.400002
0.00090923
0.400002
0.000909203
0.400001
0.000909182
0.400001
0.000909164
0.400001
0.00090915
0.400001
0.000909139
0.400001
0.00090913
0.4
0.000909122
0.4
0.000909116
0.4
0.000909111
0.4
0.000909107
0.4
0.000909104
0.4
0.000909101
0.4
0.000909099
0.4
0.000909097
0.4
0.000909096
0.4
0.000909095
0.4
0.000909094
0.4
0.000909093
0.4
0.000909092
0.4
0.000909092
0.4
0.000909091
0.4
0.000909091
0.4
0.000909091
0.4
0.000909091
0.4
0.00090909
0.4
0.00090909
0.4
0.00090909
0.4
0.00090909
0.4
0.000909089
0.4
0.000909089
0.4
0.000909088
0.4
0.000909088
0.4
0.000909086
0.4
0.000909085
0.4
0.000909083
0.4
0.000909081
0.4
0.000909078
0.4
0.000909075
0.4
0.000909069
0.4
0.000909063
0.4
0.000909055
0.4
0.000909046
0.400001
0.000909034
0.400001
0.00090902
0.400001
0.000909003
0.400001
0.000908986
0.400001
0.00090897
0.400001
0.000908959
0.400001
0.00090896
0.400001
0.000908986
0.400001
0.000909058
0.4
0.000909216
0.399997
0.00090952
0.399993
0.000910076
0.399986
0.00091107
0.399975
0.000912833
0.399956
0.000916069
0.399924
0.000922009
0.399875
0.000932968
0.3998
0.399725
0.000353677
0.391002
0.000455328
0.393109
0.000536159
0.395241
0.000590204
0.396931
0.000624636
0.398108
0.000645948
0.398888
0.000658705
0.399399
0.000665747
0.399728
0.000669032
0.399934
0.00066992
0.400059
0.000669348
0.400128
0.000667956
0.400162
0.000666155
0.400173
0.00066421
0.40017
0.000662287
0.40016
0.000660477
0.400145
0.000658828
0.400129
0.000657362
0.400113
0.000656081
0.400097
0.000654975
0.400083
0.00065403
0.40007
0.000653231
0.400059
0.000652557
0.400049
0.000651994
0.400041
0.000651524
0.400034
0.000651135
0.400028
0.000650812
0.400023
0.000650546
0.400019
0.000650327
0.400016
0.000650148
0.400013
0.00065
0.40001
0.00064988
0.400009
0.000649781
0.400007
0.000649701
0.400006
0.000649635
0.400005
0.000649582
0.400004
0.000649538
0.400003
0.000649503
0.400002
0.000649473
0.400002
0.00064945
0.400002
0.000649431
0.400001
0.000649416
0.400001
0.000649403
0.400001
0.000649393
0.400001
0.000649385
0.400001
0.000649378
0.4
0.000649373
0.4
0.000649369
0.4
0.000649365
0.4
0.000649362
0.4
0.00064936
0.4
0.000649358
0.4
0.000649356
0.4
0.000649355
0.4
0.000649354
0.4
0.000649353
0.4
0.000649352
0.4
0.000649352
0.4
0.000649351
0.4
0.000649351
0.4
0.000649351
0.4
0.000649351
0.4
0.00064935
0.4
0.00064935
0.4
0.00064935
0.4
0.00064935
0.4
0.00064935
0.4
0.00064935
0.4
0.000649349
0.4
0.000649349
0.4
0.000649349
0.4
0.000649348
0.4
0.000649347
0.4
0.000649347
0.4
0.000649345
0.4
0.000649344
0.4
0.000649341
0.4
0.000649339
0.4
0.000649335
0.4
0.000649331
0.4
0.000649325
0.4
0.000649318
0.400001
0.000649309
0.400001
0.0006493
0.400001
0.000649288
0.400001
0.000649276
0.400001
0.000649264
0.400001
0.000649257
0.400001
0.000649258
0.400001
0.000649278
0.400001
0.000649332
0.399999
0.000649447
0.399997
0.00064967
0.399993
0.000650077
0.399986
0.000650804
0.399974
0.000652094
0.399954
0.000654464
0.399922
0.000658818
0.39987
0.000666839
0.399792
0.399713
0.000211607
0.390944
0.000272487
0.393048
0.000321112
0.395193
0.000353701
0.396898
0.000374484
0.398087
0.000387361
0.398875
0.000395081
0.399391
0.000399354
0.399723
0.000401359
0.399932
0.000401915
0.400058
0.000401587
0.400128
0.000400762
0.400163
0.000399689
0.400174
0.000398526
0.400172
0.000397374
0.400161
0.00039629
0.400146
0.000395301
0.40013
0.000394422
0.400113
0.000393653
0.400098
0.000392989
0.400083
0.000392422
0.400071
0.000391942
0.400059
0.000391537
0.40005
0.000391198
0.400041
0.000390916
0.400034
0.000390682
0.400028
0.000390488
0.400023
0.000390329
0.400019
0.000390197
0.400016
0.000390089
0.400013
0.000390001
0.400011
0.000389928
0.400009
0.000389869
0.400007
0.000389821
0.400006
0.000389781
0.400005
0.000389749
0.400004
0.000389723
0.400003
0.000389702
0.400002
0.000389684
0.400002
0.00038967
0.400002
0.000389658
0.400001
0.00038965
0.400001
0.000389642
0.400001
0.000389636
0.400001
0.000389631
0.400001
0.000389627
0.4
0.000389623
0.4
0.000389621
0.4
0.000389619
0.4
0.000389617
0.4
0.000389615
0.4
0.000389615
0.4
0.000389613
0.4
0.000389613
0.4
0.000389612
0.4
0.000389612
0.4
0.000389611
0.4
0.000389611
0.4
0.000389611
0.4
0.000389611
0.4
0.00038961
0.4
0.00038961
0.4
0.00038961
0.4
0.00038961
0.4
0.00038961
0.4
0.00038961
0.4
0.00038961
0.4
0.00038961
0.4
0.000389609
0.4
0.000389609
0.4
0.000389609
0.4
0.000389609
0.4
0.000389608
0.4
0.000389608
0.4
0.000389607
0.4
0.000389606
0.4
0.000389605
0.4
0.000389603
0.4
0.000389601
0.4
0.000389598
0.4
0.000389595
0.4
0.000389591
0.400001
0.000389585
0.400001
0.000389579
0.400001
0.000389572
0.400001
0.000389565
0.400001
0.000389558
0.400001
0.000389554
0.400001
0.000389555
0.400001
0.000389567
0.400001
0.0003896
0.399999
0.000389671
0.399997
0.000389807
0.399993
0.000390055
0.399986
0.000390499
0.399974
0.000391285
0.399954
0.000392731
0.39992
0.000395387
0.399868
0.000400278
0.399787
0.399705
7.04395e-05
0.390925
9.07127e-05
0.393028
0.000106942
0.395177
0.000117831
0.396887
0.000124778
0.39808
0.000129086
0.39887
0.000131671
0.399389
0.000133102
0.399722
0.000133777
0.399932
0.000133966
0.400058
0.000133859
0.400129
0.000133586
0.400163
0.000133229
0.400175
0.000132842
0.400172
0.000132458
0.400161
0.000132098
0.400147
0.000131767
0.40013
0.000131474
0.400114
0.000131218
0.400098
0.000130997
0.400084
0.000130807
0.400071
0.000130648
0.400059
0.000130512
0.40005
0.0001304
0.400041
0.000130306
0.400034
0.000130227
0.400028
0.000130163
0.400023
0.00013011
0.400019
0.000130066
0.400016
0.00013003
0.400013
0.00013
0.400011
0.000129976
0.400009
0.000129956
0.400007
0.00012994
0.400006
0.000129927
0.400005
0.000129916
0.400004
0.000129907
0.400003
0.0001299
0.400003
0.000129894
0.400002
0.00012989
0.400002
0.000129886
0.400001
0.000129883
0.400001
0.00012988
0.400001
0.000129878
0.400001
0.000129877
0.400001
0.000129875
0.4
0.000129874
0.4
0.000129873
0.4
0.000129872
0.4
0.000129872
0.4
0.000129871
0.4
0.000129871
0.4
0.000129871
0.4
0.000129871
0.4
0.00012987
0.4
0.00012987
0.4
0.00012987
0.4
0.00012987
0.4
0.00012987
0.4
0.00012987
0.4
0.00012987
0.4
0.00012987
0.4
0.000129869
0.4
0.00012987
0.4
0.000129869
0.4
0.00012987
0.4
0.000129869
0.4
0.00012987
0.4
0.000129869
0.4
0.00012987
0.4
0.000129869
0.4
0.000129869
0.4
0.000129869
0.4
0.000129869
0.4
0.000129869
0.4
0.000129868
0.4
0.000129868
0.4
0.000129867
0.4
0.000129866
0.4
0.000129866
0.4
0.000129864
0.4
0.000129863
0.400001
0.000129861
0.400001
0.000129859
0.400001
0.000129857
0.400001
0.000129855
0.400001
0.000129852
0.400001
0.000129851
0.400001
0.000129851
0.400001
0.000129855
0.400001
0.000129867
0.399999
0.00012989
0.399997
0.000129936
0.399993
0.00013002
0.399986
0.000130168
0.399973
0.000130433
0.399953
0.000130919
0.39992
0.000131812
0.399867
0.000133455
0.399786
0.399703
-7.04305e-05
0.390944
-9.07079e-05
0.393048
-0.000106937
0.395193
-0.000117827
0.396898
-0.000124778
0.398087
-0.000129084
0.398875
-0.000131668
0.399391
-0.000133102
0.399723
-0.000133776
0.399932
-0.000133965
0.400058
-0.00013386
0.400128
-0.000133586
0.400163
-0.000133228
0.400174
-0.000132843
0.400172
-0.000132459
0.400161
-0.000132097
0.400146
-0.000131769
0.40013
-0.000131475
0.400113
-0.000131219
0.400098
-0.000130998
0.400083
-0.000130809
0.400071
-0.000130648
0.400059
-0.000130514
0.40005
-0.0001304
0.400041
-0.000130306
0.400034
-0.000130228
0.400028
-0.000130164
0.400023
-0.00013011
0.400019
-0.000130067
0.400016
-0.000130031
0.400013
-0.000130001
0.400011
-0.000129977
0.400009
-0.000129957
0.400007
-0.000129941
0.400006
-0.000129928
0.400005
-0.000129917
0.400004
-0.000129908
0.400003
-0.000129901
0.400002
-0.000129895
0.400002
-0.000129891
0.400002
-0.000129887
0.400001
-0.000129884
0.400001
-0.000129881
0.400001
-0.000129879
0.400001
-0.000129878
0.400001
-0.000129876
0.4
-0.000129875
0.4
-0.000129874
0.4
-0.000129874
0.4
-0.000129873
0.4
-0.000129873
0.4
-0.000129872
0.4
-0.000129872
0.4
-0.000129872
0.4
-0.000129872
0.4
-0.000129871
0.4
-0.000129871
0.4
-0.000129871
0.4
-0.000129871
0.4
-0.000129871
0.4
-0.000129871
0.4
-0.000129871
0.4
-0.000129871
0.4
-0.000129871
0.4
-0.000129871
0.4
-0.000129871
0.4
-0.000129871
0.4
-0.00012987
0.4
-0.000129871
0.4
-0.00012987
0.4
-0.00012987
0.4
-0.00012987
0.4
-0.00012987
0.4
-0.00012987
0.4
-0.00012987
0.4
-0.000129869
0.4
-0.000129869
0.4
-0.000129868
0.4
-0.000129868
0.4
-0.000129867
0.4
-0.000129866
0.4
-0.000129864
0.400001
-0.000129863
0.400001
-0.000129861
0.400001
-0.000129859
0.400001
-0.000129856
0.400001
-0.000129854
0.400001
-0.000129852
0.400001
-0.000129853
0.400001
-0.000129857
0.400001
-0.000129868
0.399999
-0.000129892
0.399997
-0.000129938
0.399993
-0.000130021
0.399986
-0.00013017
0.399974
-0.000130434
0.399954
-0.00013092
0.39992
-0.000131813
0.399868
-0.000133456
0.399787
0.399705
-0.000211598
0.391002
-0.000272482
0.393109
-0.000321108
0.395241
-0.000353697
0.396931
-0.000374484
0.398108
-0.000387359
0.398888
-0.000395078
0.399399
-0.000399353
0.399728
-0.000401358
0.399934
-0.000401914
0.400059
-0.000401589
0.400128
-0.000400762
0.400162
-0.000399688
0.400173
-0.000398527
0.40017
-0.000397375
0.40016
-0.00039629
0.400145
-0.000395302
0.400129
-0.000394423
0.400113
-0.000393653
0.400097
-0.00039299
0.400083
-0.000392423
0.40007
-0.000391942
0.400059
-0.000391538
0.400049
-0.000391199
0.400041
-0.000390917
0.400034
-0.000390683
0.400028
-0.00039049
0.400023
-0.00039033
0.400019
-0.000390198
0.400016
-0.00039009
0.400013
-0.000390002
0.40001
-0.000389929
0.400009
-0.00038987
0.400007
-0.000389822
0.400006
-0.000389782
0.400005
-0.00038975
0.400004
-0.000389724
0.400003
-0.000389702
0.400002
-0.000389685
0.400002
-0.000389671
0.400002
-0.00038966
0.400001
-0.00038965
0.400001
-0.000389643
0.400001
-0.000389636
0.400001
-0.000389632
0.400001
-0.000389628
0.4
-0.000389625
0.4
-0.000389622
0.4
-0.00038962
0.4
-0.000389618
0.4
-0.000389617
0.4
-0.000389615
0.4
-0.000389615
0.4
-0.000389614
0.4
-0.000389613
0.4
-0.000389613
0.4
-0.000389613
0.4
-0.000389612
0.4
-0.000389612
0.4
-0.000389612
0.4
-0.000389612
0.4
-0.000389611
0.4
-0.000389611
0.4
-0.000389611
0.4
-0.000389611
0.4
-0.000389611
0.4
-0.000389611
0.4
-0.000389611
0.4
-0.000389611
0.4
-0.00038961
0.4
-0.00038961
0.4
-0.00038961
0.4
-0.000389609
0.4
-0.000389609
0.4
-0.000389608
0.4
-0.000389607
0.4
-0.000389606
0.4
-0.000389604
0.4
-0.000389602
0.4
-0.000389599
0.4
-0.000389596
0.4
-0.000389592
0.400001
-0.000389587
0.400001
-0.000389581
0.400001
-0.000389574
0.400001
-0.000389567
0.400001
-0.00038956
0.400001
-0.000389555
0.400001
-0.000389557
0.400001
-0.000389569
0.400001
-0.000389602
0.399999
-0.000389673
0.399997
-0.000389809
0.399993
-0.000390057
0.399986
-0.0003905
0.399974
-0.000391287
0.399954
-0.000392732
0.399922
-0.000395389
0.39987
-0.000400279
0.399792
0.399713
-0.000353668
0.391099
-0.000455323
0.393211
-0.000536155
0.395322
-0.0005902
0.396985
-0.000624636
0.398142
-0.000645947
0.398909
-0.000658702
0.399412
-0.000665746
0.399735
-0.000669031
0.399938
-0.000669918
0.400059
-0.000669349
0.400128
-0.000667955
0.400161
-0.000666154
0.400171
-0.000664211
0.400169
-0.000662288
0.400158
-0.000660477
0.400143
-0.000658829
0.400127
-0.000657363
0.400111
-0.000656081
0.400096
-0.000654976
0.400082
-0.000654032
0.400069
-0.000653231
0.400058
-0.000652558
0.400049
-0.000651994
0.40004
-0.000651525
0.400033
-0.000651135
0.400028
-0.000650813
0.400023
-0.000650547
0.400019
-0.000650329
0.400015
-0.000650149
0.400013
-0.000650001
0.40001
-0.000649881
0.400008
-0.000649782
0.400007
-0.000649702
0.400006
-0.000649636
0.400005
-0.000649582
0.400004
-0.000649539
0.400003
-0.000649503
0.400002
-0.000649475
0.400002
-0.000649451
0.400002
-0.000649432
0.400001
-0.000649417
0.400001
-0.000649404
0.400001
-0.000649394
0.400001
-0.000649386
0.400001
-0.000649379
0.4
-0.000649374
0.4
-0.000649369
0.4
-0.000649366
0.4
-0.000649363
0.4
-0.000649361
0.4
-0.000649359
0.4
-0.000649358
0.4
-0.000649356
0.4
-0.000649355
0.4
-0.000649354
0.4
-0.000649354
0.4
-0.000649353
0.4
-0.000649353
0.4
-0.000649352
0.4
-0.000649352
0.4
-0.000649352
0.4
-0.000649352
0.4
-0.000649351
0.4
-0.000649351
0.4
-0.000649351
0.4
-0.000649351
0.4
-0.000649351
0.4
-0.000649351
0.4
-0.00064935
0.4
-0.00064935
0.4
-0.000649349
0.4
-0.000649348
0.4
-0.000649347
0.4
-0.000649346
0.4
-0.000649345
0.4
-0.000649343
0.4
-0.00064934
0.4
-0.000649336
0.4
-0.000649332
0.4
-0.000649326
0.4
-0.000649319
0.400001
-0.000649311
0.400001
-0.000649301
0.400001
-0.00064929
0.400001
-0.000649277
0.400001
-0.000649266
0.400001
-0.000649258
0.400001
-0.00064926
0.400001
-0.000649279
0.400001
-0.000649333
0.4
-0.000649449
0.399997
-0.000649672
0.399993
-0.000650078
0.399986
-0.000650806
0.399975
-0.000652096
0.399956
-0.000654466
0.399924
-0.000658819
0.399875
-0.00066684
0.3998
0.399725
-0.000497281
0.391237
-0.000639959
0.393354
-0.000752663
0.395435
-0.000827756
0.39706
-0.000875528
0.39819
-0.000905052
0.398938
-0.00092268
0.399429
-0.000932374
0.399744
-0.000936854
0.399942
-0.000938015
0.400061
-0.000937162
0.400127
-0.000935175
0.400159
-0.00093263
0.400169
-0.000929895
0.400166
-0.000927194
0.400155
-0.000924654
0.400141
-0.000922345
0.400125
-0.000920293
0.400109
-0.000918499
0.400094
-0.000916952
0.40008
-0.000915631
0.400068
-0.000914512
0.400057
-0.000913571
0.400048
-0.000912784
0.40004
-0.000912127
0.400033
-0.000911583
0.400027
-0.000911133
0.400022
-0.000910761
0.400018
-0.000910456
0.400015
-0.000910205
0.400012
-0.000909999
0.40001
-0.000909831
0.400008
-0.000909693
0.400007
-0.00090958
0.400005
-0.000909489
0.400004
-0.000909414
0.400004
-0.000909354
0.400003
-0.000909304
0.400002
-0.000909264
0.400002
-0.000909231
0.400002
-0.000909204
0.400001
-0.000909183
0.400001
-0.000909165
0.400001
-0.000909151
0.400001
-0.00090914
0.400001
-0.00090913
0.4
-0.000909123
0.4
-0.000909117
0.4
-0.000909112
0.4
-0.000909108
0.4
-0.000909105
0.4
-0.000909102
0.4
-0.0009091
0.4
-0.000909098
0.4
-0.000909097
0.4
-0.000909096
0.4
-0.000909095
0.4
-0.000909094
0.4
-0.000909094
0.4
-0.000909093
0.4
-0.000909093
0.4
-0.000909092
0.4
-0.000909092
0.4
-0.000909092
0.4
-0.000909092
0.4
-0.000909091
0.4
-0.000909091
0.4
-0.000909091
0.4
-0.00090909
0.4
-0.00090909
0.4
-0.000909089
0.4
-0.000909088
0.4
-0.000909088
0.4
-0.000909086
0.4
-0.000909085
0.4
-0.000909082
0.4
-0.000909079
0.4
-0.000909076
0.4
-0.000909071
0.4
-0.000909064
0.4
-0.000909057
0.4
-0.000909047
0.4
-0.000909035
0.400001
-0.000909021
0.400001
-0.000909005
0.400001
-0.000908988
0.400001
-0.000908972
0.400001
-0.00090896
0.400001
-0.000908961
0.400001
-0.000908987
0.400001
-0.00090906
0.4
-0.000909217
0.399998
-0.000909521
0.399994
-0.000910077
0.399987
-0.000911071
0.399976
-0.000912834
0.399957
-0.00091607
0.399927
-0.00092201
0.399881
-0.000932969
0.399811
0.399742
-0.000643136
0.391416
-0.000827143
0.393538
-0.000971222
0.395579
-0.00106678
0.397156
-0.00112745
0.398251
-0.00116488
0.398976
-0.00118715
0.399452
-0.00119933
0.399756
-0.00120488
0.399948
-0.00120624
0.400062
-0.00120505
0.400126
-0.00120243
0.400156
-0.00119912
0.400165
-0.00119558
0.400162
-0.00119209
0.400152
-0.00118882
0.400138
-0.00118585
0.400122
-0.00118321
0.400106
-0.0011809
0.400092
-0.00117891
0.400078
-0.00117722
0.400066
-0.00117578
0.400055
-0.00117457
0.400046
-0.00117356
0.400039
-0.00117272
0.400032
-0.00117202
0.400026
-0.00117145
0.400022
-0.00117097
0.400018
-0.00117058
0.400015
-0.00117026
0.400012
-0.00116999
0.40001
-0.00116978
0.400008
-0.0011696
0.400007
-0.00116946
0.400005
-0.00116934
0.400004
-0.00116924
0.400004
-0.00116917
0.400003
-0.0011691
0.400002
-0.00116905
0.400002
-0.00116901
0.400002
-0.00116898
0.400001
-0.00116895
0.400001
-0.00116893
0.400001
-0.00116891
0.400001
-0.00116889
0.400001
-0.00116888
0.4
-0.00116887
0.4
-0.00116886
0.4
-0.00116886
0.4
-0.00116885
0.4
-0.00116885
0.4
-0.00116885
0.4
-0.00116884
0.4
-0.00116884
0.4
-0.00116884
0.4
-0.00116884
0.4
-0.00116884
0.4
-0.00116884
0.4
-0.00116883
0.4
-0.00116883
0.4
-0.00116883
0.4
-0.00116883
0.4
-0.00116883
0.4
-0.00116883
0.4
-0.00116883
0.4
-0.00116883
0.4
-0.00116883
0.4
-0.00116883
0.4
-0.00116883
0.4
-0.00116883
0.4
-0.00116883
0.4
-0.00116883
0.4
-0.00116883
0.4
-0.00116882
0.4
-0.00116882
0.4
-0.00116882
0.4
-0.00116882
0.4
-0.00116881
0.4
-0.00116881
0.4
-0.0011688
0.4
-0.00116879
0.4
-0.00116877
0.4
-0.00116876
0.400001
-0.00116874
0.400001
-0.00116872
0.400001
-0.0011687
0.400001
-0.00116868
0.400001
-0.00116866
0.400001
-0.00116866
0.400001
-0.00116869
0.400001
-0.00116878
0.4
-0.00116897
0.399998
-0.00116935
0.399994
-0.00117004
0.399988
-0.00117128
0.399977
-0.00117348
0.39996
-0.0011775
0.399931
-0.00118487
0.399888
-0.0011985
0.399825
0.399763
-0.00079202
0.391638
-0.00101767
0.393763
-0.00119242
0.395754
-0.00130769
0.397271
-0.0013807
0.398324
-0.00142563
0.399021
-0.00145224
0.399478
-0.00146669
0.399771
-0.00147318
0.399954
-0.00147462
0.400063
-0.00147302
0.400124
-0.00146973
0.400153
-0.00146563
0.400161
-0.00146126
0.400158
-0.00145698
0.400147
-0.00145296
0.400134
-0.00144933
0.400118
-0.0014461
0.400103
-0.00144328
0.400089
-0.00144086
0.400076
-0.00143879
0.400064
-0.00143704
0.400054
-0.00143556
0.400045
-0.00143433
0.400037
-0.00143331
0.400031
-0.00143246
0.400026
-0.00143176
0.400021
-0.00143118
0.400017
-0.0014307
0.400014
-0.00143031
0.400012
-0.00142999
0.40001
-0.00142972
0.400008
-0.00142951
0.400006
-0.00142933
0.400005
-0.00142919
0.400004
-0.00142907
0.400003
-0.00142898
0.400003
-0.0014289
0.400002
-0.00142884
0.400002
-0.00142879
0.400001
-0.00142875
0.400001
-0.00142871
0.400001
-0.00142869
0.400001
-0.00142866
0.400001
-0.00142865
0.400001
-0.00142863
0.4
-0.00142862
0.4
-0.00142861
0.4
-0.0014286
0.4
-0.0014286
0.4
-0.00142859
0.4
-0.00142859
0.4
-0.00142858
0.4
-0.00142858
0.4
-0.00142858
0.4
-0.00142858
0.4
-0.00142858
0.4
-0.00142858
0.4
-0.00142858
0.4
-0.00142857
0.4
-0.00142857
0.4
-0.00142857
0.4
-0.00142857
0.4
-0.00142857
0.4
-0.00142857
0.4
-0.00142857
0.4
-0.00142857
0.4
-0.00142857
0.4
-0.00142857
0.4
-0.00142857
0.4
-0.00142857
0.4
-0.00142857
0.4
-0.00142857
0.4
-0.00142856
0.4
-0.00142856
0.4
-0.00142856
0.4
-0.00142855
0.4
-0.00142855
0.4
-0.00142854
0.4
-0.00142853
0.4
-0.00142852
0.4
-0.0014285
0.4
-0.00142848
0.400001
-0.00142846
0.400001
-0.00142844
0.400001
-0.00142841
0.400001
-0.00142838
0.400001
-0.00142836
0.400001
-0.00142836
0.400001
-0.00142839
0.400001
-0.00142849
0.4
-0.00142872
0.399998
-0.00142916
0.399994
-0.00142997
0.399989
-0.00143142
0.399978
-0.001434
0.399962
-0.0014387
0.399936
-0.00144733
0.399897
-0.00146328
0.399841
0.399788
-0.000944839
0.391906
-0.00121236
0.394031
-0.00141685
0.395958
-0.0015509
0.397405
-0.00163555
0.398408
-0.00168749
0.399073
-0.00171809
0.399509
-0.00173456
0.399787
-0.00174179
0.399961
-0.00174319
0.400065
-0.00174111
0.400122
-0.00173709
0.400149
-0.00173215
0.400156
-0.00172694
0.400153
-0.00172184
0.400142
-0.00171709
0.400129
-0.00171278
0.400114
-0.00170897
0.400099
-0.00170564
0.400085
-0.00170278
0.400073
-0.00170034
0.400062
-0.00169827
0.400052
-0.00169654
0.400043
-0.00169509
0.400036
-0.00169388
0.40003
-0.00169288
0.400025
-0.00169205
0.40002
-0.00169137
0.400017
-0.00169081
0.400014
-0.00169035
0.400011
-0.00168997
0.400009
-0.00168966
0.400007
-0.00168941
0.400006
-0.00168921
0.400005
-0.00168904
0.400004
-0.0016889
0.400003
-0.00168879
0.400003
-0.0016887
0.400002
-0.00168863
0.400002
-0.00168857
0.400001
-0.00168852
0.400001
-0.00168848
0.400001
-0.00168845
0.400001
-0.00168842
0.400001
-0.0016884
0.4
-0.00168838
0.4
-0.00168837
0.4
-0.00168836
0.4
-0.00168835
0.4
-0.00168834
0.4
-0.00168834
0.4
-0.00168833
0.4
-0.00168833
0.4
-0.00168832
0.4
-0.00168832
0.4
-0.00168832
0.4
-0.00168832
0.4
-0.00168832
0.4
-0.00168831
0.4
-0.00168831
0.4
-0.00168831
0.4
-0.00168831
0.4
-0.00168831
0.4
-0.00168831
0.4
-0.00168831
0.4
-0.00168831
0.4
-0.00168831
0.4
-0.00168831
0.4
-0.00168831
0.4
-0.00168831
0.4
-0.00168831
0.4
-0.00168831
0.4
-0.0016883
0.4
-0.0016883
0.4
-0.0016883
0.4
-0.00168829
0.4
-0.00168829
0.4
-0.00168828
0.4
-0.00168827
0.4
-0.00168826
0.4
-0.00168825
0.4
-0.00168823
0.4
-0.00168821
0.400001
-0.00168818
0.400001
-0.00168815
0.400001
-0.00168812
0.400001
-0.00168808
0.400001
-0.00168806
0.400001
-0.00168805
0.400001
-0.00168809
0.400001
-0.0016882
0.4
-0.00168845
0.399998
-0.00168894
0.399995
-0.00168985
0.399989
-0.00169149
0.39998
-0.00169438
0.399965
-0.00169965
0.399941
-0.00170929
0.399906
-0.00172716
0.399859
0.399816
-0.00110266
0.392222
-0.0014121
0.39434
-0.0016451
0.396191
-0.0017968
0.397557
-0.00189227
0.398504
-0.00195065
0.399131
-0.00198482
0.399543
-0.00200299
0.399806
-0.00201076
0.399969
-0.00201199
0.400066
-0.00200931
0.400119
-0.0020045
0.400144
-0.00199869
0.400151
-0.00199261
0.400147
-0.00198669
0.400136
-0.00198118
0.400123
-0.00197621
0.400109
-0.0019718
0.400095
-0.00196797
0.400082
-0.00196467
0.400069
-0.00196186
0.400059
-0.00195949
0.400049
-0.00195749
0.400041
-0.00195583
0.400034
-0.00195444
0.400028
-0.00195329
0.400023
-0.00195234
0.400019
-0.00195156
0.400016
-0.00195091
0.400013
-0.00195039
0.400011
-0.00194995
0.400009
-0.0019496
0.400007
-0.00194931
0.400006
-0.00194907
0.400005
-0.00194888
0.400004
-0.00194872
0.400003
-0.0019486
0.400003
-0.00194849
0.400002
-0.00194841
0.400002
-0.00194834
0.400001
-0.00194828
0.400001
-0.00194824
0.400001
-0.0019482
0.400001
-0.00194817
0.400001
-0.00194815
0.4
-0.00194813
0.4
-0.00194811
0.4
-0.0019481
0.4
-0.00194809
0.4
-0.00194808
0.4
-0.00194808
0.4
-0.00194807
0.4
-0.00194807
0.4
-0.00194806
0.4
-0.00194806
0.4
-0.00194806
0.4
-0.00194806
0.4
-0.00194805
0.4
-0.00194805
0.4
-0.00194805
0.4
-0.00194805
0.4
-0.00194805
0.4
-0.00194805
0.4
-0.00194805
0.4
-0.00194805
0.4
-0.00194805
0.4
-0.00194805
0.4
-0.00194805
0.4
-0.00194805
0.4
-0.00194804
0.4
-0.00194804
0.4
-0.00194804
0.4
-0.00194804
0.4
-0.00194804
0.4
-0.00194803
0.4
-0.00194803
0.4
-0.00194802
0.4
-0.00194801
0.4
-0.001948
0.4
-0.00194799
0.4
-0.00194797
0.4
-0.00194795
0.4
-0.00194793
0.400001
-0.0019479
0.400001
-0.00194786
0.400001
-0.00194782
0.400001
-0.00194779
0.400001
-0.00194775
0.400001
-0.00194774
0.400001
-0.00194777
0.400001
-0.00194789
0.4
-0.00194816
0.399998
-0.00194869
0.399996
-0.00194968
0.39999
-0.00195146
0.399982
-0.00195459
0.399968
-0.0019603
0.399947
-0.00197071
0.399917
-0.00199
0.399878
0.399846
-0.00126676
0.39259
-0.00161782
0.394691
-0.00187775
0.396451
-0.00204577
0.397725
-0.00215112
0.398609
-0.00221528
0.399195
-0.00225253
0.39958
-0.00227207
0.399825
-0.00228013
0.399977
-0.00228102
0.400067
-0.00227765
0.400116
-0.00227197
0.400138
-0.00226525
0.400144
-0.00225827
0.40014
-0.00225151
0.40013
-0.00224524
0.400117
-0.00223959
0.400103
-0.0022346
0.40009
-0.00223026
0.400077
-0.00222653
0.400066
-0.00222335
0.400056
-0.00222067
0.400047
-0.00221842
0.400039
-0.00221654
0.400032
-0.00221498
0.400027
-0.00221368
0.400022
-0.00221261
0.400018
-0.00221173
0.400015
-0.002211
0.400012
-0.00221041
0.40001
-0.00220992
0.400008
-0.00220952
0.400007
-0.0022092
0.400005
-0.00220893
0.400004
-0.00220871
0.400004
-0.00220854
0.400003
-0.00220839
0.400002
-0.00220828
0.400002
-0.00220818
0.400002
-0.00220811
0.400001
-0.00220804
0.400001
-0.00220799
0.400001
-0.00220795
0.400001
-0.00220792
0.400001
-0.00220789
0.4
-0.00220787
0.4
-0.00220785
0.4
-0.00220784
0.4
-0.00220783
0.4
-0.00220782
0.4
-0.00220781
0.4
-0.0022078
0.4
-0.0022078
0.4
-0.00220779
0.4
-0.00220779
0.4
-0.00220779
0.4
-0.00220779
0.4
-0.00220778
0.4
-0.00220778
0.4
-0.00220778
0.4
-0.00220778
0.4
-0.00220778
0.4
-0.00220778
0.4
-0.00220778
0.4
-0.00220778
0.4
-0.00220778
0.4
-0.00220778
0.4
-0.00220778
0.4
-0.00220778
0.4
-0.00220777
0.4
-0.00220777
0.4
-0.00220777
0.4
-0.00220777
0.4
-0.00220777
0.4
-0.00220776
0.4
-0.00220776
0.4
-0.00220775
0.4
-0.00220774
0.4
-0.00220773
0.4
-0.00220772
0.4
-0.0022077
0.4
-0.00220767
0.4
-0.00220764
0.400001
-0.00220761
0.400001
-0.00220757
0.400001
-0.00220752
0.400001
-0.00220748
0.400001
-0.00220744
0.400001
-0.00220742
0.400001
-0.00220745
0.400001
-0.00220756
0.4
-0.00220784
0.399999
-0.0022084
0.399996
-0.00220945
0.399991
-0.00221133
0.399984
-0.00221464
0.399972
-0.00222064
0.399953
-0.00223152
0.399928
-0.0022517
0.399898
0.399878
-0.00143865
0.393015
-0.00183049
0.395083
-0.00211538
0.396736
-0.0022982
0.397907
-0.00241235
0.398723
-0.00248154
0.399265
-0.00252132
0.39962
-0.00254185
0.399846
-0.00254993
0.399985
-0.00255029
0.400067
-0.00254611
0.400112
-0.00253949
0.400132
-0.0025318
0.400136
-0.0025239
0.400132
-0.00251628
0.400122
-0.00250924
0.40011
-0.00250291
0.400097
-0.00249733
0.400084
-0.00249249
0.400072
-0.00248833
0.400062
-0.00248479
0.400052
-0.00248181
0.400044
-0.0024793
0.400036
-0.00247721
0.40003
-0.00247548
0.400025
-0.00247404
0.400021
-0.00247285
0.400017
-0.00247187
0.400014
-0.00247106
0.400011
-0.0024704
0.400009
-0.00246986
0.400008
-0.00246942
0.400006
-0.00246906
0.400005
-0.00246877
0.400004
-0.00246853
0.400003
-0.00246833
0.400003
-0.00246817
0.400002
-0.00246804
0.400002
-0.00246794
0.400001
-0.00246785
0.400001
-0.00246778
0.400001
-0.00246773
0.400001
-0.00246768
0.400001
-0.00246764
0.400001
-0.00246761
0.4
-0.00246759
0.4
-0.00246757
0.4
-0.00246755
0.4
-0.00246754
0.4
-0.00246753
0.4
-0.00246752
0.4
-0.00246752
0.4
-0.00246751
0.4
-0.00246751
0.4
-0.0024675
0.4
-0.0024675
0.4
-0.0024675
0.4
-0.0024675
0.4
-0.00246749
0.4
-0.00246749
0.4
-0.00246749
0.4
-0.00246749
0.4
-0.00246749
0.4
-0.00246749
0.4
-0.00246749
0.4
-0.00246749
0.4
-0.00246749
0.4
-0.00246749
0.4
-0.00246749
0.4
-0.00246749
0.4
-0.00246748
0.4
-0.00246748
0.4
-0.00246748
0.4
-0.00246748
0.4
-0.00246747
0.4
-0.00246747
0.4
-0.00246746
0.4
-0.00246745
0.4
-0.00246744
0.4
-0.00246742
0.4
-0.0024674
0.4
-0.00246737
0.4
-0.00246734
0.4
-0.0024673
0.400001
-0.00246726
0.400001
-0.00246721
0.400001
-0.00246715
0.400001
-0.0024671
0.400001
-0.00246708
0.400001
-0.0024671
0.400001
-0.00246721
0.4
-0.00246748
0.399999
-0.00246806
0.399997
-0.00246913
0.399993
-0.00247107
0.399986
-0.00247448
0.399975
-0.00248062
0.399959
-0.00249168
0.399939
-0.00251214
0.399918
0.39991
-0.00162014
0.393501
-0.00205111
0.395514
-0.00235851
0.397043
-0.00255441
0.398103
-0.00267615
0.398845
-0.00274953
0.399338
-0.00279125
0.399662
-0.00281234
0.399867
-0.00282016
0.399993
-0.0028198
0.400067
-0.00281467
0.400106
-0.00280703
0.400124
-0.00279832
0.400128
-0.00278945
0.400123
-0.00278096
0.400114
-0.00277315
0.400102
-0.00276613
0.40009
-0.00275997
0.400078
-0.00275462
0.400067
-0.00275003
0.400057
-0.00274614
0.400048
-0.00274286
0.40004
-0.0027401
0.400034
-0.00273781
0.400028
-0.0027359
0.400023
-0.00273432
0.400019
-0.00273301
0.400016
-0.00273194
0.400013
-0.00273106
0.400011
-0.00273033
0.400009
-0.00272974
0.400007
-0.00272926
0.400006
-0.00272886
0.400005
-0.00272854
0.400004
-0.00272828
0.400003
-0.00272806
0.400003
-0.00272789
0.400002
-0.00272775
0.400002
-0.00272763
0.400001
-0.00272754
0.400001
-0.00272746
0.400001
-0.0027274
0.400001
-0.00272735
0.400001
-0.00272731
0.4
-0.00272728
0.4
-0.00272725
0.4
-0.00272723
0.4
-0.00272721
0.4
-0.0027272
0.4
-0.00272719
0.4
-0.00272718
0.4
-0.00272717
0.4
-0.00272717
0.4
-0.00272716
0.4
-0.00272716
0.4
-0.00272715
0.4
-0.00272715
0.4
-0.00272715
0.4
-0.00272715
0.4
-0.00272715
0.4
-0.00272715
0.4
-0.00272714
0.4
-0.00272714
0.4
-0.00272714
0.4
-0.00272714
0.4
-0.00272714
0.4
-0.00272714
0.4
-0.00272714
0.4
-0.00272714
0.4
-0.00272714
0.4
-0.00272714
0.4
-0.00272713
0.4
-0.00272713
0.4
-0.00272713
0.4
-0.00272712
0.4
-0.00272712
0.4
-0.00272711
0.4
-0.0027271
0.4
-0.00272708
0.4
-0.00272707
0.4
-0.00272704
0.4
-0.00272701
0.4
-0.00272698
0.4
-0.00272694
0.400001
-0.00272688
0.400001
-0.00272683
0.400001
-0.00272677
0.400001
-0.00272671
0.400001
-0.00272667
0.400001
-0.00272668
0.400001
-0.00272678
0.4
-0.00272705
0.399999
-0.00272762
0.399997
-0.0027287
0.399994
-0.00273066
0.399988
-0.00273408
0.399978
-0.0027402
0.399965
-0.00275113
0.39995
-0.0027712
0.399939
0.399941
-0.00181334
0.394054
-0.00228065
0.395981
-0.0026076
0.39737
-0.00281463
0.39831
-0.00294263
0.398973
-0.00301929
0.399415
-0.00306229
0.399705
-0.00308348
0.399888
-0.00309072
0.4
-0.00308944
0.400066
-0.00308322
0.4001
-0.00307446
0.400115
-0.00306468
0.400118
-0.00305482
0.400113
-0.00304543
0.400104
-0.00303682
0.400094
-0.00302913
0.400082
-0.00302237
0.400071
-0.00301653
0.400061
-0.00301152
0.400052
-0.00300727
0.400044
-0.0030037
0.400037
-0.0030007
0.400031
-0.0029982
0.400025
-0.00299612
0.400021
-0.00299441
0.400017
-0.00299299
0.400014
-0.00299182
0.400012
-0.00299086
0.40001
-0.00299008
0.400008
-0.00298943
0.400006
-0.00298891
0.400005
-0.00298848
0.400004
-0.00298813
0.400003
-0.00298785
0.400003
-0.00298761
0.400002
-0.00298743
0.400002
-0.00298727
0.400002
-0.00298715
0.400001
-0.00298705
0.400001
-0.00298696
0.400001
-0.0029869
0.400001
-0.00298684
0.400001
-0.0029868
0.4
-0.00298677
0.4
-0.00298674
0.4
-0.00298671
0.4
-0.00298669
0.4
-0.00298668
0.4
-0.00298667
0.4
-0.00298666
0.4
-0.00298665
0.4
-0.00298664
0.4
-0.00298664
0.4
-0.00298663
0.4
-0.00298663
0.4
-0.00298663
0.4
-0.00298663
0.4
-0.00298662
0.4
-0.00298662
0.4
-0.00298662
0.4
-0.00298662
0.4
-0.00298662
0.4
-0.00298662
0.4
-0.00298662
0.4
-0.00298662
0.4
-0.00298662
0.4
-0.00298662
0.4
-0.00298661
0.4
-0.00298661
0.4
-0.00298661
0.4
-0.00298661
0.4
-0.00298661
0.4
-0.0029866
0.4
-0.0029866
0.4
-0.00298659
0.4
-0.00298658
0.4
-0.00298657
0.4
-0.00298656
0.4
-0.00298654
0.4
-0.00298651
0.4
-0.00298648
0.4
-0.00298644
0.4
-0.00298639
0.400001
-0.00298634
0.400001
-0.00298627
0.400001
-0.0029862
0.400001
-0.00298614
0.400001
-0.00298609
0.400001
-0.00298608
0.400001
-0.00298616
0.4
-0.00298642
0.4
-0.00298697
0.399998
-0.00298803
0.399995
-0.00298996
0.39999
-0.00299333
0.399982
-0.00299928
0.399971
-0.00300974
0.39996
-0.00302873
0.399958
0.39997
-0.00202049
0.39468
-0.00251988
0.396481
-0.00286284
0.397713
-0.00307882
0.398526
-0.00321164
0.399106
-0.00329057
0.399493
-0.00333415
0.399748
-0.00335496
0.399909
-0.00336129
0.400007
-0.00335885
0.400063
-0.0033514
0.400093
-0.00334143
0.400105
-0.00333052
0.400107
-0.00331963
0.400102
-0.00330933
0.400094
-0.00329992
0.400084
-0.00329154
0.400074
-0.0032842
0.400064
-0.00327786
0.400055
-0.00327243
0.400047
-0.00326784
0.400039
-0.00326397
0.400033
-0.00326073
0.400027
-0.00325804
0.400023
-0.0032558
0.400019
-0.00325395
0.400016
-0.00325242
0.400013
-0.00325116
0.40001
-0.00325013
0.400009
-0.00324928
0.400007
-0.00324859
0.400006
-0.00324803
0.400005
-0.00324757
0.400004
-0.00324719
0.400003
-0.00324688
0.400003
-0.00324663
0.400002
-0.00324643
0.400002
-0.00324627
0.400001
-0.00324613
0.400001
-0.00324603
0.400001
-0.00324594
0.400001
-0.00324587
0.400001
-0.00324581
0.4
-0.00324576
0.4
-0.00324572
0.4
-0.00324569
0.4
-0.00324567
0.4
-0.00324565
0.4
-0.00324563
0.4
-0.00324562
0.4
-0.00324561
0.4
-0.0032456
0.4
-0.00324559
0.4
-0.00324559
0.4
-0.00324558
0.4
-0.00324558
0.4
-0.00324558
0.4
-0.00324557
0.4
-0.00324557
0.4
-0.00324557
0.4
-0.00324557
0.4
-0.00324557
0.4
-0.00324557
0.4
-0.00324557
0.4
-0.00324557
0.4
-0.00324557
0.4
-0.00324557
0.4
-0.00324556
0.4
-0.00324556
0.4
-0.00324556
0.4
-0.00324556
0.4
-0.00324556
0.4
-0.00324555
0.4
-0.00324555
0.4
-0.00324554
0.4
-0.00324554
0.4
-0.00324553
0.4
-0.00324552
0.4
-0.0032455
0.4
-0.00324548
0.4
-0.00324545
0.4
-0.00324542
0.4
-0.00324538
0.4
-0.00324532
0.4
-0.00324526
0.400001
-0.00324519
0.400001
-0.00324511
0.400001
-0.00324504
0.400001
-0.00324497
0.400001
-0.00324495
0.400001
-0.00324501
0.4
-0.00324524
0.4
-0.00324576
0.399998
-0.00324678
0.399996
-0.00324864
0.399991
-0.00325188
0.399985
-0.0032575
0.399977
-0.0032672
0.39997
-0.00328437
0.399975
0.399996
-0.00224354
0.395383
-0.00276892
0.397006
-0.0031237
0.398068
-0.00334621
0.398749
-0.00348226
0.399242
-0.00356242
0.399574
-0.00360583
0.399792
-0.00362575
0.399929
-0.00363082
0.400012
-0.003627
0.400059
-0.00361817
0.400084
-0.00360689
0.400094
-0.00359477
0.400095
-0.00358282
0.40009
-0.00357159
0.400083
-0.00356138
0.400074
-0.0035523
0.400065
-0.00354438
0.400056
-0.00353754
0.400048
-0.00353171
0.400041
-0.00352678
0.400034
-0.00352262
0.400029
-0.00351915
0.400024
-0.00351626
0.40002
-0.00351386
0.400016
-0.00351188
0.400014
-0.00351025
0.400011
-0.0035089
0.400009
-0.0035078
0.400008
-0.0035069
0.400006
-0.00350616
0.400005
-0.00350556
0.400004
-0.00350506
0.400003
-0.00350466
0.400003
-0.00350434
0.400002
-0.00350407
0.400002
-0.00350385
0.400001
-0.00350368
0.400001
-0.00350354
0.400001
-0.00350342
0.400001
-0.00350333
0.400001
-0.00350325
0.400001
-0.00350319
0.4
-0.00350314
0.4
-0.0035031
0.4
-0.00350307
0.4
-0.00350304
0.4
-0.00350302
0.4
-0.003503
0.4
-0.00350299
0.4
-0.00350298
0.4
-0.00350297
0.4
-0.00350296
0.4
-0.00350295
0.4
-0.00350295
0.4
-0.00350295
0.4
-0.00350294
0.4
-0.00350294
0.4
-0.00350294
0.4
-0.00350294
0.4
-0.00350294
0.4
-0.00350293
0.4
-0.00350293
0.4
-0.00350293
0.4
-0.00350293
0.4
-0.00350293
0.4
-0.00350293
0.4
-0.00350293
0.4
-0.00350293
0.4
-0.00350293
0.4
-0.00350292
0.4
-0.00350292
0.4
-0.00350292
0.4
-0.00350291
0.4
-0.00350291
0.4
-0.0035029
0.4
-0.00350289
0.4
-0.00350288
0.4
-0.00350286
0.4
-0.00350284
0.4
-0.00350281
0.4
-0.00350277
0.4
-0.00350273
0.4
-0.00350267
0.4
-0.00350261
0.4
-0.00350253
0.400001
-0.00350244
0.400001
-0.00350235
0.400001
-0.00350227
0.400001
-0.00350222
0.400001
-0.00350226
0.400001
-0.00350245
0.4
-0.00350292
0.399999
-0.00350388
0.399997
-0.00350564
0.399993
-0.00350868
0.399988
-0.00351386
0.399982
-0.00352248
0.399978
-0.00353708
0.399989
0.400017
-0.00248269
0.396163
-0.00302588
0.397549
-0.00338748
0.39843
-0.00361385
0.398975
-0.00375146
0.39938
-0.00383172
0.399654
-0.0038742
0.399834
-0.00389269
0.399947
-0.00389615
0.400015
-0.0038907
0.400054
-0.00388033
0.400074
-0.00386765
0.400081
-0.00385428
0.400081
-0.00384122
0.400077
-0.00382904
0.400071
-0.00381801
0.400063
-0.00380825
0.400055
-0.00379974
0.400048
-0.00379242
0.400041
-0.00378619
0.400035
-0.00378091
0.400029
-0.00377648
0.400024
-0.00377278
0.40002
-0.0037697
0.400017
-0.00376715
0.400014
-0.00376504
0.400011
-0.00376331
0.400009
-0.00376188
0.400008
-0.00376071
0.400006
-0.00375975
0.400005
-0.00375897
0.400004
-0.00375833
0.400003
-0.0037578
0.400003
-0.00375738
0.400002
-0.00375703
0.400002
-0.00375675
0.400002
-0.00375652
0.400001
-0.00375633
0.400001
-0.00375618
0.400001
-0.00375606
0.400001
-0.00375596
0.400001
-0.00375588
0.4
-0.00375582
0.4
-0.00375576
0.4
-0.00375572
0.4
-0.00375569
0.4
-0.00375566
0.4
-0.00375564
0.4
-0.00375562
0.4
-0.0037556
0.4
-0.00375559
0.4
-0.00375558
0.4
-0.00375558
0.4
-0.00375557
0.4
-0.00375557
0.4
-0.00375556
0.4
-0.00375556
0.4
-0.00375556
0.4
-0.00375555
0.4
-0.00375555
0.4
-0.00375555
0.4
-0.00375555
0.4
-0.00375555
0.4
-0.00375555
0.4
-0.00375555
0.4
-0.00375555
0.4
-0.00375554
0.4
-0.00375554
0.4
-0.00375554
0.4
-0.00375554
0.4
-0.00375554
0.4
-0.00375554
0.4
-0.00375553
0.4
-0.00375553
0.4
-0.00375552
0.4
-0.00375551
0.4
-0.0037555
0.4
-0.00375549
0.4
-0.00375547
0.4
-0.00375545
0.4
-0.00375542
0.4
-0.00375538
0.4
-0.00375533
0.4
-0.00375527
0.4
-0.0037552
0.4
-0.00375511
0.400001
-0.00375502
0.400001
-0.00375491
0.400001
-0.00375481
0.400001
-0.00375475
0.400001
-0.00375475
0.400001
-0.0037549
0.4
-0.00375531
0.399999
-0.00375618
0.399998
-0.0037578
0.399995
-0.0037606
0.399991
-0.00376521
0.399987
-0.00377249
0.399986
-0.00378378
0.400001
0.400033
-0.00273195
0.397014
-0.00328268
0.3981
-0.00364506
0.398792
-0.00387233
0.399203
-0.00400977
0.399517
-0.00408896
0.399733
-0.00412973
0.399875
-0.00414626
0.399964
-0.00414774
0.400017
-0.00414043
0.400047
-0.00412837
0.400062
-0.00411418
0.400067
-0.0040995
0.400067
-0.00408531
0.400063
-0.00407216
0.400057
-0.00406031
0.400051
-0.00404986
0.400045
-0.00404078
0.400039
-0.00403298
0.400033
-0.00402634
0.400028
-0.00402074
0.400023
-0.00401604
0.40002
-0.00401212
0.400016
-0.00400886
0.400014
-0.00400616
0.400011
-0.00400393
0.400009
-0.00400209
0.400008
-0.00400059
0.400006
-0.00399935
0.400005
-0.00399834
0.400004
-0.00399751
0.400003
-0.00399683
0.400003
-0.00399628
0.400002
-0.00399584
0.400002
-0.00399547
0.400001
-0.00399517
0.400001
-0.00399493
0.400001
-0.00399474
0.400001
-0.00399458
0.400001
-0.00399445
0.400001
-0.00399435
0.4
-0.00399426
0.4
-0.00399419
0.4
-0.00399414
0.4
-0.00399409
0.4
-0.00399406
0.4
-0.00399403
0.4
-0.003994
0.4
-0.00399399
0.4
-0.00399397
0.4
-0.00399396
0.4
-0.00399395
0.4
-0.00399394
0.4
-0.00399393
0.4
-0.00399393
0.4
-0.00399392
0.4
-0.00399392
0.4
-0.00399392
0.4
-0.00399392
0.4
-0.00399391
0.4
-0.00399391
0.4
-0.00399391
0.4
-0.00399391
0.4
-0.00399391
0.4
-0.00399391
0.4
-0.00399391
0.4
-0.00399391
0.4
-0.00399391
0.4
-0.0039939
0.4
-0.0039939
0.4
-0.0039939
0.4
-0.0039939
0.4
-0.00399389
0.4
-0.00399389
0.4
-0.00399388
0.4
-0.00399387
0.4
-0.00399386
0.4
-0.00399385
0.4
-0.00399383
0.4
-0.00399381
0.4
-0.00399377
0.4
-0.00399373
0.4
-0.00399368
0.4
-0.00399362
0.4
-0.00399354
0.4
-0.00399345
0.4
-0.00399334
0.4
-0.00399322
0.400001
-0.0039931
0.400001
-0.00399301
0.400001
-0.00399298
0.400001
-0.00399307
0.4
-0.00399341
0.4
-0.00399418
0.399998
-0.00399563
0.399996
-0.00399815
0.399993
-0.00400213
0.399991
-0.00400787
0.399991
-0.00401514
0.400008
0.400041
-0.00296613
0.397911
-0.00351244
0.398646
-0.00386814
0.399148
-0.00409302
0.399427
-0.00422854
0.399653
-0.00430552
0.39981
-0.00434382
0.399913
-0.00435785
0.399978
-0.00435702
0.400016
-0.00434762
0.400037
-0.00433372
0.400048
-0.00431794
0.400051
-0.00430189
0.400051
-0.00428654
0.400048
-0.00427241
0.400043
-0.00425974
0.400038
-0.00424861
0.400034
-0.00423896
0.400029
-0.00423069
0.400025
-0.00422367
0.400021
-0.00421775
0.400018
-0.00421279
0.400015
-0.00420865
0.400012
-0.00420522
0.40001
-0.00420238
0.400008
-0.00420003
0.400007
-0.0041981
0.400006
-0.00419652
0.400005
-0.00419522
0.400004
-0.00419415
0.400003
-0.00419329
0.400003
-0.00419258
0.400002
-0.004192
0.400002
-0.00419153
0.400001
-0.00419115
0.400001
-0.00419084
0.400001
-0.00419059
0.400001
-0.00419038
0.400001
-0.00419022
0.4
-0.00419008
0.4
-0.00418997
0.4
-0.00418988
0.4
-0.00418981
0.4
-0.00418975
0.4
-0.00418971
0.4
-0.00418967
0.4
-0.00418964
0.4
-0.00418962
0.4
-0.0041896
0.4
-0.00418958
0.4
-0.00418957
0.4
-0.00418956
0.4
-0.00418955
0.4
-0.00418954
0.4
-0.00418954
0.4
-0.00418953
0.4
-0.00418953
0.4
-0.00418953
0.4
-0.00418952
0.4
-0.00418952
0.4
-0.00418952
0.4
-0.00418952
0.4
-0.00418952
0.4
-0.00418952
0.4
-0.00418952
0.4
-0.00418951
0.4
-0.00418951
0.4
-0.00418951
0.4
-0.00418951
0.4
-0.00418951
0.4
-0.00418951
0.4
-0.0041895
0.4
-0.0041895
0.4
-0.0041895
0.4
-0.00418949
0.4
-0.00418948
0.4
-0.00418947
0.4
-0.00418945
0.4
-0.00418943
0.4
-0.00418941
0.4
-0.00418938
0.4
-0.00418933
0.4
-0.00418928
0.4
-0.00418921
0.4
-0.00418913
0.4
-0.00418903
0.4
-0.00418891
0.4
-0.00418878
0.4
-0.00418864
0.4
-0.00418851
0.4
-0.00418844
0.4
-0.00418848
0.4
-0.00418874
0.4
-0.00418938
0.399999
-0.00419065
0.399998
-0.00419286
0.399996
-0.00419617
0.399994
-0.00420027
0.399995
-0.00420302
0.400011
0.40004
-0.00310233
0.398798
-0.00363163
0.399176
-0.00397099
0.399487
-0.00418988
0.399646
-0.00432184
0.399785
-0.00439547
0.399884
-0.00443058
0.399948
-0.00444164
0.399989
-0.0044382
0.400012
-0.00442653
0.400026
-0.00441069
0.400032
-0.00439326
0.400034
-0.00437581
0.400033
-0.0043593
0.400031
-0.00434419
0.400028
-0.00433072
0.400025
-0.00431892
0.400022
-0.00430872
0.400019
-0.0043
0.400016
-0.00429261
0.400013
-0.00428639
0.400011
-0.00428118
0.400009
-0.00427684
0.400008
-0.00427324
0.400007
-0.00427027
0.400005
-0.00426782
0.400004
-0.0042658
0.400004
-0.00426415
0.400003
-0.00426279
0.400002
-0.00426168
0.400002
-0.00426078
0.400002
-0.00426004
0.400001
-0.00425944
0.400001
-0.00425895
0.400001
-0.00425855
0.400001
-0.00425823
0.400001
-0.00425797
0.4
-0.00425775
0.4
-0.00425758
0.4
-0.00425744
0.4
-0.00425733
0.4
-0.00425724
0.4
-0.00425716
0.4
-0.0042571
0.4
-0.00425705
0.4
-0.00425702
0.4
-0.00425698
0.4
-0.00425696
0.4
-0.00425694
0.4
-0.00425692
0.4
-0.00425691
0.4
-0.0042569
0.4
-0.00425689
0.4
-0.00425688
0.4
-0.00425688
0.4
-0.00425687
0.4
-0.00425687
0.4
-0.00425687
0.4
-0.00425686
0.4
-0.00425686
0.4
-0.00425686
0.4
-0.00425686
0.4
-0.00425686
0.4
-0.00425686
0.4
-0.00425686
0.4
-0.00425685
0.4
-0.00425685
0.4
-0.00425685
0.4
-0.00425685
0.4
-0.00425685
0.4
-0.00425685
0.4
-0.00425684
0.4
-0.00425684
0.4
-0.00425683
0.4
-0.00425683
0.4
-0.00425682
0.4
-0.00425681
0.4
-0.00425679
0.4
-0.00425677
0.4
-0.00425674
0.4
-0.00425671
0.4
-0.00425667
0.4
-0.00425661
0.4
-0.00425654
0.4
-0.00425645
0.4
-0.00425634
0.4
-0.00425621
0.4
-0.00425606
0.4
-0.00425591
0.4
-0.00425575
0.4
-0.00425563
0.4
-0.00425561
0.4
-0.00425577
0.4
-0.00425628
0.399999
-0.00425735
0.399999
-0.00425925
0.399997
-0.00426192
0.399997
-0.00426447
0.399998
-0.00426275
0.400009
0.400031
-0.00288691
0.399578
-0.00338425
0.399673
-0.00369585
0.399799
-0.00390486
0.399855
-0.00403181
0.399912
-0.00410105
0.399953
-0.00413244
0.39998
-0.0041402
0.399997
-0.00413398
0.400006
-0.00411997
0.400012
-0.00410218
0.400014
-0.00408313
0.400015
-0.00406434
0.400014
-0.00404671
0.400013
-0.00403069
0.400012
-0.00401647
0.400011
-0.00400405
0.400009
-0.00399335
0.400008
-0.00398422
0.400007
-0.0039765
0.400006
-0.00397002
0.400005
-0.00396459
0.400004
-0.00396008
0.400003
-0.00395635
0.400003
-0.00395326
0.400002
-0.00395072
0.400002
-0.00394863
0.400002
-0.00394692
0.400001
-0.00394551
0.400001
-0.00394437
0.400001
-0.00394343
0.400001
-0.00394267
0.400001
-0.00394205
0.4
-0.00394155
0.4
-0.00394114
0.4
-0.0039408
0.4
-0.00394054
0.4
-0.00394032
0.4
-0.00394014
0.4
-0.00394
0.4
-0.00393988
0.4
-0.00393979
0.4
-0.00393971
0.4
-0.00393965
0.4
-0.0039396
0.4
-0.00393956
0.4
-0.00393953
0.4
-0.0039395
0.4
-0.00393948
0.4
-0.00393946
0.4
-0.00393945
0.4
-0.00393944
0.4
-0.00393943
0.4
-0.00393942
0.4
-0.00393942
0.4
-0.00393941
0.4
-0.00393941
0.4
-0.00393941
0.4
-0.0039394
0.4
-0.0039394
0.4
-0.0039394
0.4
-0.0039394
0.4
-0.0039394
0.4
-0.0039394
0.4
-0.00393939
0.4
-0.00393939
0.4
-0.00393939
0.4
-0.00393939
0.4
-0.00393939
0.4
-0.00393939
0.4
-0.00393939
0.4
-0.00393938
0.4
-0.00393938
0.4
-0.00393937
0.4
-0.00393937
0.4
-0.00393936
0.4
-0.00393935
0.4
-0.00393933
0.4
-0.00393931
0.4
-0.00393928
0.4
-0.00393925
0.4
-0.0039392
0.4
-0.00393914
0.4
-0.00393907
0.4
-0.00393897
0.4
-0.00393886
0.4
-0.00393872
0.4
-0.00393856
0.4
-0.00393838
0.4
-0.00393819
0.4
-0.00393803
0.4
-0.00393794
0.4
-0.00393801
0.4
-0.00393838
0.4
-0.00393925
0.399999
-0.00394083
0.399999
-0.00394295
0.399999
-0.00394431
0.399999
-0.00393947
0.400004
0.400015
-0.00179011
-0.00211703
-0.00231824
-0.00246295
-0.00255143
-0.00259851
-0.00261875
-0.00262225
-0.00261603
-0.00260446
-0.00259042
-0.00257567
-0.00256129
-0.00254788
-0.00253577
-0.00252505
-0.00251572
-0.00250769
-0.00250086
-0.0024951
-0.00249026
-0.00248622
-0.00248286
-0.00248008
-0.00247779
-0.0024759
-0.00247435
-0.00247309
-0.00247205
-0.0024712
-0.00247051
-0.00246995
-0.00246949
-0.00246912
-0.00246881
-0.00246857
-0.00246837
-0.00246821
-0.00246808
-0.00246797
-0.00246789
-0.00246782
-0.00246776
-0.00246772
-0.00246768
-0.00246765
-0.00246763
-0.00246761
-0.00246759
-0.00246758
-0.00246757
-0.00246756
-0.00246756
-0.00246755
-0.00246755
-0.00246755
-0.00246754
-0.00246754
-0.00246754
-0.00246754
-0.00246754
-0.00246754
-0.00246753
-0.00246753
-0.00246753
-0.00246753
-0.00246753
-0.00246753
-0.00246753
-0.00246753
-0.00246753
-0.00246752
-0.00246752
-0.00246752
-0.00246751
-0.00246751
-0.0024675
-0.00246749
-0.00246747
-0.00246745
-0.00246742
-0.00246739
-0.00246735
-0.00246729
-0.00246722
-0.00246713
-0.00246703
-0.0024669
-0.00246676
-0.00246661
-0.00246646
-0.00246636
-0.00246635
-0.00246654
-0.00246705
-0.00246804
-0.00246932
-0.0024699
-0.00246582
)
;

boundaryField
{
    inlet
    {
        type            calculated;
        value           nonuniform List<scalar> 
40
(
-0.00136831
-0.00210691
-0.00221511
-0.00206899
-0.00188121
-0.00170237
-0.00154085
-0.0013947
-0.00126017
-0.00113404
-0.00101401
-0.000898515
-0.000786455
-0.000677062
-0.000569762
-0.000464105
-0.000359721
-0.000256288
-0.000153515
-5.11329e-05
5.11207e-05
0.000153503
0.000256276
0.00035971
0.000464096
0.000569754
0.000677055
0.000786449
0.000898511
0.00101401
0.00113404
0.00126017
0.00139471
0.00154086
0.00170237
0.00188122
0.002069
0.00221512
0.00210692
0.00136832
)
;
    }
    outlet
    {
        type            calculated;
        value           nonuniform List<scalar> 
40
(
0.00245125
0.00392294
0.00425364
0.00420269
0.00402312
0.00379904
0.00355836
0.0033103
0.00305794
0.00280236
0.00254403
0.00228321
0.00202014
0.00175504
0.00148814
0.00121971
0.000949998
0.00067929
0.000407863
0.000136002
-0.000136003
-0.000407863
-0.00067929
-0.000949998
-0.00121971
-0.00148814
-0.00175504
-0.00202014
-0.00228322
-0.00254403
-0.00280236
-0.00305794
-0.0033103
-0.00355836
-0.00379905
-0.00402312
-0.00420269
-0.00425365
-0.00392294
-0.00245125
)
;
    }
    lowerWall
    {
        type            calculated;
        value           nonuniform List<scalar> 
100
(
-0.4
-0.4
-0.4
-0.4
-0.4
-0.4
-0.4
-0.4
-0.4
-0.4
-0.4
-0.4
-0.4
-0.4
-0.4
-0.4
-0.4
-0.4
-0.4
-0.4
-0.4
-0.4
-0.4
-0.4
-0.4
-0.4
-0.4
-0.4
-0.4
-0.4
-0.4
-0.4
-0.4
-0.4
-0.4
-0.4
-0.4
-0.4
-0.4
-0.4
-0.4
-0.4
-0.4
-0.4
-0.4
-0.4
-0.4
-0.4
-0.4
-0.4
-0.4
-0.4
-0.4
-0.4
-0.4
-0.4
-0.4
-0.4
-0.4
-0.4
-0.4
-0.4
-0.4
-0.4
-0.4
-0.4
-0.4
-0.4
-0.4
-0.4
-0.4
-0.4
-0.4
-0.4
-0.4
-0.4
-0.4
-0.4
-0.4
-0.4
-0.4
-0.4
-0.4
-0.4
-0.4
-0.4
-0.4
-0.4
-0.4
-0.4
-0.4
-0.4
-0.4
-0.4
-0.4
-0.4
-0.4
-0.4
-0.4
-0.4
)
;
    }
    upperWall
    {
        type            calculated;
        value           nonuniform List<scalar> 
100
(
0.4
0.4
0.4
0.4
0.4
0.4
0.4
0.4
0.4
0.4
0.4
0.4
0.4
0.4
0.4
0.4
0.4
0.4
0.4
0.4
0.4
0.4
0.4
0.4
0.4
0.4
0.4
0.4
0.4
0.4
0.4
0.4
0.4
0.4
0.4
0.4
0.4
0.4
0.4
0.4
0.4
0.4
0.4
0.4
0.4
0.4
0.4
0.4
0.4
0.4
0.4
0.4
0.4
0.4
0.4
0.4
0.4
0.4
0.4
0.4
0.4
0.4
0.4
0.4
0.4
0.4
0.4
0.4
0.4
0.4
0.4
0.4
0.4
0.4
0.4
0.4
0.4
0.4
0.4
0.4
0.4
0.4
0.4
0.4
0.4
0.4
0.4
0.4
0.4
0.4
0.4
0.4
0.4
0.4
0.4
0.4
0.4
0.4
0.4
0.4
)
;
    }
    frontAndBack
    {
        type            empty;
        value           nonuniform 0();
    }
}


// ************************************************************************* //
