/*--------------------------------*- C++ -*----------------------------------*\
  =========                 |
  \\      /  F ield         | OpenFOAM: The Open Source CFD Toolbox
   \\    /   O peration     | Website:  https://openfoam.org
    \\  /    A nd           | Version:  7
     \\/     M anipulation  |
\*---------------------------------------------------------------------------*/
FoamFile
{
    version     2.0;
    format      ascii;
    class       volScalarField;
    location    "2.5";
    object      Ux;
}
// * * * * * * * * * * * * * * * * * * * * * * * * * * * * * * * * * * * * * //

dimensions      [0 1 -1 0 0 0 0];

internalField   nonuniform List<scalar> 
4000
(
0.537561
0.552164
0.517048
0.522868
0.521055
0.521988
0.521381
0.52123
0.520887
0.520679
0.520474
0.520319
0.520186
0.520078
0.519987
0.519911
0.519847
0.519792
0.519746
0.519707
0.519673
0.519644
0.519619
0.519598
0.51958
0.519565
0.519551
0.51954
0.51953
0.519522
0.519515
0.51951
0.519505
0.519501
0.519497
0.519494
0.519492
0.51949
0.519488
0.519487
0.519486
0.519485
0.519484
0.519483
0.519483
0.519482
0.519482
0.519482
0.519482
0.519481
0.519481
0.519481
0.519481
0.519481
0.519481
0.519481
0.519481
0.519481
0.519481
0.519481
0.519481
0.519481
0.519481
0.519481
0.519481
0.519481
0.519481
0.519481
0.519481
0.519481
0.519481
0.519481
0.519481
0.519481
0.519481
0.519481
0.519481
0.519481
0.519481
0.519481
0.519481
0.519481
0.51948
0.51948
0.51948
0.519479
0.519478
0.519477
0.519475
0.519473
0.51947
0.519465
0.519459
0.519451
0.519444
0.519436
0.519443
0.519361
0.519229
0.518639
0.864905
0.911539
0.861932
0.871314
0.867928
0.869515
0.868556
0.868387
0.867874
0.867578
0.867274
0.867049
0.866852
0.866693
0.866559
0.866447
0.866352
0.866272
0.866204
0.866145
0.866095
0.866052
0.866015
0.865983
0.865955
0.865932
0.865912
0.865895
0.86588
0.865867
0.865857
0.865848
0.86584
0.865834
0.865828
0.865824
0.86582
0.865817
0.865814
0.865812
0.86581
0.865808
0.865807
0.865806
0.865805
0.865804
0.865804
0.865803
0.865803
0.865802
0.865802
0.865802
0.865802
0.865802
0.865801
0.865801
0.865801
0.865801
0.865801
0.865801
0.865801
0.865801
0.865801
0.865801
0.865801
0.865801
0.865801
0.865801
0.865802
0.865802
0.865802
0.865802
0.865802
0.865802
0.865802
0.865802
0.865802
0.865802
0.865802
0.865802
0.865801
0.865801
0.865801
0.8658
0.8658
0.865799
0.865798
0.865796
0.865793
0.86579
0.865784
0.865777
0.865768
0.865756
0.865744
0.865725
0.865719
0.865547
0.865254
0.863187
0.960307
1.02531
0.976296
0.987376
0.983065
0.984965
0.983889
0.983794
0.98327
0.982993
0.982692
0.982473
0.98228
0.982125
0.981994
0.981884
0.981792
0.981713
0.981646
0.981588
0.981539
0.981496
0.981459
0.981427
0.9814
0.981376
0.981356
0.981339
0.981324
0.981311
0.9813
0.981291
0.981283
0.981276
0.98127
0.981266
0.981262
0.981258
0.981255
0.981253
0.981251
0.981249
0.981248
0.981247
0.981246
0.981245
0.981244
0.981244
0.981243
0.981243
0.981242
0.981242
0.981242
0.981242
0.981242
0.981242
0.981242
0.981242
0.981242
0.981242
0.981242
0.981242
0.981242
0.981242
0.981242
0.981242
0.981242
0.981242
0.981242
0.981242
0.981242
0.981242
0.981242
0.981242
0.981242
0.981242
0.981242
0.981242
0.981242
0.981242
0.981242
0.981242
0.981241
0.981241
0.98124
0.981239
0.981238
0.981236
0.981233
0.98123
0.981224
0.981217
0.981208
0.981195
0.98118
0.981154
0.981134
0.980911
0.980544
0.977596
0.984959
1.05948
1.01373
1.02588
1.02097
1.02308
1.02196
1.02196
1.02148
1.02125
1.02099
1.0208
1.02063
1.0205
1.02038
1.02029
1.02021
1.02014
1.02008
1.02003
1.01999
1.01995
1.01992
1.01989
1.01987
1.01985
1.01983
1.01981
1.0198
1.01979
1.01978
1.01977
1.01976
1.01975
1.01975
1.01974
1.01974
1.01974
1.01973
1.01973
1.01973
1.01973
1.01973
1.01973
1.01973
1.01972
1.01972
1.01972
1.01972
1.01972
1.01972
1.01972
1.01972
1.01972
1.01972
1.01972
1.01972
1.01972
1.01972
1.01972
1.01972
1.01972
1.01972
1.01972
1.01972
1.01972
1.01972
1.01972
1.01972
1.01972
1.01972
1.01972
1.01972
1.01972
1.01972
1.01972
1.01972
1.01972
1.01972
1.01972
1.01972
1.01972
1.01972
1.01972
1.01972
1.01972
1.01972
1.01972
1.01971
1.01971
1.01971
1.0197
1.01969
1.01968
1.01966
1.01963
1.0196
1.01936
1.01899
1.01589
0.988567
1.06794
1.02558
1.03848
1.03315
1.03543
1.03429
1.0344
1.03397
1.03381
1.03358
1.03344
1.0333
1.03319
1.0331
1.03302
1.03296
1.0329
1.03285
1.03281
1.03277
1.03274
1.03272
1.03269
1.03267
1.03266
1.03264
1.03263
1.03262
1.03261
1.0326
1.03259
1.03258
1.03258
1.03257
1.03257
1.03257
1.03256
1.03256
1.03256
1.03256
1.03256
1.03255
1.03255
1.03255
1.03255
1.03255
1.03255
1.03255
1.03255
1.03255
1.03255
1.03255
1.03255
1.03255
1.03255
1.03255
1.03255
1.03255
1.03255
1.03255
1.03255
1.03255
1.03255
1.03255
1.03255
1.03255
1.03255
1.03255
1.03255
1.03255
1.03255
1.03255
1.03255
1.03255
1.03255
1.03255
1.03255
1.03255
1.03255
1.03255
1.03255
1.03255
1.03255
1.03255
1.03255
1.03255
1.03254
1.03254
1.03254
1.03254
1.03253
1.03252
1.03251
1.0325
1.03246
1.03242
1.03218
1.03186
1.02902
0.986394
1.06821
1.02896
1.04242
1.03679
1.0392
1.03807
1.03828
1.0379
1.0378
1.03762
1.03751
1.03741
1.03733
1.03725
1.0372
1.03715
1.0371
1.03707
1.03703
1.03701
1.03698
1.03696
1.03694
1.03693
1.03691
1.0369
1.03689
1.03688
1.03687
1.03686
1.03686
1.03685
1.03685
1.03684
1.03684
1.03684
1.03684
1.03683
1.03683
1.03683
1.03683
1.03683
1.03683
1.03683
1.03683
1.03683
1.03683
1.03683
1.03682
1.03682
1.03682
1.03682
1.03682
1.03682
1.03682
1.03682
1.03682
1.03682
1.03682
1.03682
1.03682
1.03682
1.03682
1.03682
1.03682
1.03682
1.03682
1.03682
1.03682
1.03682
1.03682
1.03682
1.03682
1.03682
1.03682
1.03682
1.03682
1.03682
1.03682
1.03682
1.03682
1.03682
1.03682
1.03682
1.03682
1.03682
1.03682
1.03682
1.03682
1.03681
1.03681
1.0368
1.03679
1.03678
1.03674
1.0367
1.03647
1.03621
1.03382
0.9831
1.0661
1.02959
1.04346
1.03762
1.04014
1.03901
1.03931
1.03899
1.03895
1.03881
1.03874
1.03867
1.03861
1.03856
1.03852
1.03848
1.03845
1.03843
1.03841
1.03839
1.03837
1.03835
1.03834
1.03833
1.03832
1.03831
1.0383
1.03829
1.03829
1.03828
1.03828
1.03827
1.03827
1.03827
1.03826
1.03826
1.03826
1.03826
1.03826
1.03825
1.03825
1.03825
1.03825
1.03825
1.03825
1.03825
1.03825
1.03825
1.03825
1.03825
1.03825
1.03825
1.03825
1.03825
1.03825
1.03825
1.03825
1.03825
1.03825
1.03825
1.03825
1.03825
1.03825
1.03825
1.03825
1.03825
1.03825
1.03825
1.03825
1.03825
1.03825
1.03825
1.03825
1.03825
1.03825
1.03825
1.03825
1.03825
1.03825
1.03825
1.03825
1.03825
1.03825
1.03825
1.03825
1.03825
1.03825
1.03825
1.03824
1.03824
1.03824
1.03823
1.03822
1.03821
1.03818
1.03814
1.03794
1.03774
1.03587
0.980017
1.06348
1.02937
1.04355
1.03754
1.04015
1.03903
1.03942
1.03915
1.03916
1.03907
1.03903
1.03898
1.03895
1.03892
1.0389
1.03888
1.03886
1.03884
1.03883
1.03881
1.0388
1.03879
1.03878
1.03878
1.03877
1.03876
1.03876
1.03875
1.03875
1.03875
1.03874
1.03874
1.03874
1.03874
1.03873
1.03873
1.03873
1.03873
1.03873
1.03873
1.03873
1.03873
1.03873
1.03873
1.03873
1.03873
1.03872
1.03872
1.03872
1.03872
1.03872
1.03872
1.03872
1.03872
1.03872
1.03872
1.03872
1.03872
1.03872
1.03872
1.03872
1.03872
1.03872
1.03872
1.03872
1.03872
1.03872
1.03872
1.03872
1.03872
1.03872
1.03872
1.03872
1.03872
1.03872
1.03872
1.03872
1.03872
1.03872
1.03872
1.03872
1.03872
1.03872
1.03872
1.03872
1.03872
1.03872
1.03872
1.03872
1.03872
1.03872
1.03871
1.03871
1.03869
1.03867
1.03863
1.03847
1.03834
1.03701
0.977434
1.06096
1.02892
1.04333
1.0372
1.03988
1.03877
1.03923
1.039
1.03907
1.03901
1.03901
1.03899
1.03898
1.03897
1.03896
1.03895
1.03895
1.03894
1.03893
1.03893
1.03892
1.03892
1.03891
1.03891
1.03891
1.0389
1.0389
1.0389
1.0389
1.0389
1.03889
1.03889
1.03889
1.03889
1.03889
1.03889
1.03889
1.03889
1.03889
1.03888
1.03888
1.03888
1.03888
1.03888
1.03888
1.03888
1.03888
1.03888
1.03888
1.03888
1.03888
1.03888
1.03888
1.03888
1.03888
1.03888
1.03888
1.03888
1.03888
1.03888
1.03888
1.03888
1.03888
1.03888
1.03888
1.03888
1.03888
1.03888
1.03888
1.03888
1.03888
1.03888
1.03888
1.03888
1.03888
1.03888
1.03888
1.03888
1.03888
1.03888
1.03888
1.03888
1.03888
1.03888
1.03888
1.03888
1.03888
1.03888
1.03888
1.03888
1.03888
1.03888
1.03887
1.03886
1.03884
1.03881
1.0387
1.03863
1.03784
0.97534
1.0587
1.02846
1.04303
1.03681
1.03953
1.03843
1.03896
1.03878
1.03889
1.03887
1.0389
1.0389
1.03891
1.03892
1.03892
1.03893
1.03893
1.03893
1.03894
1.03894
1.03894
1.03894
1.03894
1.03894
1.03894
1.03894
1.03894
1.03894
1.03894
1.03894
1.03894
1.03894
1.03894
1.03894
1.03894
1.03894
1.03894
1.03894
1.03894
1.03894
1.03894
1.03894
1.03894
1.03894
1.03894
1.03894
1.03894
1.03893
1.03893
1.03893
1.03893
1.03893
1.03893
1.03893
1.03893
1.03893
1.03893
1.03893
1.03893
1.03893
1.03893
1.03893
1.03894
1.03894
1.03894
1.03894
1.03894
1.03894
1.03894
1.03894
1.03894
1.03894
1.03894
1.03894
1.03894
1.03894
1.03894
1.03894
1.03894
1.03894
1.03894
1.03894
1.03894
1.03894
1.03894
1.03894
1.03894
1.03894
1.03894
1.03893
1.03893
1.03893
1.03893
1.03892
1.03891
1.03889
1.03883
1.03882
1.03856
0.97366
1.05672
1.02804
1.04273
1.03644
1.03919
1.0381
1.03868
1.03854
1.03869
1.0387
1.03876
1.03879
1.03882
1.03884
1.03886
1.03887
1.03889
1.0389
1.03891
1.03891
1.03892
1.03893
1.03893
1.03893
1.03894
1.03894
1.03894
1.03894
1.03895
1.03895
1.03895
1.03895
1.03895
1.03895
1.03895
1.03895
1.03895
1.03895
1.03895
1.03895
1.03895
1.03895
1.03895
1.03895
1.03895
1.03895
1.03895
1.03895
1.03895
1.03895
1.03895
1.03895
1.03895
1.03895
1.03895
1.03895
1.03895
1.03895
1.03895
1.03895
1.03895
1.03895
1.03895
1.03895
1.03895
1.03895
1.03895
1.03895
1.03895
1.03895
1.03895
1.03895
1.03895
1.03895
1.03895
1.03895
1.03895
1.03895
1.03895
1.03895
1.03895
1.03895
1.03895
1.03895
1.03895
1.03895
1.03895
1.03895
1.03895
1.03895
1.03896
1.03896
1.03896
1.03895
1.03895
1.03893
1.03892
1.03898
1.03921
0.972313
1.055
1.02768
1.04245
1.0361
1.03887
1.03778
1.03842
1.03831
1.0385
1.03854
1.03862
1.03867
1.03872
1.03875
1.03878
1.03881
1.03883
1.03885
1.03887
1.03888
1.03889
1.0389
1.03891
1.03892
1.03892
1.03893
1.03893
1.03894
1.03894
1.03894
1.03895
1.03895
1.03895
1.03895
1.03895
1.03895
1.03895
1.03895
1.03896
1.03896
1.03896
1.03896
1.03896
1.03896
1.03896
1.03896
1.03896
1.03896
1.03896
1.03896
1.03896
1.03896
1.03896
1.03896
1.03896
1.03896
1.03896
1.03896
1.03896
1.03896
1.03896
1.03896
1.03896
1.03896
1.03896
1.03896
1.03896
1.03896
1.03896
1.03896
1.03896
1.03896
1.03896
1.03896
1.03896
1.03896
1.03896
1.03896
1.03896
1.03896
1.03896
1.03896
1.03896
1.03896
1.03896
1.03896
1.03896
1.03896
1.03896
1.03896
1.03896
1.03897
1.03897
1.03897
1.03897
1.03897
1.03901
1.03912
1.03982
0.971234
1.05354
1.02737
1.0422
1.03581
1.03858
1.0375
1.03818
1.0381
1.03833
1.03839
1.0385
1.03856
1.03862
1.03867
1.03871
1.03875
1.03878
1.0388
1.03883
1.03885
1.03886
1.03888
1.03889
1.0389
1.03891
1.03892
1.03892
1.03893
1.03893
1.03894
1.03894
1.03894
1.03895
1.03895
1.03895
1.03895
1.03895
1.03895
1.03896
1.03896
1.03896
1.03896
1.03896
1.03896
1.03896
1.03896
1.03896
1.03896
1.03896
1.03896
1.03896
1.03896
1.03896
1.03896
1.03896
1.03896
1.03896
1.03896
1.03896
1.03896
1.03896
1.03896
1.03896
1.03896
1.03896
1.03896
1.03896
1.03896
1.03896
1.03896
1.03896
1.03896
1.03896
1.03896
1.03896
1.03896
1.03896
1.03896
1.03896
1.03896
1.03896
1.03896
1.03896
1.03896
1.03896
1.03896
1.03896
1.03896
1.03897
1.03897
1.03897
1.03897
1.03898
1.03898
1.03899
1.039
1.0391
1.03926
1.04037
0.970373
1.0523
1.02711
1.04199
1.03556
1.03832
1.03725
1.03797
1.03792
1.03817
1.03826
1.03838
1.03846
1.03854
1.0386
1.03865
1.03869
1.03873
1.03876
1.03879
1.03881
1.03883
1.03885
1.03887
1.03888
1.03889
1.0389
1.03891
1.03892
1.03892
1.03893
1.03893
1.03894
1.03894
1.03894
1.03895
1.03895
1.03895
1.03895
1.03895
1.03896
1.03896
1.03896
1.03896
1.03896
1.03896
1.03896
1.03896
1.03896
1.03896
1.03896
1.03896
1.03896
1.03896
1.03896
1.03896
1.03896
1.03896
1.03896
1.03896
1.03896
1.03896
1.03896
1.03896
1.03896
1.03896
1.03896
1.03896
1.03896
1.03896
1.03896
1.03896
1.03896
1.03896
1.03896
1.03896
1.03896
1.03896
1.03896
1.03896
1.03896
1.03896
1.03896
1.03896
1.03896
1.03896
1.03896
1.03896
1.03897
1.03897
1.03897
1.03897
1.03898
1.03898
1.03899
1.03901
1.03902
1.03918
1.03938
1.04087
0.96969
1.05127
1.02689
1.04181
1.03535
1.03811
1.03704
1.03778
1.03775
1.03803
1.03814
1.03828
1.03838
1.03846
1.03853
1.03859
1.03864
1.03869
1.03873
1.03876
1.03879
1.03881
1.03883
1.03885
1.03886
1.03888
1.03889
1.0389
1.03891
1.03892
1.03892
1.03893
1.03893
1.03894
1.03894
1.03894
1.03895
1.03895
1.03895
1.03895
1.03895
1.03896
1.03896
1.03896
1.03896
1.03896
1.03896
1.03896
1.03896
1.03896
1.03896
1.03896
1.03896
1.03896
1.03896
1.03896
1.03896
1.03896
1.03896
1.03896
1.03896
1.03896
1.03896
1.03896
1.03896
1.03896
1.03896
1.03896
1.03896
1.03896
1.03896
1.03896
1.03896
1.03896
1.03896
1.03896
1.03896
1.03896
1.03896
1.03896
1.03896
1.03896
1.03896
1.03896
1.03896
1.03896
1.03896
1.03897
1.03897
1.03897
1.03897
1.03898
1.03898
1.03899
1.039
1.03903
1.03905
1.03925
1.03949
1.04131
0.969157
1.05043
1.02671
1.04166
1.03518
1.03792
1.03686
1.03763
1.03762
1.03792
1.03804
1.0382
1.0383
1.0384
1.03848
1.03855
1.0386
1.03865
1.03869
1.03873
1.03876
1.03879
1.03881
1.03883
1.03885
1.03887
1.03888
1.03889
1.0389
1.03891
1.03892
1.03892
1.03893
1.03893
1.03894
1.03894
1.03894
1.03895
1.03895
1.03895
1.03895
1.03895
1.03896
1.03896
1.03896
1.03896
1.03896
1.03896
1.03896
1.03896
1.03896
1.03896
1.03896
1.03896
1.03896
1.03896
1.03896
1.03896
1.03896
1.03896
1.03896
1.03896
1.03896
1.03896
1.03896
1.03896
1.03896
1.03896
1.03896
1.03896
1.03896
1.03896
1.03896
1.03896
1.03896
1.03896
1.03896
1.03896
1.03896
1.03896
1.03896
1.03896
1.03896
1.03896
1.03896
1.03896
1.03896
1.03897
1.03897
1.03897
1.03897
1.03898
1.03898
1.03899
1.03901
1.03904
1.03907
1.03931
1.03959
1.04168
0.968753
1.04978
1.02658
1.04154
1.03504
1.03778
1.03671
1.03751
1.03751
1.03783
1.03796
1.03813
1.03824
1.03835
1.03843
1.03851
1.03857
1.03862
1.03867
1.03871
1.03874
1.03877
1.0388
1.03882
1.03884
1.03886
1.03887
1.03888
1.03889
1.0389
1.03891
1.03892
1.03893
1.03893
1.03894
1.03894
1.03894
1.03895
1.03895
1.03895
1.03895
1.03895
1.03895
1.03896
1.03896
1.03896
1.03896
1.03896
1.03896
1.03896
1.03896
1.03896
1.03896
1.03896
1.03896
1.03896
1.03896
1.03896
1.03896
1.03896
1.03896
1.03896
1.03896
1.03896
1.03896
1.03896
1.03896
1.03896
1.03896
1.03896
1.03896
1.03896
1.03896
1.03896
1.03896
1.03896
1.03896
1.03896
1.03896
1.03896
1.03896
1.03896
1.03896
1.03896
1.03896
1.03896
1.03896
1.03897
1.03897
1.03897
1.03897
1.03898
1.03899
1.039
1.03901
1.03906
1.03909
1.03936
1.03967
1.04198
0.968462
1.04929
1.02648
1.04145
1.03494
1.03767
1.03661
1.03741
1.03743
1.03776
1.0379
1.03808
1.0382
1.03831
1.0384
1.03848
1.03854
1.0386
1.03865
1.03869
1.03873
1.03876
1.03878
1.03881
1.03883
1.03885
1.03886
1.03888
1.03889
1.0389
1.03891
1.03892
1.03892
1.03893
1.03893
1.03894
1.03894
1.03894
1.03895
1.03895
1.03895
1.03895
1.03895
1.03896
1.03896
1.03896
1.03896
1.03896
1.03896
1.03896
1.03896
1.03896
1.03896
1.03896
1.03896
1.03896
1.03896
1.03896
1.03896
1.03896
1.03896
1.03896
1.03896
1.03896
1.03896
1.03896
1.03896
1.03896
1.03896
1.03896
1.03896
1.03896
1.03896
1.03896
1.03896
1.03896
1.03896
1.03896
1.03896
1.03896
1.03896
1.03896
1.03896
1.03896
1.03896
1.03896
1.03896
1.03897
1.03897
1.03897
1.03897
1.03898
1.03899
1.039
1.03902
1.03907
1.0391
1.0394
1.03973
1.04221
0.968274
1.04897
1.02641
1.04139
1.03488
1.0376
1.03653
1.03735
1.03738
1.03771
1.03786
1.03804
1.03817
1.03828
1.03838
1.03846
1.03853
1.03858
1.03863
1.03868
1.03871
1.03875
1.03878
1.0388
1.03882
1.03884
1.03886
1.03887
1.03889
1.0389
1.03891
1.03891
1.03892
1.03893
1.03893
1.03894
1.03894
1.03894
1.03895
1.03895
1.03895
1.03895
1.03895
1.03895
1.03896
1.03896
1.03896
1.03896
1.03896
1.03896
1.03896
1.03896
1.03896
1.03896
1.03896
1.03896
1.03896
1.03896
1.03896
1.03896
1.03896
1.03896
1.03896
1.03896
1.03896
1.03896
1.03896
1.03896
1.03896
1.03896
1.03896
1.03896
1.03896
1.03896
1.03896
1.03896
1.03896
1.03896
1.03896
1.03896
1.03896
1.03896
1.03896
1.03896
1.03896
1.03896
1.03897
1.03897
1.03897
1.03897
1.03898
1.03898
1.03899
1.039
1.03902
1.03907
1.03911
1.03943
1.03977
1.04236
0.968181
1.04882
1.02638
1.04137
1.03484
1.03756
1.0365
1.03732
1.03735
1.03769
1.03784
1.03802
1.03815
1.03827
1.03837
1.03845
1.03852
1.03858
1.03863
1.03867
1.03871
1.03874
1.03877
1.0388
1.03882
1.03884
1.03886
1.03887
1.03888
1.0389
1.03891
1.03891
1.03892
1.03893
1.03893
1.03894
1.03894
1.03894
1.03895
1.03895
1.03895
1.03895
1.03895
1.03895
1.03896
1.03896
1.03896
1.03896
1.03896
1.03896
1.03896
1.03896
1.03896
1.03896
1.03896
1.03896
1.03896
1.03896
1.03896
1.03896
1.03896
1.03896
1.03896
1.03896
1.03896
1.03896
1.03896
1.03896
1.03896
1.03896
1.03896
1.03896
1.03896
1.03896
1.03896
1.03896
1.03896
1.03896
1.03896
1.03896
1.03896
1.03896
1.03896
1.03896
1.03896
1.03896
1.03897
1.03897
1.03897
1.03897
1.03898
1.03898
1.03899
1.03901
1.03902
1.03908
1.03912
1.03944
1.03979
1.04244
0.968181
1.04882
1.02638
1.04137
1.03484
1.03756
1.0365
1.03732
1.03735
1.03769
1.03784
1.03802
1.03815
1.03827
1.03837
1.03845
1.03852
1.03858
1.03863
1.03867
1.03871
1.03874
1.03877
1.0388
1.03882
1.03884
1.03886
1.03887
1.03888
1.0389
1.03891
1.03891
1.03892
1.03893
1.03893
1.03894
1.03894
1.03894
1.03895
1.03895
1.03895
1.03895
1.03895
1.03895
1.03896
1.03896
1.03896
1.03896
1.03896
1.03896
1.03896
1.03896
1.03896
1.03896
1.03896
1.03896
1.03896
1.03896
1.03896
1.03896
1.03896
1.03896
1.03896
1.03896
1.03896
1.03896
1.03896
1.03896
1.03896
1.03896
1.03896
1.03896
1.03896
1.03896
1.03896
1.03896
1.03896
1.03896
1.03896
1.03896
1.03896
1.03896
1.03896
1.03896
1.03896
1.03896
1.03897
1.03897
1.03897
1.03897
1.03898
1.03898
1.03899
1.03901
1.03902
1.03908
1.03912
1.03944
1.03979
1.04244
0.968274
1.04897
1.02641
1.04139
1.03488
1.0376
1.03653
1.03735
1.03738
1.03771
1.03786
1.03804
1.03817
1.03828
1.03838
1.03846
1.03853
1.03858
1.03863
1.03868
1.03871
1.03875
1.03878
1.0388
1.03882
1.03884
1.03886
1.03887
1.03889
1.0389
1.03891
1.03891
1.03892
1.03893
1.03893
1.03894
1.03894
1.03894
1.03895
1.03895
1.03895
1.03895
1.03895
1.03895
1.03896
1.03896
1.03896
1.03896
1.03896
1.03896
1.03896
1.03896
1.03896
1.03896
1.03896
1.03896
1.03896
1.03896
1.03896
1.03896
1.03896
1.03896
1.03896
1.03896
1.03896
1.03896
1.03896
1.03896
1.03896
1.03896
1.03896
1.03896
1.03896
1.03896
1.03896
1.03896
1.03896
1.03896
1.03896
1.03896
1.03896
1.03896
1.03896
1.03896
1.03896
1.03896
1.03897
1.03897
1.03897
1.03897
1.03898
1.03898
1.03899
1.039
1.03902
1.03907
1.03911
1.03943
1.03977
1.04236
0.968462
1.04929
1.02648
1.04145
1.03494
1.03767
1.03661
1.03741
1.03743
1.03776
1.0379
1.03808
1.0382
1.03831
1.0384
1.03848
1.03854
1.0386
1.03865
1.03869
1.03873
1.03876
1.03878
1.03881
1.03883
1.03885
1.03886
1.03888
1.03889
1.0389
1.03891
1.03892
1.03892
1.03893
1.03893
1.03894
1.03894
1.03894
1.03895
1.03895
1.03895
1.03895
1.03895
1.03896
1.03896
1.03896
1.03896
1.03896
1.03896
1.03896
1.03896
1.03896
1.03896
1.03896
1.03896
1.03896
1.03896
1.03896
1.03896
1.03896
1.03896
1.03896
1.03896
1.03896
1.03896
1.03896
1.03896
1.03896
1.03896
1.03896
1.03896
1.03896
1.03896
1.03896
1.03896
1.03896
1.03896
1.03896
1.03896
1.03896
1.03896
1.03896
1.03896
1.03896
1.03896
1.03896
1.03897
1.03897
1.03897
1.03897
1.03897
1.03898
1.03899
1.039
1.03902
1.03907
1.0391
1.0394
1.03973
1.04221
0.968753
1.04978
1.02658
1.04154
1.03504
1.03778
1.03671
1.03751
1.03751
1.03783
1.03796
1.03813
1.03824
1.03835
1.03843
1.03851
1.03857
1.03862
1.03867
1.03871
1.03874
1.03877
1.0388
1.03882
1.03884
1.03886
1.03887
1.03888
1.03889
1.0389
1.03891
1.03892
1.03893
1.03893
1.03894
1.03894
1.03894
1.03895
1.03895
1.03895
1.03895
1.03895
1.03895
1.03896
1.03896
1.03896
1.03896
1.03896
1.03896
1.03896
1.03896
1.03896
1.03896
1.03896
1.03896
1.03896
1.03896
1.03896
1.03896
1.03896
1.03896
1.03896
1.03896
1.03896
1.03896
1.03896
1.03896
1.03896
1.03896
1.03896
1.03896
1.03896
1.03896
1.03896
1.03896
1.03896
1.03896
1.03896
1.03896
1.03896
1.03896
1.03896
1.03896
1.03896
1.03896
1.03896
1.03896
1.03897
1.03897
1.03897
1.03897
1.03898
1.03899
1.039
1.03901
1.03906
1.03909
1.03936
1.03967
1.04198
0.969157
1.05043
1.02671
1.04166
1.03518
1.03792
1.03686
1.03763
1.03762
1.03792
1.03804
1.0382
1.0383
1.0384
1.03848
1.03855
1.0386
1.03865
1.03869
1.03873
1.03876
1.03879
1.03881
1.03883
1.03885
1.03887
1.03888
1.03889
1.0389
1.03891
1.03892
1.03892
1.03893
1.03893
1.03894
1.03894
1.03894
1.03895
1.03895
1.03895
1.03895
1.03895
1.03896
1.03896
1.03896
1.03896
1.03896
1.03896
1.03896
1.03896
1.03896
1.03896
1.03896
1.03896
1.03896
1.03896
1.03896
1.03896
1.03896
1.03896
1.03896
1.03896
1.03896
1.03896
1.03896
1.03896
1.03896
1.03896
1.03896
1.03896
1.03896
1.03896
1.03896
1.03896
1.03896
1.03896
1.03896
1.03896
1.03896
1.03896
1.03896
1.03896
1.03896
1.03896
1.03896
1.03896
1.03896
1.03897
1.03897
1.03897
1.03897
1.03898
1.03898
1.039
1.03901
1.03904
1.03907
1.03931
1.03959
1.04168
0.96969
1.05127
1.02689
1.04181
1.03535
1.0381
1.03703
1.03778
1.03775
1.03803
1.03814
1.03828
1.03838
1.03846
1.03853
1.03859
1.03864
1.03869
1.03873
1.03876
1.03879
1.03881
1.03883
1.03885
1.03886
1.03888
1.03889
1.0389
1.03891
1.03892
1.03892
1.03893
1.03893
1.03894
1.03894
1.03894
1.03895
1.03895
1.03895
1.03895
1.03895
1.03896
1.03896
1.03896
1.03896
1.03896
1.03896
1.03896
1.03896
1.03896
1.03896
1.03896
1.03896
1.03896
1.03896
1.03896
1.03896
1.03896
1.03896
1.03896
1.03896
1.03896
1.03896
1.03896
1.03896
1.03896
1.03896
1.03896
1.03896
1.03896
1.03896
1.03896
1.03896
1.03896
1.03896
1.03896
1.03896
1.03896
1.03896
1.03896
1.03896
1.03896
1.03896
1.03896
1.03896
1.03896
1.03896
1.03897
1.03897
1.03897
1.03897
1.03898
1.03898
1.03899
1.039
1.03903
1.03905
1.03925
1.03949
1.04131
0.970373
1.0523
1.0271
1.04199
1.03556
1.03832
1.03725
1.03797
1.03791
1.03817
1.03826
1.03838
1.03846
1.03854
1.0386
1.03865
1.03869
1.03873
1.03876
1.03879
1.03881
1.03883
1.03885
1.03887
1.03888
1.03889
1.0389
1.03891
1.03892
1.03892
1.03893
1.03893
1.03894
1.03894
1.03895
1.03895
1.03895
1.03895
1.03895
1.03895
1.03896
1.03896
1.03896
1.03896
1.03896
1.03896
1.03896
1.03896
1.03896
1.03896
1.03896
1.03896
1.03896
1.03896
1.03896
1.03896
1.03896
1.03896
1.03896
1.03896
1.03896
1.03896
1.03896
1.03896
1.03896
1.03896
1.03896
1.03896
1.03896
1.03896
1.03896
1.03896
1.03896
1.03896
1.03896
1.03896
1.03896
1.03896
1.03896
1.03896
1.03896
1.03896
1.03896
1.03896
1.03896
1.03896
1.03896
1.03896
1.03897
1.03897
1.03897
1.03897
1.03898
1.03898
1.03899
1.03901
1.03902
1.03918
1.03938
1.04087
0.971234
1.05354
1.02737
1.0422
1.03581
1.03858
1.0375
1.03818
1.0381
1.03833
1.03839
1.0385
1.03856
1.03862
1.03867
1.03871
1.03875
1.03878
1.03881
1.03883
1.03885
1.03886
1.03888
1.03889
1.0389
1.03891
1.03892
1.03892
1.03893
1.03893
1.03894
1.03894
1.03894
1.03895
1.03895
1.03895
1.03895
1.03895
1.03895
1.03896
1.03896
1.03896
1.03896
1.03896
1.03896
1.03896
1.03896
1.03896
1.03896
1.03896
1.03896
1.03896
1.03896
1.03896
1.03896
1.03896
1.03896
1.03896
1.03896
1.03896
1.03896
1.03896
1.03896
1.03896
1.03896
1.03896
1.03896
1.03896
1.03896
1.03896
1.03896
1.03896
1.03896
1.03896
1.03896
1.03896
1.03896
1.03896
1.03896
1.03896
1.03896
1.03896
1.03896
1.03896
1.03896
1.03896
1.03896
1.03896
1.03896
1.03897
1.03897
1.03897
1.03897
1.03898
1.03898
1.03899
1.039
1.0391
1.03926
1.04037
0.972313
1.055
1.02768
1.04245
1.0361
1.03887
1.03778
1.03842
1.03831
1.0385
1.03854
1.03862
1.03867
1.03872
1.03875
1.03878
1.03881
1.03883
1.03885
1.03887
1.03888
1.03889
1.0389
1.03891
1.03892
1.03892
1.03893
1.03893
1.03894
1.03894
1.03894
1.03895
1.03895
1.03895
1.03895
1.03895
1.03895
1.03895
1.03895
1.03896
1.03896
1.03896
1.03896
1.03896
1.03896
1.03896
1.03896
1.03896
1.03896
1.03896
1.03896
1.03896
1.03896
1.03896
1.03896
1.03896
1.03896
1.03896
1.03896
1.03896
1.03896
1.03896
1.03896
1.03896
1.03896
1.03896
1.03896
1.03896
1.03896
1.03896
1.03896
1.03896
1.03896
1.03896
1.03896
1.03896
1.03896
1.03896
1.03896
1.03896
1.03896
1.03896
1.03896
1.03896
1.03896
1.03896
1.03896
1.03896
1.03896
1.03896
1.03896
1.03896
1.03897
1.03897
1.03897
1.03897
1.03897
1.03901
1.03912
1.03982
0.97366
1.05672
1.02804
1.04273
1.03644
1.03919
1.03809
1.03868
1.03854
1.03869
1.0387
1.03876
1.03879
1.03882
1.03884
1.03886
1.03887
1.03889
1.0389
1.03891
1.03891
1.03892
1.03893
1.03893
1.03893
1.03894
1.03894
1.03894
1.03894
1.03895
1.03895
1.03895
1.03895
1.03895
1.03895
1.03895
1.03895
1.03895
1.03895
1.03895
1.03895
1.03895
1.03895
1.03895
1.03895
1.03895
1.03895
1.03895
1.03895
1.03895
1.03895
1.03895
1.03895
1.03895
1.03895
1.03895
1.03895
1.03895
1.03895
1.03895
1.03895
1.03895
1.03895
1.03895
1.03895
1.03895
1.03895
1.03895
1.03895
1.03895
1.03895
1.03895
1.03895
1.03895
1.03895
1.03895
1.03895
1.03895
1.03895
1.03895
1.03895
1.03895
1.03895
1.03895
1.03895
1.03895
1.03895
1.03895
1.03895
1.03895
1.03896
1.03896
1.03896
1.03896
1.03895
1.03895
1.03893
1.03892
1.03898
1.03921
0.97534
1.0587
1.02846
1.04303
1.03681
1.03953
1.03843
1.03896
1.03878
1.03889
1.03887
1.0389
1.0389
1.03891
1.03892
1.03892
1.03893
1.03893
1.03893
1.03894
1.03894
1.03894
1.03894
1.03894
1.03894
1.03894
1.03894
1.03894
1.03894
1.03894
1.03894
1.03894
1.03894
1.03894
1.03894
1.03894
1.03894
1.03894
1.03894
1.03894
1.03894
1.03894
1.03894
1.03894
1.03894
1.03894
1.03894
1.03894
1.03894
1.03893
1.03893
1.03893
1.03893
1.03893
1.03893
1.03893
1.03893
1.03893
1.03893
1.03893
1.03893
1.03894
1.03894
1.03894
1.03894
1.03894
1.03894
1.03894
1.03894
1.03894
1.03894
1.03894
1.03894
1.03894
1.03894
1.03894
1.03894
1.03894
1.03894
1.03894
1.03894
1.03894
1.03894
1.03894
1.03894
1.03894
1.03894
1.03894
1.03894
1.03894
1.03894
1.03893
1.03893
1.03893
1.03892
1.03891
1.03889
1.03883
1.03882
1.03856
0.977434
1.06096
1.02892
1.04333
1.0372
1.03988
1.03877
1.03923
1.039
1.03907
1.03901
1.03901
1.03899
1.03898
1.03897
1.03896
1.03895
1.03895
1.03894
1.03893
1.03893
1.03892
1.03892
1.03892
1.03891
1.03891
1.03891
1.0389
1.0389
1.0389
1.0389
1.03889
1.03889
1.03889
1.03889
1.03889
1.03889
1.03889
1.03889
1.03889
1.03888
1.03888
1.03888
1.03888
1.03888
1.03888
1.03888
1.03888
1.03888
1.03888
1.03888
1.03888
1.03888
1.03888
1.03888
1.03888
1.03888
1.03888
1.03888
1.03888
1.03888
1.03888
1.03888
1.03888
1.03888
1.03888
1.03888
1.03888
1.03888
1.03888
1.03888
1.03888
1.03888
1.03888
1.03888
1.03888
1.03888
1.03888
1.03888
1.03888
1.03888
1.03888
1.03888
1.03888
1.03888
1.03888
1.03888
1.03888
1.03888
1.03888
1.03888
1.03888
1.03888
1.03887
1.03886
1.03884
1.03881
1.0387
1.03863
1.03784
0.980017
1.06348
1.02937
1.04355
1.03754
1.04015
1.03903
1.03942
1.03915
1.03916
1.03907
1.03903
1.03898
1.03895
1.03892
1.0389
1.03888
1.03886
1.03884
1.03883
1.03882
1.0388
1.03879
1.03879
1.03878
1.03877
1.03876
1.03876
1.03875
1.03875
1.03875
1.03874
1.03874
1.03874
1.03874
1.03873
1.03873
1.03873
1.03873
1.03873
1.03873
1.03873
1.03873
1.03873
1.03873
1.03873
1.03873
1.03872
1.03872
1.03872
1.03872
1.03872
1.03872
1.03872
1.03872
1.03872
1.03872
1.03872
1.03872
1.03872
1.03872
1.03872
1.03872
1.03872
1.03872
1.03872
1.03872
1.03872
1.03872
1.03872
1.03872
1.03872
1.03872
1.03872
1.03872
1.03872
1.03872
1.03872
1.03872
1.03872
1.03872
1.03872
1.03872
1.03872
1.03872
1.03872
1.03872
1.03872
1.03872
1.03872
1.03872
1.03872
1.03871
1.03871
1.03869
1.03867
1.03863
1.03847
1.03834
1.03701
0.983101
1.0661
1.02959
1.04346
1.03761
1.04014
1.03901
1.03931
1.03899
1.03895
1.03881
1.03874
1.03867
1.03861
1.03856
1.03852
1.03849
1.03845
1.03843
1.03841
1.03839
1.03837
1.03835
1.03834
1.03833
1.03832
1.03831
1.0383
1.03829
1.03829
1.03828
1.03828
1.03827
1.03827
1.03827
1.03826
1.03826
1.03826
1.03826
1.03826
1.03825
1.03825
1.03825
1.03825
1.03825
1.03825
1.03825
1.03825
1.03825
1.03825
1.03825
1.03825
1.03825
1.03825
1.03825
1.03825
1.03825
1.03825
1.03825
1.03825
1.03825
1.03825
1.03825
1.03825
1.03825
1.03825
1.03825
1.03825
1.03825
1.03825
1.03825
1.03825
1.03825
1.03825
1.03825
1.03825
1.03825
1.03825
1.03825
1.03825
1.03825
1.03825
1.03825
1.03825
1.03825
1.03825
1.03825
1.03825
1.03825
1.03824
1.03824
1.03824
1.03823
1.03822
1.03821
1.03818
1.03814
1.03794
1.03774
1.03587
0.986394
1.06821
1.02896
1.04242
1.03679
1.0392
1.03807
1.03828
1.0379
1.0378
1.03762
1.03751
1.03741
1.03733
1.03725
1.0372
1.03715
1.0371
1.03707
1.03703
1.03701
1.03698
1.03696
1.03694
1.03693
1.03691
1.0369
1.03689
1.03688
1.03687
1.03686
1.03686
1.03685
1.03685
1.03685
1.03684
1.03684
1.03684
1.03683
1.03683
1.03683
1.03683
1.03683
1.03683
1.03683
1.03683
1.03683
1.03683
1.03683
1.03682
1.03682
1.03682
1.03682
1.03682
1.03682
1.03682
1.03682
1.03682
1.03682
1.03682
1.03682
1.03682
1.03682
1.03682
1.03682
1.03682
1.03682
1.03682
1.03682
1.03682
1.03682
1.03682
1.03682
1.03682
1.03682
1.03682
1.03682
1.03682
1.03682
1.03682
1.03682
1.03682
1.03682
1.03682
1.03682
1.03682
1.03682
1.03682
1.03682
1.03682
1.03681
1.03681
1.0368
1.03679
1.03678
1.03674
1.0367
1.03647
1.03621
1.03382
0.988567
1.06794
1.02558
1.03848
1.03315
1.03543
1.03429
1.0344
1.03397
1.03381
1.03358
1.03344
1.0333
1.03319
1.0331
1.03302
1.03296
1.0329
1.03285
1.03281
1.03278
1.03274
1.03272
1.03269
1.03267
1.03266
1.03264
1.03263
1.03262
1.03261
1.0326
1.03259
1.03258
1.03258
1.03257
1.03257
1.03257
1.03256
1.03256
1.03256
1.03256
1.03256
1.03255
1.03255
1.03255
1.03255
1.03255
1.03255
1.03255
1.03255
1.03255
1.03255
1.03255
1.03255
1.03255
1.03255
1.03255
1.03255
1.03255
1.03255
1.03255
1.03255
1.03255
1.03255
1.03255
1.03255
1.03255
1.03255
1.03255
1.03255
1.03255
1.03255
1.03255
1.03255
1.03255
1.03255
1.03255
1.03255
1.03255
1.03255
1.03255
1.03255
1.03255
1.03255
1.03255
1.03255
1.03255
1.03254
1.03254
1.03254
1.03254
1.03253
1.03252
1.03251
1.0325
1.03246
1.03242
1.03218
1.03186
1.02902
0.984959
1.05948
1.01373
1.02588
1.02097
1.02308
1.02196
1.02196
1.02148
1.02125
1.02099
1.0208
1.02063
1.0205
1.02038
1.02029
1.02021
1.02014
1.02008
1.02003
1.01999
1.01995
1.01992
1.01989
1.01987
1.01985
1.01983
1.01981
1.0198
1.01979
1.01978
1.01977
1.01976
1.01975
1.01975
1.01974
1.01974
1.01974
1.01974
1.01973
1.01973
1.01973
1.01973
1.01973
1.01973
1.01972
1.01972
1.01972
1.01972
1.01972
1.01972
1.01972
1.01972
1.01972
1.01972
1.01972
1.01972
1.01972
1.01972
1.01972
1.01972
1.01972
1.01972
1.01972
1.01972
1.01972
1.01972
1.01972
1.01972
1.01972
1.01972
1.01972
1.01972
1.01972
1.01972
1.01972
1.01972
1.01972
1.01972
1.01972
1.01972
1.01972
1.01972
1.01972
1.01972
1.01972
1.01972
1.01972
1.01971
1.01971
1.01971
1.0197
1.01969
1.01968
1.01966
1.01963
1.0196
1.01936
1.01899
1.01589
0.960307
1.02531
0.976296
0.987376
0.983065
0.984964
0.983889
0.983794
0.98327
0.982993
0.982691
0.982473
0.98228
0.982125
0.981994
0.981884
0.981792
0.981713
0.981646
0.981588
0.981539
0.981496
0.981459
0.981428
0.9814
0.981377
0.981357
0.981339
0.981324
0.981311
0.9813
0.981291
0.981283
0.981276
0.981271
0.981266
0.981262
0.981258
0.981255
0.981253
0.981251
0.981249
0.981248
0.981247
0.981246
0.981245
0.981244
0.981244
0.981243
0.981243
0.981242
0.981242
0.981242
0.981242
0.981242
0.981242
0.981242
0.981242
0.981242
0.981242
0.981242
0.981242
0.981242
0.981242
0.981242
0.981242
0.981242
0.981242
0.981242
0.981242
0.981242
0.981242
0.981242
0.981242
0.981242
0.981242
0.981242
0.981242
0.981242
0.981242
0.981242
0.981241
0.981241
0.981241
0.98124
0.981239
0.981238
0.981236
0.981233
0.98123
0.981225
0.981218
0.981208
0.981195
0.98118
0.981154
0.981134
0.980911
0.980544
0.977596
0.864905
0.911539
0.861932
0.871314
0.867928
0.869515
0.868556
0.868387
0.867874
0.867578
0.867275
0.867049
0.866852
0.866694
0.866559
0.866447
0.866353
0.866272
0.866204
0.866145
0.866095
0.866052
0.866015
0.865983
0.865956
0.865932
0.865912
0.865895
0.86588
0.865868
0.865857
0.865848
0.86584
0.865834
0.865828
0.865824
0.86582
0.865817
0.865814
0.865812
0.86581
0.865808
0.865807
0.865806
0.865805
0.865804
0.865804
0.865803
0.865803
0.865802
0.865802
0.865802
0.865802
0.865802
0.865801
0.865801
0.865801
0.865801
0.865801
0.865801
0.865801
0.865801
0.865801
0.865801
0.865801
0.865801
0.865801
0.865801
0.865802
0.865802
0.865802
0.865802
0.865802
0.865802
0.865802
0.865802
0.865802
0.865802
0.865802
0.865801
0.865801
0.865801
0.865801
0.8658
0.8658
0.865799
0.865798
0.865796
0.865793
0.86579
0.865785
0.865778
0.865768
0.865756
0.865744
0.865725
0.865719
0.865547
0.865254
0.863187
0.537561
0.552164
0.517048
0.522868
0.521056
0.521988
0.521381
0.521231
0.520888
0.52068
0.520475
0.52032
0.520187
0.520079
0.519987
0.519911
0.519847
0.519793
0.519746
0.519707
0.519673
0.519644
0.519619
0.519598
0.51958
0.519564
0.519551
0.51954
0.51953
0.519522
0.519515
0.51951
0.519505
0.519501
0.519497
0.519494
0.519492
0.51949
0.519488
0.519487
0.519486
0.519485
0.519484
0.519483
0.519483
0.519482
0.519482
0.519482
0.519481
0.519481
0.519481
0.519481
0.519481
0.519481
0.519481
0.519481
0.519481
0.519481
0.519481
0.519481
0.519481
0.519481
0.519481
0.519481
0.519481
0.519481
0.519481
0.519481
0.519481
0.519481
0.519481
0.519481
0.519481
0.519481
0.519481
0.519481
0.519481
0.519481
0.519481
0.519481
0.519481
0.519481
0.51948
0.51948
0.51948
0.519479
0.519478
0.519477
0.519475
0.519473
0.51947
0.519465
0.519459
0.519451
0.519444
0.519436
0.519443
0.519361
0.519229
0.518639
)
;

boundaryField
{
    inlet
    {
        type            calculated;
        value           uniform 1;
    }
    outlet
    {
        type            calculated;
        value           nonuniform List<scalar> 
40
(
0.518639
0.863187
0.977596
1.01589
1.02902
1.03382
1.03587
1.03701
1.03784
1.03856
1.03921
1.03982
1.04037
1.04087
1.04131
1.04168
1.04198
1.04221
1.04236
1.04244
1.04244
1.04236
1.04221
1.04198
1.04168
1.04131
1.04087
1.04037
1.03982
1.03921
1.03856
1.03784
1.03701
1.03587
1.03382
1.02902
1.01589
0.977596
0.863187
0.518639
)
;
    }
    lowerWall
    {
        type            calculated;
        value           uniform 0;
    }
    upperWall
    {
        type            calculated;
        value           uniform 0;
    }
    frontAndBack
    {
        type            empty;
    }
}


// ************************************************************************* //
