/*--------------------------------*- C++ -*----------------------------------*\
  =========                 |
  \\      /  F ield         | OpenFOAM: The Open Source CFD Toolbox
   \\    /   O peration     | Website:  https://openfoam.org
    \\  /    A nd           | Version:  7
     \\/     M anipulation  |
\*---------------------------------------------------------------------------*/
FoamFile
{
    version     2.0;
    format      ascii;
    class       volScalarField;
    location    "2.5";
    object      Uy;
}
// * * * * * * * * * * * * * * * * * * * * * * * * * * * * * * * * * * * * * //

dimensions      [0 1 -1 0 0 0 0];

internalField   nonuniform List<scalar> 
4000
(
0.0563971
0.00359855
-0.00176412
-0.00200127
-0.00213076
-0.00203753
-0.00204473
-0.0020349
-0.0020443
-0.00204826
-0.00205405
-0.00205778
-0.0020612
-0.00206374
-0.00206584
-0.00206746
-0.00206879
-0.00206987
-0.00207071
-0.00207141
-0.00207203
-0.00207247
-0.00207287
-0.00207323
-0.0020735
-0.00207372
-0.00207397
-0.00207413
-0.00207427
-0.00207441
-0.00207454
-0.00207461
-0.00207469
-0.00207474
-0.00207481
-0.00207485
-0.00207489
-0.00207491
-0.00207497
-0.00207499
-0.002075
-0.002075
-0.00207504
-0.00207504
-0.00207506
-0.00207504
-0.00207505
-0.00207506
-0.00207508
-0.00207505
-0.00207508
-0.00207508
-0.00207509
-0.00207508
-0.0020751
-0.00207509
-0.0020751
-0.00207509
-0.0020751
-0.00207508
-0.00207509
-0.00207508
-0.00207509
-0.00207508
-0.00207509
-0.00207508
-0.00207509
-0.00207508
-0.00207509
-0.00207508
-0.0020751
-0.00207508
-0.00207509
-0.00207508
-0.00207509
-0.00207508
-0.00207509
-0.00207508
-0.00207509
-0.00207507
-0.00207508
-0.00207506
-0.00207506
-0.00207504
-0.00207503
-0.002075
-0.00207497
-0.00207492
-0.00207485
-0.00207476
-0.00207464
-0.0020745
-0.00207437
-0.00207435
-0.00207465
-0.00207529
-0.00207439
-0.00206119
-0.0020212
-0.00215161
0.128456
0.0160072
0.000987125
-7.11171e-05
-0.000505761
-0.000190693
-0.000202034
-0.000164265
-0.000193796
-0.000206702
-0.000226352
-0.000239331
-0.00025147
-0.000260676
-0.000267962
-0.000273684
-0.000278395
-0.000282298
-0.00028549
-0.000288129
-0.000290521
-0.00029237
-0.00029397
-0.000295425
-0.00029665
-0.000297614
-0.000298637
-0.000299391
-0.000300027
-0.000300621
-0.000301187
-0.00030155
-0.000301925
-0.000302163
-0.000302503
-0.000302695
-0.000302883
-0.000302979
-0.000303219
-0.000303321
-0.000303394
-0.000303425
-0.000303577
-0.000303588
-0.000303663
-0.000303616
-0.000303672
-0.000303718
-0.000303777
-0.000303689
-0.00030379
-0.000303778
-0.000303825
-0.000303793
-0.000303859
-0.00030381
-0.000303858
-0.000303819
-0.000303866
-0.000303802
-0.000303847
-0.000303798
-0.000303845
-0.00030381
-0.000303844
-0.000303798
-0.000303858
-0.000303822
-0.000303854
-0.000303809
-0.000303861
-0.000303821
-0.000303853
-0.000303818
-0.000303853
-0.000303814
-0.000303845
-0.000303806
-0.000303829
-0.000303793
-0.000303807
-0.000303755
-0.000303754
-0.000303684
-0.000303643
-0.000303527
-0.000303421
-0.000303228
-0.000302997
-0.000302643
-0.000302206
-0.000301649
-0.000301044
-0.000300684
-0.000300908
-0.00030146
-0.000293352
-0.000239573
-7.34757e-05
-0.000219209
0.135909
0.0244361
0.00334445
0.000824814
0.000102584
0.000607735
0.000613449
0.000677152
0.000629122
0.000605034
0.000570392
0.000546667
0.000524929
0.000508276
0.000494871
0.000484295
0.000475603
0.000468443
0.000462482
0.000457564
0.000453222
0.000449717
0.000446681
0.000444027
0.000441714
0.000439852
0.000438032
0.000436597
0.000435337
0.000434265
0.000433214
0.000432452
0.000431725
0.000431243
0.000430646
0.000430255
0.000429864
0.000429653
0.000429266
0.00042906
0.000428856
0.000428783
0.00042855
0.000428494
0.00042834
0.000428374
0.000428269
0.000428222
0.000428108
0.000428203
0.000428069
0.000428097
0.000428015
0.000428062
0.000427962
0.000428035
0.00042796
0.000428016
0.00042794
0.000428023
0.000427951
0.000428018
0.000427941
0.000427995
0.00042794
0.000428009
0.000427928
0.000427985
0.000427934
0.000428
0.000427928
0.000427985
0.000427933
0.000427986
0.000427934
0.000427991
0.000427944
0.000428003
0.000427971
0.000428032
0.000428018
0.000428103
0.00042812
0.000428242
0.000428331
0.000428541
0.000428754
0.00042912
0.000429572
0.000430251
0.000431112
0.000432218
0.000433509
0.000434518
0.000435171
0.000436343
0.000458764
0.000569048
0.00094305
0.00117799
0.123302
0.0286635
0.00469344
0.000701611
-0.000185041
0.000442852
0.000480846
0.00056273
0.000501012
0.000465633
0.000417413
0.000383119
0.000352007
0.000327674
0.000308488
0.000293514
0.000281219
0.000271135
0.000262697
0.000255725
0.000249653
0.000244681
0.000240338
0.000236588
0.000233287
0.000230591
0.000228043
0.000225958
0.000224111
0.000222613
0.000221144
0.000220009
0.000218942
0.000218246
0.000217439
0.000216846
0.00021625
0.00021593
0.000215423
0.000215119
0.00021478
0.000214657
0.000214365
0.000214266
0.000214035
0.00021405
0.000213905
0.000213856
0.000213687
0.000213783
0.000213626
0.000213655
0.00021354
0.000213598
0.000213469
0.000213559
0.000213462
0.000213531
0.000213436
0.000213532
0.000213441
0.00021352
0.000213421
0.000213489
0.000213414
0.000213501
0.000213405
0.000213475
0.00021341
0.000213493
0.000213406
0.000213474
0.000213407
0.000213475
0.000213409
0.000213479
0.000213422
0.000213497
0.000213462
0.000213544
0.000213531
0.000213648
0.000213684
0.000213855
0.000213992
0.000214291
0.000214605
0.000215131
0.000215795
0.00021678
0.000218053
0.000219708
0.000221754
0.000223646
0.000226045
0.000230495
0.000271499
0.00044409
0.0010496
0.00176925
0.109984
0.0309717
0.00569981
0.000549495
-0.000406162
0.000298293
0.000370082
0.00046314
0.000392154
0.000347402
0.000288819
0.000246261
0.000208087
0.000178141
0.000154353
0.000135697
0.000120346
0.000107775
9.72333e-05
8.84926e-05
8.09015e-05
7.46196e-05
6.90719e-05
6.42776e-05
6.00116e-05
5.6452e-05
5.31085e-05
5.03061e-05
4.79423e-05
4.60665e-05
4.42577e-05
4.28243e-05
4.1455e-05
4.05559e-05
3.95783e-05
3.88203e-05
3.80338e-05
3.76064e-05
3.69975e-05
3.66135e-05
3.61548e-05
3.59792e-05
3.56346e-05
3.54989e-05
3.52052e-05
3.51945e-05
3.50128e-05
3.49695e-05
3.47484e-05
3.484e-05
3.46655e-05
3.46888e-05
3.45399e-05
3.46124e-05
3.44562e-05
3.45547e-05
3.44401e-05
3.4524e-05
3.44144e-05
3.45216e-05
3.44136e-05
3.45057e-05
3.43883e-05
3.44688e-05
3.43752e-05
3.44761e-05
3.43688e-05
3.44486e-05
3.43678e-05
3.44656e-05
3.43665e-05
3.44449e-05
3.43652e-05
3.44465e-05
3.43695e-05
3.44515e-05
3.43862e-05
3.44739e-05
3.44354e-05
3.4537e-05
3.4526e-05
3.46686e-05
3.47235e-05
3.49367e-05
3.51144e-05
3.54864e-05
3.58909e-05
3.65522e-05
3.7392e-05
3.86358e-05
4.02642e-05
4.24114e-05
4.5209e-05
4.81421e-05
5.31524e-05
6.23071e-05
0.000123558
0.000349217
0.00116816
0.002297
0.0983073
0.0321986
0.00652575
0.000505091
-0.00047018
0.000278574
0.000381714
0.000480496
0.000404464
0.000353169
0.000288186
0.000240612
0.00019868
0.000166112
0.000139109
0.000117649
9.99504e-05
8.54877e-05
7.33841e-05
6.33471e-05
5.46366e-05
4.73963e-05
4.0999e-05
3.55008e-05
3.05959e-05
2.64723e-05
2.26494e-05
1.9439e-05
1.66581e-05
1.44556e-05
1.23728e-05
1.07153e-05
9.08667e-06
7.99008e-06
6.86641e-06
5.98043e-06
5.01999e-06
4.47976e-06
3.77332e-06
3.32156e-06
2.74314e-06
2.5011e-06
2.089e-06
1.9187e-06
1.56651e-06
1.52813e-06
1.30994e-06
1.27613e-06
1.01265e-06
1.09469e-06
9.0634e-07
9.23785e-07
7.43968e-07
8.30806e-07
6.53067e-07
7.54681e-07
6.24092e-07
7.21959e-07
6.02948e-07
7.18231e-07
5.95195e-07
6.9826e-07
5.68424e-07
6.59943e-07
5.48218e-07
6.58233e-07
5.42573e-07
6.30813e-07
5.3513e-07
6.44291e-07
5.37115e-07
6.23522e-07
5.33166e-07
6.25738e-07
5.39902e-07
6.31211e-07
5.59976e-07
6.57979e-07
6.16382e-07
7.34564e-07
7.2545e-07
8.8923e-07
9.59837e-07
1.20797e-06
1.41773e-06
1.84921e-06
2.35397e-06
3.15842e-06
4.16569e-06
5.64015e-06
7.58082e-06
1.01714e-05
1.37017e-05
1.7756e-05
2.54578e-05
3.93226e-05
0.000119312
0.000383906
0.00139853
0.0028468
0.0877039
0.0325123
0.00711787
0.000482343
-0.000482312
0.000284699
0.000417697
0.000520156
0.000441321
0.000384897
0.000314886
0.000262977
0.000217452
0.00018204
0.000152609
0.000129192
0.000109871
9.41155e-05
8.09846e-05
7.01241e-05
6.06975e-05
5.2864e-05
4.59915e-05
4.0138e-05
3.4935e-05
3.05776e-05
2.65998e-05
2.33004e-05
2.02247e-05
1.77558e-05
1.54496e-05
1.36358e-05
1.18101e-05
1.05358e-05
9.28088e-06
8.30483e-06
7.20214e-06
6.55449e-06
5.75397e-06
5.24662e-06
4.56465e-06
4.25392e-06
3.77708e-06
3.59064e-06
3.19831e-06
3.1343e-06
2.88076e-06
2.85547e-06
2.56134e-06
2.63417e-06
2.43164e-06
2.44619e-06
2.24024e-06
2.33933e-06
2.14403e-06
2.24507e-06
2.10025e-06
2.21122e-06
2.0845e-06
2.20703e-06
2.07053e-06
2.18391e-06
2.04596e-06
2.14685e-06
2.01892e-06
2.13508e-06
2.01187e-06
2.10802e-06
1.99862e-06
2.11617e-06
2.00252e-06
2.09683e-06
1.99743e-06
2.0991e-06
2.00578e-06
2.10499e-06
2.02866e-06
2.13555e-06
2.09093e-06
2.22302e-06
2.21583e-06
2.39627e-06
2.479e-06
2.75478e-06
2.9887e-06
3.46728e-06
4.03191e-06
4.97496e-06
6.13329e-06
7.80543e-06
1.00107e-05
1.29888e-05
1.72065e-05
2.23858e-05
3.25865e-05
5.0669e-05
0.000147063
0.00044616
0.0016257
0.00331291
0.0779994
0.03206
0.00746271
0.00044751
-0.000485777
0.000281022
0.000440562
0.000544552
0.00046519
0.00040539
0.000332288
0.000277423
0.000229352
0.000191818
0.00016078
0.000136097
0.000115734
9.91322e-05
8.53081e-05
7.38916e-05
6.39612e-05
5.56838e-05
4.84468e-05
4.23052e-05
3.68265e-05
3.22285e-05
2.80364e-05
2.45819e-05
2.13205e-05
1.86703e-05
1.61982e-05
1.42899e-05
1.23464e-05
1.09429e-05
9.58983e-06
8.57172e-06
7.38606e-06
6.667e-06
5.81588e-06
5.28984e-06
4.56264e-06
4.21779e-06
3.70703e-06
3.51634e-06
3.0844e-06
2.99079e-06
2.70114e-06
2.68454e-06
2.36854e-06
2.43249e-06
2.21565e-06
2.23214e-06
2.0031e-06
2.11166e-06
1.90342e-06
2.0015e-06
1.84412e-06
1.96676e-06
1.83344e-06
1.96183e-06
1.81405e-06
1.93574e-06
1.79309e-06
1.90183e-06
1.7597e-06
1.87946e-06
1.74987e-06
1.85323e-06
1.73206e-06
1.85536e-06
1.73691e-06
1.83843e-06
1.73158e-06
1.84015e-06
1.74055e-06
1.84604e-06
1.76542e-06
1.87962e-06
1.83273e-06
1.976e-06
1.97101e-06
2.1658e-06
2.25786e-06
2.5556e-06
2.80714e-06
3.33921e-06
3.93255e-06
4.92681e-06
6.15482e-06
7.93831e-06
1.03195e-05
1.3592e-05
1.84002e-05
2.46389e-05
3.74595e-05
5.98382e-05
0.00017064
0.000496069
0.00179849
0.00365053
0.0691589
0.0310028
0.00758536
0.000403809
-0.000484325
0.000267891
0.00044912
0.000552541
0.000474738
0.000413403
0.000339322
0.000283169
0.000233993
0.000195484
0.000163721
0.000138453
0.000117615
0.000100625
8.64574e-05
7.47678e-05
6.45925e-05
5.60844e-05
4.86489e-05
4.23496e-05
3.67029e-05
3.19609e-05
2.76238e-05
2.40557e-05
2.07036e-05
1.79639e-05
1.53878e-05
1.3431e-05
1.14395e-05
9.96516e-06
8.54683e-06
7.52104e-06
6.30563e-06
5.55276e-06
4.68908e-06
4.17355e-06
3.44605e-06
3.09778e-06
2.57466e-06
2.38341e-06
1.93333e-06
1.82245e-06
1.5051e-06
1.49752e-06
1.16372e-06
1.21997e-06
9.83935e-07
1.00828e-06
7.5346e-07
8.69425e-07
6.50733e-07
7.45631e-07
5.76807e-07
7.09187e-07
5.70131e-07
7.03509e-07
5.46592e-07
6.7491e-07
5.29213e-07
6.45058e-07
4.90456e-07
6.11989e-07
4.76947e-07
5.86812e-07
4.56062e-07
5.82911e-07
4.61117e-07
5.68793e-07
4.55898e-07
5.69381e-07
4.64234e-07
5.74865e-07
4.90379e-07
6.10715e-07
5.62526e-07
7.14641e-07
7.12024e-07
9.25146e-07
1.02619e-06
1.34454e-06
1.60791e-06
2.16094e-06
2.76788e-06
3.74275e-06
4.97166e-06
6.7905e-06
9.2641e-06
1.27355e-05
1.80133e-05
2.51744e-05
4.0372e-05
6.65348e-05
0.000188543
0.00053036
0.00191149
0.00385969
0.0610858
0.0294675
0.00751457
0.000357653
-0.000476332
0.000249127
0.000446219
0.000547252
0.000472695
0.000411502
0.000338313
0.000282385
0.000233418
0.000194976
0.000163311
0.000138109
0.000117328
0.000100385
8.6228e-05
7.45485e-05
6.43904e-05
5.5886e-05
4.84393e-05
4.21341e-05
3.64629e-05
3.17135e-05
2.73557e-05
2.37623e-05
2.03963e-05
1.76485e-05
1.50305e-05
1.30569e-05
1.10637e-05
9.56809e-06
8.10752e-06
7.08551e-06
5.86702e-06
5.10109e-06
4.23242e-06
3.72982e-06
3.00355e-06
2.65531e-06
2.12624e-06
1.94421e-06
1.50784e-06
1.39605e-06
1.06543e-06
1.06853e-06
7.28404e-07
7.78558e-07
5.33926e-07
5.68527e-07
3.01051e-07
4.19233e-07
1.95748e-07
2.89236e-07
1.09604e-07
2.4953e-07
1.0444e-07
2.43839e-07
7.82518e-08
2.13242e-07
6.3647e-08
1.87422e-07
2.10376e-08
1.44025e-07
3.76717e-09
1.19851e-07
-1.82801e-08
1.1008e-07
-1.34244e-08
9.84086e-08
-1.87036e-08
9.75355e-08
-1.28193e-08
1.02522e-07
1.35389e-08
1.40374e-07
9.16006e-08
2.50999e-07
2.49914e-07
4.69223e-07
5.72174e-07
8.98213e-07
1.16218e-06
1.69535e-06
2.28262e-06
3.24202e-06
4.46323e-06
6.29107e-06
8.80887e-06
1.24039e-05
1.80257e-05
2.59213e-05
4.30247e-05
7.20949e-05
0.000201474
0.000550009
0.00196697
0.00394859
0.0536592
0.0275479
0.00727425
0.000312093
-0.000461469
0.000226584
0.00043307
0.000530106
0.000460115
0.000400551
0.000329867
0.000275475
0.000227863
0.000190395
0.00015956
0.000135023
0.000114779
9.82727e-05
8.44592e-05
7.30582e-05
6.31496e-05
5.48599e-05
4.7578e-05
4.14087e-05
3.58458e-05
3.12109e-05
2.69462e-05
2.34162e-05
2.01035e-05
1.74187e-05
1.48263e-05
1.28709e-05
1.0912e-05
9.44187e-06
7.96889e-06
6.96138e-06
5.76365e-06
5.00688e-06
4.14232e-06
3.65576e-06
2.93331e-06
2.5893e-06
2.05309e-06
1.87699e-06
1.44608e-06
1.33512e-06
9.968e-07
1.0116e-06
6.76166e-07
7.2229e-07
4.817e-07
5.27507e-07
2.6149e-07
3.77076e-07
1.54814e-07
2.49005e-07
6.20565e-08
2.05033e-07
5.79102e-08
2.0105e-07
3.05263e-08
1.69297e-07
1.78161e-08
1.47001e-07
-2.64749e-08
9.48295e-08
-4.84248e-08
7.2167e-08
-7.07424e-08
5.74673e-08
-6.6778e-08
4.83171e-08
-7.21599e-08
4.51889e-08
-6.86447e-08
4.84492e-08
-4.31926e-08
8.70988e-08
3.83128e-08
2.0245e-07
2.01696e-07
4.13793e-07
5.11014e-07
8.31151e-07
1.0861e-06
1.60576e-06
2.17608e-06
3.12269e-06
4.32618e-06
6.13638e-06
8.64866e-06
1.2286e-05
1.81048e-05
2.64979e-05
4.4918e-05
7.58671e-05
0.000208571
0.000554709
0.0019668
0.00392527
0.0467722
0.0253165
0.00688519
0.000268537
-0.000439641
0.000201584
0.000410609
0.000502159
0.000437752
0.000381134
0.000314365
0.000262661
0.000217421
0.000181748
0.000152394
0.000129057
0.000109786
9.40628e-05
8.08953e-05
7.00244e-05
6.05704e-05
5.2675e-05
4.57191e-05
3.98204e-05
3.44864e-05
3.00679e-05
2.59922e-05
2.26105e-05
1.94172e-05
1.68552e-05
1.43567e-05
1.24629e-05
1.05713e-05
9.16943e-06
7.72208e-06
6.74649e-06
5.59618e-06
4.87484e-06
4.03198e-06
3.57217e-06
2.86737e-06
2.53914e-06
2.00648e-06
1.83709e-06
1.41252e-06
1.30802e-06
9.65902e-07
9.92115e-07
6.62401e-07
7.0691e-07
4.69027e-07
5.28497e-07
2.61743e-07
3.74339e-07
1.54424e-07
2.51347e-07
6.15822e-08
2.02939e-07
5.78927e-08
2.02506e-07
3.17848e-08
1.70551e-07
1.99348e-08
1.50915e-07
-2.39393e-08
9.24946e-08
-5.16131e-08
7.17296e-08
-7.33424e-08
5.34542e-08
-7.10803e-08
4.68045e-08
-7.65513e-08
4.04286e-08
-7.50596e-08
4.07143e-08
-5.08115e-08
7.89774e-08
3.01917e-08
1.96307e-07
1.95203e-07
4.03119e-07
4.9391e-07
8.06521e-07
1.04868e-06
1.55155e-06
2.09691e-06
3.01208e-06
4.17169e-06
5.92495e-06
8.37168e-06
1.19589e-05
1.78065e-05
2.64215e-05
4.54932e-05
7.72136e-05
0.000209162
0.000544299
0.00191357
0.00379832
0.0403353
0.0228326
0.00636649
0.000227754
-0.000410624
0.000175389
0.000379987
0.000464646
0.000406598
0.000354077
0.000292457
0.000244461
0.000202487
0.000169348
0.000142054
0.000120383
0.000102481
8.7855e-05
7.55996e-05
6.54879e-05
5.66748e-05
4.9328e-05
4.28428e-05
3.7344e-05
3.23507e-05
2.8236e-05
2.44293e-05
2.12783e-05
1.82716e-05
1.58819e-05
1.35379e-05
1.17544e-05
9.96104e-06
8.66211e-06
7.27956e-06
6.35755e-06
5.27856e-06
4.61671e-06
3.81384e-06
3.3936e-06
2.72207e-06
2.42114e-06
1.90576e-06
1.74785e-06
1.33636e-06
1.24592e-06
9.06481e-07
9.44634e-07
6.23839e-07
6.69052e-07
4.36499e-07
5.10881e-07
2.45649e-07
3.54883e-07
1.38255e-07
2.40118e-07
5.04609e-08
1.87851e-07
4.39481e-08
1.91822e-07
2.26245e-08
1.60576e-07
1.04438e-08
1.42379e-07
-3.15341e-08
8.06058e-08
-6.4636e-08
6.12254e-08
-8.39282e-08
4.05587e-08
-8.38906e-08
3.54118e-08
-8.97226e-08
2.5219e-08
-9.15478e-08
2.24879e-08
-6.80262e-08
6.05652e-08
1.10386e-08
1.77417e-07
1.75141e-07
3.77351e-07
4.59157e-07
7.59547e-07
9.83452e-07
1.45944e-06
1.9657e-06
2.82764e-06
3.91494e-06
5.57091e-06
7.89119e-06
1.13334e-05
1.70324e-05
2.55722e-05
4.45879e-05
7.59391e-05
0.000203147
0.000519248
0.00181102
0.00357729
0.0342725
0.0201446
0.00573597
0.000190043
-0.000374318
0.000149049
0.000342409
0.000418854
0.000367743
0.000320309
0.000264899
0.000221508
0.000183573
0.000153617
0.000128895
0.000109295
9.31098e-05
7.98661e-05
6.87514e-05
5.9599e-05
5.1597e-05
4.49361e-05
3.90475e-05
3.40667e-05
2.95176e-05
2.57846e-05
2.23131e-05
1.94677e-05
1.6715e-05
1.45409e-05
1.24003e-05
1.07764e-05
9.11272e-06
7.94288e-06
6.66119e-06
5.81717e-06
4.82887e-06
4.24598e-06
3.49959e-06
3.13132e-06
2.50741e-06
2.2424e-06
1.75634e-06
1.61703e-06
1.22447e-06
1.15458e-06
8.24258e-07
8.75432e-07
5.68202e-07
6.16344e-07
3.92682e-07
4.82889e-07
2.23479e-07
3.2961e-07
1.1725e-07
2.25485e-07
3.94499e-08
1.71345e-07
2.75282e-08
1.79344e-07
1.37009e-08
1.50176e-07
3.1597e-10
1.32144e-07
-3.85522e-08
7.02076e-08
-7.61439e-08
5.15477e-08
-9.18271e-08
3.00396e-08
-9.45315e-08
2.51132e-08
-1.00943e-07
1.08425e-08
-1.06771e-07
4.87838e-09
-8.40246e-08
4.31812e-08
-7.79593e-09
1.56763e-07
1.52333e-07
3.45492e-07
4.14849e-07
6.97166e-07
8.97018e-07
1.33645e-06
1.79183e-06
2.58193e-06
3.57133e-06
5.09287e-06
7.2292e-06
1.04342e-05
1.58068e-05
2.39688e-05
4.22128e-05
7.2069e-05
0.000190762
0.00048048
0.00166372
0.00327238
0.0285174
0.0172927
0.00501033
0.000155332
-0.000330912
0.000123297
0.000299015
0.000366018
0.000322269
0.000280757
0.000232447
0.000194442
0.000161205
0.00013498
0.000113282
9.60976e-05
8.19291e-05
7.03195e-05
6.05411e-05
5.25158e-05
4.54777e-05
3.96275e-05
3.44427e-05
3.00808e-05
2.60677e-05
2.27882e-05
1.97086e-05
1.72305e-05
1.47959e-05
1.28785e-05
1.09786e-05
9.55986e-06
8.05921e-06
7.03833e-06
5.88797e-06
5.14806e-06
4.26634e-06
3.77722e-06
3.10227e-06
2.79761e-06
2.23462e-06
2.01228e-06
1.56446e-06
1.45234e-06
1.08436e-06
1.03929e-06
7.23223e-07
7.88453e-07
4.99676e-07
5.53186e-07
3.39932e-07
4.47124e-07
1.97591e-07
3.0158e-07
9.43693e-08
2.09217e-07
3.02132e-08
1.56415e-07
1.13758e-08
1.66779e-07
6.407e-09
1.41445e-07
-8.441e-09
1.22409e-07
-4.33369e-08
6.33088e-08
-8.37136e-08
4.47306e-08
-9.53516e-08
2.39137e-08
-1.01054e-07
1.76207e-08
-1.08354e-07
-5.02658e-10
-1.18438e-07
-9.86977e-09
-9.7068e-08
2.92463e-08
-2.36104e-08
1.36822e-07
1.29236e-07
3.10788e-07
3.64668e-07
6.23946e-07
7.9458e-07
1.19002e-06
1.58474e-06
2.28728e-06
3.15603e-06
4.50946e-06
6.40882e-06
9.28972e-06
1.41646e-05
2.16548e-05
3.84365e-05
6.57317e-05
0.000172455
0.000429223
0.00147679
0.0028942
0.0230113
0.0143111
0.00420542
0.000123308
-0.000280902
9.85618e-05
0.000250862
0.000307315
0.000271227
0.000236335
0.000195854
0.000163894
0.00013591
0.000113865
9.55774e-05
8.11038e-05
6.91969e-05
5.94365e-05
5.1161e-05
4.44016e-05
3.84591e-05
3.35312e-05
2.91407e-05
2.54789e-05
2.20788e-05
1.93194e-05
1.6683e-05
1.46188e-05
1.25577e-05
1.09381e-05
9.30725e-06
8.1312e-06
6.82814e-06
5.97268e-06
4.97705e-06
4.36682e-06
3.6057e-06
3.22071e-06
2.63084e-06
2.40024e-06
1.91013e-06
1.73649e-06
1.33308e-06
1.25705e-06
9.1978e-07
9.02032e-07
6.04346e-07
6.84321e-07
4.19017e-07
4.80769e-07
2.7825e-07
4.02468e-07
1.66376e-07
2.69763e-07
6.86672e-08
1.89184e-07
1.99674e-08
1.41576e-07
-5.75609e-09
1.51806e-07
-1.6719e-09
1.32201e-07
-1.75885e-08
1.11304e-07
-4.82178e-08
5.75482e-08
-8.91796e-08
3.87237e-08
-9.70914e-08
1.97979e-08
-1.0572e-07
1.0642e-08
-1.14561e-07
-1.07839e-08
-1.28789e-07
-2.36754e-08
-1.08948e-07
1.66403e-08
-3.81941e-08
1.15779e-07
1.03969e-07
2.72314e-07
3.08518e-07
5.40611e-07
6.77591e-07
1.02277e-06
1.34847e-06
1.94993e-06
2.67814e-06
3.83365e-06
5.44853e-06
7.92637e-06
1.21456e-05
1.8691e-05
3.33746e-05
5.71418e-05
0.000148841
0.000366959
0.00125575
0.00245364
0.0177018
0.0112289
0.00333643
9.35281e-05
-0.000225064
7.50137e-05
0.000198932
0.000243883
0.00021565
0.000187945
0.000155869
0.000130488
0.000108216
9.07095e-05
7.6149e-05
6.46334e-05
5.5181e-05
4.74431e-05
4.08117e-05
3.54316e-05
3.06926e-05
2.67816e-05
2.32607e-05
2.03621e-05
1.76352e-05
1.54549e-05
1.33101e-05
1.16921e-05
1.00471e-05
8.76554e-06
7.42709e-06
6.52081e-06
5.44808e-06
4.77379e-06
3.94894e-06
3.49056e-06
2.86326e-06
2.58906e-06
2.09581e-06
1.94808e-06
1.54079e-06
1.42188e-06
1.067e-06
1.03472e-06
7.34917e-07
7.45873e-07
4.6965e-07
5.64677e-07
3.27297e-07
4.00804e-07
2.08376e-07
3.48633e-07
1.29556e-07
2.34023e-07
4.04739e-08
1.65042e-07
7.07145e-09
1.26323e-07
-2.36062e-08
1.33889e-07
-1.13662e-08
1.21662e-07
-2.73705e-08
9.85624e-08
-5.39236e-08
5.20718e-08
-9.3079e-08
3.30968e-08
-9.80643e-08
1.65628e-08
-1.09266e-07
3.23522e-09
-1.20605e-07
-2.09224e-08
-1.384e-07
-3.71642e-08
-1.20397e-07
4.21877e-09
-5.24368e-08
9.28775e-08
7.55802e-08
2.29525e-07
2.46494e-07
4.48093e-07
5.476e-07
8.37148e-07
1.08673e-06
1.57578e-06
2.14687e-06
3.07935e-06
4.36891e-06
6.37526e-06
9.80031e-06
1.51614e-05
2.7191e-05
4.65951e-05
0.000120687
0.000295392
0.00100642
0.00196181
0.0125407
0.00807197
0.00241805
6.5488e-05
-0.000164421
5.2613e-05
0.000144137
0.00017682
0.000156558
0.000136477
0.000113247
9.48525e-05
7.86552e-05
6.59623e-05
5.53712e-05
4.70117e-05
4.01579e-05
3.45726e-05
2.9701e-05
2.57912e-05
2.23383e-05
1.95182e-05
1.69264e-05
1.48399e-05
1.28296e-05
1.12761e-05
9.66754e-06
8.51802e-06
7.31658e-06
6.40914e-06
5.38424e-06
4.76451e-06
3.94906e-06
3.47247e-06
2.82836e-06
2.53784e-06
2.05683e-06
1.89785e-06
1.50966e-06
1.45167e-06
1.13452e-06
1.07656e-06
7.73158e-07
7.89821e-07
5.34083e-07
5.74871e-07
3.22253e-07
4.32472e-07
2.26181e-07
3.1554e-07
1.32508e-07
2.86523e-07
8.76993e-08
1.95151e-07
1.07559e-08
1.37849e-07
-8.86675e-09
1.10786e-07
-4.09785e-08
1.13961e-07
-2.25097e-08
1.10167e-07
-3.70715e-08
8.51423e-08
-6.00324e-08
4.72854e-08
-9.49169e-08
2.87212e-08
-9.80415e-08
1.42859e-08
-1.11391e-07
-4.10569e-09
-1.26465e-07
-3.06683e-08
-1.46943e-07
-4.98537e-08
-1.31412e-07
-8.32973e-09
-6.66342e-08
6.81512e-08
4.38334e-08
1.82379e-07
1.7904e-07
3.47598e-07
4.06396e-07
6.35857e-07
8.03625e-07
1.1715e-06
1.57253e-06
2.26215e-06
3.1934e-06
4.67263e-06
7.19016e-06
1.117e-05
2.00916e-05
3.44555e-05
8.88785e-05
0.000216404
0.000734875
0.00142997
0.00748344
0.00486334
0.00146465
3.86714e-05
-0.000100196
3.11569e-05
8.73334e-05
0.000107194
9.49609e-05
8.28126e-05
6.87451e-05
5.76174e-05
4.77556e-05
4.00772e-05
3.36241e-05
2.85662e-05
2.44114e-05
2.10661e-05
1.80428e-05
1.56721e-05
1.35615e-05
1.18839e-05
1.02647e-05
9.02686e-06
7.76198e-06
6.8682e-06
5.83301e-06
5.16847e-06
4.42388e-06
3.91848e-06
3.22707e-06
2.90249e-06
2.36202e-06
2.09996e-06
1.64295e-06
1.52859e-06
1.20433e-06
1.1645e-06
8.86103e-07
9.22367e-07
6.99878e-07
7.08993e-07
4.5957e-07
5.27475e-07
3.21029e-07
3.93274e-07
1.65716e-07
2.91271e-07
1.17409e-07
2.2677e-07
5.31681e-08
2.1765e-07
4.13131e-08
1.54019e-07
-1.9804e-08
1.08929e-07
-2.77684e-08
9.48294e-08
-5.69771e-08
9.33269e-08
-3.47904e-08
9.81481e-08
-4.60699e-08
7.21137e-08
-6.59851e-08
4.36966e-08
-9.43361e-08
2.64182e-08
-9.66374e-08
1.31132e-08
-1.11851e-07
-1.0719e-08
-1.31931e-07
-3.97547e-08
-1.54072e-07
-6.11665e-08
-1.41845e-07
-2.11045e-08
-8.10333e-08
4.18647e-08
8.78402e-09
1.30969e-07
1.06576e-07
2.40309e-07
2.55894e-07
4.21862e-07
5.03731e-07
7.44389e-07
9.66161e-07
1.39863e-06
1.94729e-06
2.85843e-06
4.38464e-06
6.83724e-06
1.23144e-05
2.11403e-05
5.43959e-05
0.000132019
0.000447347
0.000869466
0.00248756
0.00162437
0.000490318
1.25751e-05
-3.37603e-05
1.03241e-05
2.93385e-05
3.60452e-05
3.18666e-05
2.78264e-05
2.31168e-05
1.94194e-05
1.60481e-05
1.35105e-05
1.12927e-05
9.62645e-06
8.23025e-06
7.17213e-06
6.05498e-06
5.2688e-06
4.53043e-06
4.02433e-06
3.40527e-06
3.04004e-06
2.53705e-06
2.32002e-06
1.88351e-06
1.71693e-06
1.43173e-06
1.34453e-06
1.00396e-06
9.77748e-07
7.19341e-07
6.86582e-07
4.21898e-07
4.84447e-07
3.23331e-07
4.07136e-07
2.40065e-07
3.7207e-07
2.46163e-07
3.27671e-07
1.34683e-07
2.53559e-07
9.92202e-08
2.05189e-07
3.95027e-09
1.44954e-07
2.98808e-09
1.35728e-07
-2.72219e-08
1.44063e-07
-9.15931e-09
1.11348e-07
-5.08644e-08
7.93719e-08
-4.9181e-08
7.79291e-08
-7.13836e-08
7.31066e-08
-4.79806e-08
8.56951e-08
-5.42006e-08
6.01366e-08
-7.14765e-08
4.13974e-08
-9.14716e-08
2.64466e-08
-9.36888e-08
1.2963e-08
-1.10816e-07
-1.60825e-08
-1.36804e-07
-4.80762e-08
-1.59664e-07
-7.0639e-08
-1.51378e-07
-3.39392e-08
-9.56242e-08
1.46172e-08
-2.89383e-08
7.58628e-08
2.9976e-08
1.27882e-07
9.8677e-08
1.98904e-07
1.92374e-07
3.02469e-07
3.3948e-07
5.06123e-07
6.57295e-07
9.75309e-07
1.45907e-06
2.29455e-06
4.12117e-06
7.10445e-06
1.82832e-05
4.43555e-05
0.000150184
0.000291749
-0.00248801
-0.0016246
-0.000490958
-1.32846e-05
3.34204e-05
-1.02828e-05
-2.90534e-05
-3.56083e-05
-3.17215e-05
-2.76062e-05
-2.28867e-05
-1.91011e-05
-1.5934e-05
-1.32824e-05
-1.12347e-05
-9.47675e-06
-8.09371e-06
-6.85507e-06
-6.04248e-06
-5.22385e-06
-4.58588e-06
-3.9126e-06
-3.52009e-06
-3.00277e-06
-2.73826e-06
-2.27653e-06
-2.10413e-06
-1.76369e-06
-1.5939e-06
-1.25982e-06
-1.23774e-06
-9.65632e-07
-9.44502e-07
-7.38509e-07
-8.05495e-07
-5.70993e-07
-5.6849e-07
-3.56278e-07
-4.12345e-07
-1.86662e-07
-2.16526e-07
-5.87709e-08
-1.9295e-07
-2.52317e-08
-1.2747e-07
1.45282e-08
-1.58726e-07
-2.33293e-09
-1.14478e-07
4.34563e-08
-1.06474e-07
6.8285e-08
-6.29795e-08
6.76786e-08
-8.2167e-08
4.98805e-08
-7.22908e-08
5.94568e-08
-8.45781e-08
5.39952e-08
-6.1941e-08
7.25232e-08
-6.17848e-08
4.93385e-08
-7.64812e-08
3.99937e-08
-8.68691e-08
2.84696e-08
-8.93025e-08
1.35455e-08
-1.08766e-07
-2.00082e-08
-1.40819e-07
-5.56014e-08
-1.63699e-07
-7.79143e-08
-1.59441e-07
-4.6297e-08
-1.09903e-07
-1.25295e-08
-6.79126e-08
1.84518e-08
-4.90028e-08
1.28688e-08
-6.16661e-08
-2.82658e-08
-1.2422e-07
-1.45561e-07
-2.95098e-07
-3.9733e-07
-6.48748e-07
-9.32189e-07
-1.5076e-06
-2.31948e-06
-4.21279e-06
-7.17414e-06
-1.83769e-05
-4.44064e-05
-0.000150197
-0.000291713
-0.00748389
-0.00486359
-0.00146526
-3.93805e-05
9.98503e-05
-3.10933e-05
-8.70532e-05
-0.000106755
-9.48041e-05
-8.26064e-05
-6.85162e-05
-5.73029e-05
-4.76535e-05
-3.98475e-05
-3.35686e-05
-2.84112e-05
-2.42684e-05
-2.07588e-05
-1.80287e-05
-1.56118e-05
-1.36177e-05
-1.17778e-05
-1.03778e-05
-8.98391e-06
-7.95734e-06
-6.82782e-06
-6.05202e-06
-5.20204e-06
-4.58608e-06
-3.83971e-06
-3.45185e-06
-2.88422e-06
-2.59307e-06
-2.14677e-06
-2.01116e-06
-1.61268e-06
-1.45276e-06
-1.10877e-06
-1.05436e-06
-7.40559e-07
-6.77497e-07
-4.41574e-07
-5.1495e-07
-3.01639e-07
-3.54263e-07
-1.74903e-07
-3.17768e-07
-1.46241e-07
-2.31737e-07
-4.88243e-08
-1.82701e-07
-6.95966e-09
-1.18834e-07
2.34433e-08
-1.1334e-07
2.0864e-08
-9.60021e-08
3.90835e-08
-9.72262e-08
3.62426e-08
-7.64149e-08
5.8222e-08
-6.93719e-08
3.94421e-08
-8.10699e-08
3.88232e-08
-8.12501e-08
3.17692e-08
-8.37779e-08
1.44943e-08
-1.06259e-07
-2.26399e-08
-1.43641e-07
-6.22684e-08
-1.66192e-07
-8.28157e-08
-1.65323e-07
-5.74242e-08
-1.23008e-07
-3.82633e-08
-1.06197e-07
-3.91834e-08
-1.27877e-07
-1.0147e-07
-2.20878e-07
-2.54308e-07
-4.39272e-07
-5.90645e-07
-9.24711e-07
-1.29311e-06
-1.94228e-06
-2.81855e-06
-4.43508e-06
-6.86381e-06
-1.24072e-05
-2.121e-05
-5.44885e-05
-0.000132069
-0.00044736
-0.000869433
-0.0125412
-0.00807226
-0.00241862
-6.61903e-05
0.000164065
-5.25202e-05
-0.000143863
-0.00017638
-0.000156385
-0.000136291
-0.000113023
-9.45476e-05
-7.85709e-05
-6.57318e-05
-5.53206e-05
-4.68447e-05
-4.00037e-05
-3.42832e-05
-2.96838e-05
-2.5703e-05
-2.2395e-05
-1.94216e-05
-1.70343e-05
-1.47865e-05
-1.30156e-05
-1.12403e-05
-9.88082e-06
-8.52857e-06
-7.47921e-06
-6.3392e-06
-5.593e-06
-4.73643e-06
-4.18891e-06
-3.5095e-06
-3.16919e-06
-2.61531e-06
-2.30999e-06
-1.83466e-06
-1.6696e-06
-1.27574e-06
-1.12584e-06
-8.12021e-07
-8.23355e-07
-5.68294e-07
-5.75441e-07
-3.59249e-07
-4.68806e-07
-2.824e-07
-3.45098e-07
-1.39483e-07
-2.54328e-07
-7.90593e-08
-1.74792e-07
-2.08455e-08
-1.43818e-07
-7.31063e-09
-1.19067e-07
1.71337e-08
-1.09826e-07
1.98548e-08
-9.08327e-08
4.26568e-08
-7.73618e-08
3.00694e-08
-8.51986e-08
3.73277e-08
-7.52482e-08
3.55695e-08
-7.74755e-08
1.55092e-08
-1.0372e-07
-2.43444e-08
-1.45003e-07
-6.79825e-08
-1.67246e-07
-8.54802e-08
-1.68504e-07
-6.66933e-08
-1.34155e-07
-6.14706e-08
-1.41932e-07
-9.48023e-08
-2.04054e-07
-2.1186e-07
-3.74791e-07
-4.73996e-07
-7.46001e-07
-1.02372e-06
-1.5364e-06
-2.16235e-06
-3.19459e-06
-4.63839e-06
-7.24408e-06
-1.11995e-05
-2.01861e-05
-3.45252e-05
-8.89688e-05
-0.000216453
-0.00073489
-0.00142993
-0.0177022
-0.0112292
-0.00333694
-9.42085e-05
0.000224694
-7.49053e-05
-0.000198662
-0.000243445
-0.000215469
-0.000187776
-0.000155656
-0.0001302
-0.000108146
-9.04825e-05
-7.61052e-05
-6.44466e-05
-5.50137e-05
-4.71762e-05
-4.079e-05
-3.53085e-05
-3.07486e-05
-2.6695e-05
-2.33586e-05
-2.02952e-05
-1.78113e-05
-1.54222e-05
-1.35105e-05
-1.16752e-05
-1.02108e-05
-8.70276e-06
-7.61636e-06
-6.48293e-06
-5.695e-06
-4.79734e-06
-4.25586e-06
-3.55467e-06
-3.11965e-06
-2.51929e-06
-2.24308e-06
-1.77803e-06
-1.55066e-06
-1.16166e-06
-1.11077e-06
-8.1814e-07
-7.84726e-07
-5.3443e-07
-6.0804e-07
-4.06716e-07
-4.5075e-07
-2.26425e-07
-3.20039e-07
-1.45724e-07
-2.28486e-07
-6.43637e-08
-1.72847e-07
-3.40536e-08
-1.40232e-07
-5.28933e-09
-1.22374e-07
4.88026e-09
-1.04246e-07
2.62838e-08
-8.57269e-08
2.10856e-08
-8.8605e-08
3.53755e-08
-6.92237e-08
3.93195e-08
-7.06925e-08
1.64661e-08
-1.01325e-07
-2.55583e-08
-1.44842e-07
-7.2658e-08
-1.67105e-07
-8.63871e-08
-1.68934e-07
-7.38768e-08
-1.43017e-07
-8.1624e-08
-1.73875e-07
-1.46575e-07
-2.75444e-07
-3.15695e-07
-5.19934e-07
-6.8267e-07
-1.03796e-06
-1.43588e-06
-2.11741e-06
-2.98639e-06
-4.37749e-06
-6.34766e-06
-9.85856e-06
-1.51942e-05
-2.72875e-05
-4.66643e-05
-0.000120774
-0.000295438
-0.00100644
-0.00196178
-0.0230118
-0.0143114
-0.00420589
-0.000123945
0.000280515
-9.84643e-05
-0.000250592
-0.000306888
-0.00027105
-0.000236174
-0.000195661
-0.000163626
-0.000135843
-0.000113648
-9.55404e-05
-8.08899e-05
-6.90179e-05
-5.91923e-05
-5.11335e-05
-4.42431e-05
-3.85121e-05
-3.34514e-05
-2.92237e-05
-2.5398e-05
-2.22466e-05
-1.92856e-05
-1.6862e-05
-1.45758e-05
-1.27221e-05
-1.0877e-05
-9.47778e-06
-8.08651e-06
-7.07608e-06
-5.98053e-06
-5.24912e-06
-4.40881e-06
-3.86075e-06
-3.14833e-06
-2.76194e-06
-2.23361e-06
-1.94118e-06
-1.48254e-06
-1.3705e-06
-1.04473e-06
-9.75911e-07
-6.96099e-07
-7.32446e-07
-5.15729e-07
-5.45071e-07
-3.07185e-07
-3.78707e-07
-2.05084e-07
-2.77462e-07
-1.0586e-07
-1.99542e-07
-5.8479e-08
-1.58391e-07
-2.65276e-08
-1.34283e-07
-8.49326e-09
-1.15517e-07
1.01689e-08
-9.40071e-08
1.2724e-08
-9.08657e-08
3.32926e-08
-6.3222e-08
4.28205e-08
-6.36019e-08
1.74741e-08
-9.89961e-08
-2.6611e-08
-1.43306e-07
-7.61534e-08
-1.6607e-07
-8.61513e-08
-1.6705e-07
-7.9151e-08
-1.4979e-07
-9.88293e-08
-2.01537e-07
-1.93342e-07
-3.4068e-07
-4.11265e-07
-6.53671e-07
-8.76224e-07
-1.30909e-06
-1.81849e-06
-2.65544e-06
-3.74732e-06
-5.46411e-06
-7.90498e-06
-1.22082e-05
-1.87271e-05
-3.34724e-05
-5.72101e-05
-0.000148925
-0.000367003
-0.00125576
-0.00245362
-0.0285178
-0.017293
-0.00501076
-0.000155903
0.000330511
-0.000123234
-0.00029874
-0.000365612
-0.000322112
-0.000280596
-0.000232282
-0.000194196
-0.00016113
-0.00013478
-0.000113249
-9.58532e-05
-8.17426e-05
-7.00935e-05
-6.05063e-05
-5.23277e-05
-4.55246e-05
-3.95488e-05
-3.45086e-05
-2.99874e-05
-2.62281e-05
-2.27474e-05
-1.98599e-05
-1.71664e-05
-1.49589e-05
-1.28124e-05
-1.11348e-05
-9.51207e-06
-8.2999e-06
-7.03015e-06
-6.12815e-06
-5.15881e-06
-4.51325e-06
-3.70742e-06
-3.2157e-06
-2.63016e-06
-2.28697e-06
-1.76758e-06
-1.5969e-06
-1.24264e-06
-1.14367e-06
-8.39997e-07
-8.39895e-07
-6.0711e-07
-6.2508e-07
-3.7934e-07
-4.29551e-07
-2.55938e-07
-3.19749e-07
-1.4394e-07
-2.23195e-07
-7.97844e-08
-1.72936e-07
-4.50918e-08
-1.44785e-07
-2.02196e-08
-1.23925e-07
-4.56663e-09
-1.01738e-07
5.26946e-09
-9.17671e-08
3.14811e-08
-5.7234e-08
4.59153e-08
-5.64284e-08
1.86017e-08
-9.66422e-08
-2.7759e-08
-1.40811e-07
-7.85109e-08
-1.64531e-07
-8.54814e-08
-1.63714e-07
-8.30733e-08
-1.55104e-07
-1.13691e-07
-2.2511e-07
-2.34668e-07
-3.99065e-07
-4.97637e-07
-7.74088e-07
-1.05103e-06
-1.55386e-06
-2.16357e-06
-3.13916e-06
-4.4288e-06
-6.42995e-06
-9.27316e-06
-1.42309e-05
-2.16933e-05
-3.85347e-05
-6.57985e-05
-0.000172535
-0.000429263
-0.00147681
-0.00289417
-0.0342728
-0.0201449
-0.00573636
-0.000190538
0.00037391
-0.00014903
-0.00034213
-0.000418478
-0.000367618
-0.000320149
-0.000264766
-0.000221278
-0.000183483
-0.000153435
-0.00012886
-0.000109023
-9.29217e-05
-7.96511e-05
-6.87089e-05
-5.93906e-05
-5.16342e-05
-4.48526e-05
-3.90993e-05
-3.39633e-05
-2.9668e-05
-2.57307e-05
-2.24352e-05
-1.93881e-05
-1.68722e-05
-1.4465e-05
-1.25486e-05
-1.07276e-05
-9.33838e-06
-7.92036e-06
-6.87376e-06
-5.78942e-06
-5.06012e-06
-4.18291e-06
-3.59662e-06
-2.95846e-06
-2.57889e-06
-2.01127e-06
-1.78618e-06
-1.40819e-06
-1.28455e-06
-9.62889e-07
-9.29493e-07
-6.80435e-07
-6.89332e-07
-4.41518e-07
-4.72833e-07
-2.98578e-07
-3.54915e-07
-1.78199e-07
-2.44248e-07
-9.85285e-08
-1.84712e-07
-6.1134e-08
-1.54162e-07
-3.12551e-08
-1.30364e-07
-1.79395e-08
-1.09506e-07
-1.99752e-09
-9.22662e-08
2.9454e-08
-5.23296e-08
4.76656e-08
-5.05081e-08
1.90292e-08
-9.51234e-08
-2.97528e-08
-1.38618e-07
-8.06165e-08
-1.63497e-07
-8.55384e-08
-1.6055e-07
-8.69008e-08
-1.60376e-07
-1.27655e-07
-2.45854e-07
-2.71241e-07
-4.50849e-07
-5.74756e-07
-8.80226e-07
-1.20447e-06
-1.76791e-06
-2.46469e-06
-3.55911e-06
-5.01711e-06
-7.25426e-06
-1.04211e-05
-1.58759e-05
-2.40093e-05
-4.23105e-05
-7.2134e-05
-0.00019084
-0.000480516
-0.00166373
-0.00327235
-0.0403356
-0.0228329
-0.00636684
-0.000228177
0.000410222
-0.000175403
-0.000379708
-0.000464307
-0.000406512
-0.00035393
-0.000292355
-0.000244244
-0.000202385
-0.000169182
-0.000142009
-0.000120094
-0.000102297
-8.76448e-05
-7.55507e-05
-6.52677e-05
-5.66982e-05
-4.92371e-05
-4.28878e-05
-3.72326e-05
-3.24845e-05
-2.8165e-05
-2.45257e-05
-2.11865e-05
-1.84168e-05
-1.57957e-05
-1.36841e-05
-1.17034e-05
-1.01667e-05
-8.62859e-06
-7.4678e-06
-6.28777e-06
-5.48744e-06
-4.56167e-06
-3.89816e-06
-3.2123e-06
-2.80896e-06
-2.20887e-06
-1.93588e-06
-1.5391e-06
-1.39657e-06
-1.06266e-06
-1.00114e-06
-7.36996e-07
-7.38096e-07
-4.93698e-07
-5.0989e-07
-3.34916e-07
-3.84593e-07
-2.09885e-07
-2.64869e-07
-1.17074e-07
-1.96186e-07
-7.6752e-08
-1.64279e-07
-4.40595e-08
-1.37622e-07
-3.16368e-08
-1.19416e-07
-1.13194e-08
-9.48289e-08
2.52937e-08
-5.06121e-08
4.57668e-08
-4.81409e-08
1.65926e-08
-9.6439e-08
-3.45595e-08
-1.391e-07
-8.43276e-08
-1.64965e-07
-8.84448e-08
-1.60051e-07
-9.29875e-08
-1.67818e-07
-1.4299e-07
-2.66045e-07
-3.05058e-07
-4.97145e-07
-6.43101e-07
-9.71769e-07
-1.33459e-06
-1.94754e-06
-2.71628e-06
-3.90695e-06
-5.50018e-06
-7.9193e-06
-1.13232e-05
-1.71042e-05
-2.56148e-05
-4.4685e-05
-7.60026e-05
-0.000203222
-0.00051928
-0.00181103
-0.00357726
-0.0467724
-0.0253168
-0.00688547
-0.000268905
0.000439262
-0.000201612
-0.000410337
-0.000501858
-0.000437709
-0.000381014
-0.000314288
-0.000262458
-0.000217318
-0.000181588
-0.000152337
-0.000128765
-0.000109613
-9.38558e-05
-8.08436e-05
-6.97965e-05
-6.05773e-05
-5.2579e-05
-4.57658e-05
-3.97021e-05
-3.45952e-05
-2.99782e-05
-2.6069e-05
-2.25057e-05
-1.95444e-05
-1.67628e-05
-1.45032e-05
-1.24059e-05
-1.07561e-05
-9.12892e-06
-7.88684e-06
-6.63598e-06
-5.7781e-06
-4.82571e-06
-4.10818e-06
-3.38232e-06
-2.96537e-06
-2.35087e-06
-2.03952e-06
-1.62942e-06
-1.47388e-06
-1.13424e-06
-1.05097e-06
-7.74772e-07
-7.68576e-07
-5.32403e-07
-5.37941e-07
-3.63137e-07
-4.06617e-07
-2.36431e-07
-2.82636e-07
-1.33902e-07
-2.05695e-07
-9.02187e-08
-1.73035e-07
-5.65736e-08
-1.44406e-07
-4.38167e-08
-1.29193e-07
-2.10163e-08
-9.76145e-08
2.05991e-08
-4.98392e-08
4.23523e-08
-4.71562e-08
1.34165e-08
-9.80752e-08
-4.01758e-08
-1.39904e-07
-8.75598e-08
-1.66262e-07
-9.17022e-08
-1.59973e-07
-9.89128e-08
-1.74886e-07
-1.57176e-07
-2.83341e-07
-3.33389e-07
-5.34568e-07
-6.9873e-07
-1.04434e-06
-1.43598e-06
-2.08475e-06
-2.90772e-06
-4.16882e-06
-5.86061e-06
-8.40304e-06
-1.19521e-05
-1.78814e-05
-2.64672e-05
-4.55905e-05
-7.72764e-05
-0.000209236
-0.000544329
-0.00191358
-0.0037983
-0.0536594
-0.027548
-0.00727447
-0.000312423
0.000461127
-0.000226606
-0.000432816
-0.000529846
-0.000460114
-0.000400468
-0.000329807
-0.000275294
-0.000227772
-0.000190234
-0.000159492
-0.000134741
-0.000114621
-9.80742e-05
-8.44089e-05
-7.28229e-05
-6.31408e-05
-5.47645e-05
-4.7631e-05
-4.12845e-05
-3.59236e-05
-3.11033e-05
-2.70081e-05
-2.32947e-05
-2.02093e-05
-1.73274e-05
-1.49709e-05
-1.28033e-05
-1.10793e-05
-9.39764e-06
-8.10835e-06
-6.81643e-06
-5.91695e-06
-4.95863e-06
-4.21407e-06
-3.46072e-06
-3.0383e-06
-2.42809e-06
-2.091e-06
-1.67388e-06
-1.51067e-06
-1.17148e-06
-1.07305e-06
-7.88888e-07
-7.75447e-07
-5.5033e-07
-5.49425e-07
-3.7514e-07
-4.12753e-07
-2.46999e-07
-2.86712e-07
-1.38817e-07
-2.02971e-07
-9.11887e-08
-1.69849e-07
-5.7126e-08
-1.40498e-07
-4.38192e-08
-1.27707e-07
-2.01274e-08
-8.9998e-08
2.58805e-08
-3.88707e-08
4.87048e-08
-3.6275e-08
2.08356e-08
-8.85364e-08
-3.53621e-08
-1.29725e-07
-7.93005e-08
-1.56012e-07
-8.41266e-08
-1.49228e-07
-9.33695e-08
-1.70276e-07
-1.58931e-07
-2.86617e-07
-3.46102e-07
-5.54888e-07
-7.34232e-07
-1.09153e-06
-1.50209e-06
-2.17231e-06
-3.02839e-06
-4.3304e-06
-6.08061e-06
-8.6842e-06
-1.22839e-05
-1.81837e-05
-2.65479e-05
-4.50164e-05
-7.59302e-05
-0.000208643
-0.000554739
-0.00196681
-0.00392525
-0.0610859
-0.0294676
-0.00751472
-0.000357952
0.000476033
-0.000249129
-0.000445994
-0.000547038
-0.000472729
-0.000411455
-0.000338267
-0.000282236
-0.000233348
-0.000194811
-0.000163237
-0.000137844
-0.000117187
-0.000100204
-8.61817e-05
-7.43073e-05
-6.43728e-05
-5.57956e-05
-4.84964e-05
-4.20077e-05
-3.65097e-05
-3.15904e-05
-2.74037e-05
-2.36207e-05
-2.04819e-05
-1.75654e-05
-1.51667e-05
-1.29765e-05
-1.12205e-05
-9.52099e-06
-8.21794e-06
-6.91681e-06
-5.99337e-06
-5.047e-06
-4.30145e-06
-3.5354e-06
-3.11263e-06
-2.52131e-06
-2.17018e-06
-1.74907e-06
-1.57968e-06
-1.24128e-06
-1.13338e-06
-8.45384e-07
-8.24478e-07
-6.1036e-07
-6.06166e-07
-4.30595e-07
-4.62673e-07
-2.96653e-07
-3.31974e-07
-1.87793e-07
-2.43792e-07
-1.37297e-07
-2.11087e-07
-1.05338e-07
-1.82891e-07
-9.15727e-08
-1.71583e-07
-6.8261e-08
-1.29647e-07
-1.87484e-08
-7.68468e-08
4.75671e-09
-7.52566e-08
-2.14849e-08
-1.26802e-07
-7.93344e-08
-1.66574e-07
-1.19234e-07
-1.91637e-07
-1.24691e-07
-1.84744e-07
-1.34349e-07
-2.09881e-07
-2.0397e-07
-3.3083e-07
-4.00021e-07
-6.19515e-07
-8.12978e-07
-1.17885e-06
-1.60569e-06
-2.28955e-06
-3.161e-06
-4.47621e-06
-6.24546e-06
-8.8492e-06
-1.2407e-05
-1.81084e-05
-2.59759e-05
-4.31245e-05
-7.21588e-05
-0.000201546
-0.00055004
-0.00196698
-0.00394858
-0.069159
-0.0310028
-0.00758545
-0.000404064
0.00048407
-0.000267871
-0.000448937
-0.000552381
-0.000474793
-0.000413385
-0.000339291
-0.000283057
-0.000233945
-0.000195319
-0.000163648
-0.00013821
-0.000117494
-0.000100466
-8.64157e-05
-7.45305e-05
-6.45788e-05
-5.59984e-05
-4.87027e-05
-4.22277e-05
-3.6726e-05
-3.18255e-05
-2.76555e-05
-2.38956e-05
-2.07746e-05
-1.78915e-05
-1.55072e-05
-1.33409e-05
-1.15942e-05
-9.91239e-06
-8.6246e-06
-7.34253e-06
-6.40998e-06
-5.48543e-06
-4.75607e-06
-3.98552e-06
-3.559e-06
-2.98674e-06
-2.6257e-06
-2.19861e-06
-2.0191e-06
-1.67271e-06
-1.56207e-06
-1.28082e-06
-1.25459e-06
-1.05809e-06
-1.05389e-06
-8.86564e-07
-9.13798e-07
-7.56989e-07
-7.8867e-07
-6.52947e-07
-7.00752e-07
-6.01251e-07
-6.69367e-07
-5.73366e-07
-6.43887e-07
-5.5939e-07
-6.33012e-07
-5.37122e-07
-5.89271e-07
-4.85461e-07
-5.36641e-07
-4.62245e-07
-5.36864e-07
-4.86544e-07
-5.85686e-07
-5.43925e-07
-6.23241e-07
-5.79815e-07
-6.46197e-07
-5.8566e-07
-6.39545e-07
-5.94955e-07
-6.66838e-07
-6.65414e-07
-7.88645e-07
-8.60771e-07
-1.07652e-06
-1.27332e-06
-1.63578e-06
-2.08455e-06
-2.78747e-06
-3.67601e-06
-4.99378e-06
-6.75485e-06
-9.30863e-06
-1.27431e-05
-1.8098e-05
-2.52321e-05
-4.04722e-05
-6.65991e-05
-0.000188615
-0.000530394
-0.00191151
-0.00385968
-0.0779995
-0.03206
-0.00746274
-0.0004477
0.000485567
-0.000280983
-0.000440429
-0.000544451
-0.000465252
-0.000405392
-0.000332278
-0.000277343
-0.000229323
-0.000191662
-0.000160715
-0.000135882
-0.000115633
-9.8992e-05
-8.52715e-05
-7.36776e-05
-6.39652e-05
-5.5599e-05
-4.84888e-05
-4.21957e-05
-3.68372e-05
-3.20839e-05
-2.80486e-05
-2.44128e-05
-2.13835e-05
-1.86042e-05
-1.62943e-05
-1.42002e-05
-1.25051e-05
-1.0878e-05
-9.63391e-06
-8.3988e-06
-7.47393e-06
-6.57973e-06
-5.87991e-06
-5.11393e-06
-4.67949e-06
-4.12242e-06
-3.76062e-06
-3.35036e-06
-3.17603e-06
-2.85052e-06
-2.7446e-06
-2.48106e-06
-2.45196e-06
-2.27849e-06
-2.2765e-06
-2.12629e-06
-2.14937e-06
-2.01071e-06
-2.03896e-06
-1.91589e-06
-1.95615e-06
-1.86415e-06
-1.9266e-06
-1.83945e-06
-1.90443e-06
-1.82615e-06
-1.89303e-06
-1.80496e-06
-1.84981e-06
-1.75311e-06
-1.79817e-06
-1.73129e-06
-1.80032e-06
-1.75343e-06
-1.84513e-06
-1.80838e-06
-1.8805e-06
-1.84045e-06
-1.90135e-06
-1.84682e-06
-1.89558e-06
-1.85639e-06
-1.92406e-06
-1.92628e-06
-2.04351e-06
-2.11215e-06
-2.31021e-06
-2.4996e-06
-2.84449e-06
-3.27827e-06
-3.9653e-06
-4.87311e-06
-6.18435e-06
-7.91052e-06
-1.03661e-05
-1.3602e-05
-1.84834e-05
-2.46968e-05
-3.75571e-05
-5.99013e-05
-0.00017071
-0.000496105
-0.00179851
-0.00365053
-0.087704
-0.0325123
-0.00711785
-0.000482453
0.000482153
-0.000284649
-0.000417615
-0.000520107
-0.000441378
-0.000384916
-0.0003149
-0.000262923
-0.000217435
-0.000181898
-0.000152555
-0.000129015
-0.000109787
-9.39814e-05
-8.09568e-05
-6.99548e-05
-6.0729e-05
-5.27811e-05
-4.60176e-05
-4.00448e-05
-3.49437e-05
-3.04245e-05
-2.65937e-05
-2.31393e-05
-2.02818e-05
-1.76861e-05
-1.55214e-05
-1.35606e-05
-1.19712e-05
-1.04514e-05
-9.29459e-06
-8.15214e-06
-7.27387e-06
-6.44417e-06
-5.80903e-06
-5.09269e-06
-4.67671e-06
-4.1697e-06
-3.83252e-06
-3.44542e-06
-3.28711e-06
-3.00738e-06
-2.91069e-06
-2.67084e-06
-2.64001e-06
-2.48722e-06
-2.48784e-06
-2.35277e-06
-2.37221e-06
-2.2471e-06
-2.27237e-06
-2.16486e-06
-2.19832e-06
-2.11515e-06
-2.17161e-06
-2.09353e-06
-2.15302e-06
-2.08219e-06
-2.14058e-06
-2.06192e-06
-2.10035e-06
-2.01233e-06
-2.05146e-06
-1.99284e-06
-2.05586e-06
-2.01297e-06
-2.09537e-06
-2.06383e-06
-2.12816e-06
-2.09204e-06
-2.14682e-06
-2.09843e-06
-2.14202e-06
-2.10836e-06
-2.17059e-06
-2.1755e-06
-2.28432e-06
-2.34964e-06
-2.5323e-06
-2.7118e-06
-3.03241e-06
-3.42007e-06
-4.07072e-06
-4.93185e-06
-6.16533e-06
-7.78231e-06
-1.00559e-05
-1.29986e-05
-1.72838e-05
-2.24401e-05
-3.26786e-05
-5.07287e-05
-0.00014713
-0.000446195
-0.00162572
-0.00331291
-0.0983074
-0.0321986
-0.00652569
-0.000505123
0.000470074
-0.00027852
-0.000381671
-0.00048048
-0.000404511
-0.000353203
-0.000288225
-0.00024058
-0.000198673
-0.000165984
-0.00013907
-0.000117525
-9.98809e-05
-8.5352e-05
-7.33718e-05
-6.32321e-05
-5.46985e-05
-4.73254e-05
-4.10105e-05
-3.54211e-05
-3.06073e-05
-2.63073e-05
-2.26345e-05
-1.9305e-05
-1.67027e-05
-1.43735e-05
-1.24278e-05
-1.06662e-05
-9.23942e-06
-7.88264e-06
-6.86071e-06
-5.85903e-06
-5.072e-06
-4.34808e-06
-3.81471e-06
-3.20002e-06
-2.83823e-06
-2.42285e-06
-2.14254e-06
-1.79758e-06
-1.65554e-06
-1.4109e-06
-1.326e-06
-1.11689e-06
-1.08693e-06
-9.5491e-07
-9.58551e-07
-8.4031e-07
-8.56849e-07
-7.46318e-07
-7.68345e-07
-6.79304e-07
-7.06807e-07
-6.33806e-07
-6.84058e-07
-6.15147e-07
-6.68641e-07
-6.07168e-07
-6.5528e-07
-5.87747e-07
-6.2031e-07
-5.43003e-07
-5.76385e-07
-5.26724e-07
-5.83264e-07
-5.45031e-07
-6.16318e-07
-5.90317e-07
-6.45744e-07
-6.14371e-07
-6.62028e-07
-6.19893e-07
-6.57952e-07
-6.3017e-07
-6.85518e-07
-6.91984e-07
-7.89838e-07
-8.49469e-07
-1.01266e-06
-1.17624e-06
-1.46393e-06
-1.81134e-06
-2.38906e-06
-3.12273e-06
-4.19484e-06
-5.61884e-06
-7.62089e-06
-1.01789e-05
-1.37696e-05
-1.78033e-05
-2.55438e-05
-3.9377e-05
-0.000119373
-0.000383938
-0.00139855
-0.0028468
-0.109984
-0.0309717
-0.00569972
-0.000549468
0.000406102
-0.000298234
-0.000370062
-0.000463136
-0.000392178
-0.000347449
-0.000288882
-0.000246256
-0.000208094
-0.000178025
-0.00015433
-0.000135628
-0.00012029
-0.000107647
-9.72361e-05
-8.84199e-05
-8.09888e-05
-7.45791e-05
-6.90709e-05
-6.42097e-05
-6.00258e-05
-5.62841e-05
-5.31015e-05
-5.02105e-05
-4.79605e-05
-4.59732e-05
-4.43098e-05
-4.28031e-05
-4.15834e-05
-4.04278e-05
-3.95713e-05
-3.87365e-05
-3.80617e-05
-3.74576e-05
-3.70333e-05
-3.65297e-05
-3.62268e-05
-3.58986e-05
-3.56829e-05
-3.5409e-05
-3.52919e-05
-3.50858e-05
-3.50156e-05
-3.48434e-05
-3.48176e-05
-3.47077e-05
-3.47145e-05
-3.46153e-05
-3.46297e-05
-3.45365e-05
-3.4554e-05
-3.44859e-05
-3.45079e-05
-3.4446e-05
-3.44902e-05
-3.44303e-05
-3.44773e-05
-3.44275e-05
-3.44641e-05
-3.44091e-05
-3.44361e-05
-3.43712e-05
-3.43989e-05
-3.43583e-05
-3.4408e-05
-3.43747e-05
-3.44335e-05
-3.44133e-05
-3.44586e-05
-3.44328e-05
-3.44725e-05
-3.44366e-05
-3.44687e-05
-3.44469e-05
-3.44939e-05
-3.45004e-05
-3.45847e-05
-3.46355e-05
-3.47732e-05
-3.49139e-05
-3.51585e-05
-3.54555e-05
-3.59192e-05
-3.65205e-05
-3.74153e-05
-3.86144e-05
-4.02972e-05
-4.24159e-05
-4.5266e-05
-4.81806e-05
-5.32267e-05
-6.23535e-05
-0.000123611
-0.000349245
-0.00116818
-0.002297
-0.123302
-0.0286635
-0.00469334
-0.000701551
0.00018501
-0.000442787
-0.000480834
-0.000562725
-0.000501005
-0.00046568
-0.000417492
-0.000383142
-0.000352032
-0.000327573
-0.000308478
-0.000293489
-0.000281181
-0.000271037
-0.000262714
-0.000255675
-0.00024975
-0.000244681
-0.000240331
-0.000236531
-0.000233301
-0.000230439
-0.000228056
-0.000225898
-0.000224098
-0.000222522
-0.000221201
-0.000220003
-0.000219033
-0.000218114
-0.000217445
-0.000216797
-0.000216254
-0.000215778
-0.000215462
-0.000215069
-0.000214825
-0.000214574
-0.000214412
-0.000214201
-0.000214112
-0.000213951
-0.000213899
-0.000213768
-0.000213749
-0.000213663
-0.000213673
-0.000213595
-0.000213608
-0.000213534
-0.000213547
-0.0002135
-0.000213517
-0.000213467
-0.000213504
-0.000213454
-0.000213493
-0.000213456
-0.000213482
-0.00021344
-0.000213462
-0.000213411
-0.000213433
-0.000213402
-0.000213444
-0.000213416
-0.000213461
-0.000213446
-0.00021348
-0.00021346
-0.000213491
-0.000213462
-0.000213487
-0.000213472
-0.000213509
-0.000213514
-0.000213582
-0.000213621
-0.000213728
-0.000213839
-0.000214031
-0.000214264
-0.000214628
-0.000215103
-0.000215812
-0.000216759
-0.000218078
-0.000219709
-0.000221799
-0.000223674
-0.000226102
-0.000230529
-0.00027154
-0.000444111
-0.00104962
-0.00176925
-0.135909
-0.0244361
-0.00334435
-0.000824742
-0.000102617
-0.000607654
-0.000613448
-0.00067715
-0.000629078
-0.000605085
-0.000570476
-0.000546717
-0.000524983
-0.000508199
-0.000494876
-0.000484304
-0.000475589
-0.000468391
-0.000462506
-0.000457519
-0.000453312
-0.00044974
-0.000446661
-0.000443982
-0.000441722
-0.000439715
-0.000438062
-0.000436561
-0.000435293
-0.000434199
-0.000433279
-0.000432444
-0.000431769
-0.000431123
-0.000430672
-0.000430232
-0.000429844
-0.000429518
-0.000429316
-0.000429045
-0.000428875
-0.000428704
-0.000428599
-0.000428457
-0.000428399
-0.000428289
-0.000428258
-0.000428171
-0.000428161
-0.000428101
-0.000428112
-0.000428057
-0.000428067
-0.000428015
-0.000428021
-0.000427994
-0.000428005
-0.000427969
-0.000427999
-0.000427959
-0.00042799
-0.000427968
-0.000427983
-0.000427956
-0.000427972
-0.000427936
-0.000427952
-0.000427929
-0.00042796
-0.000427938
-0.000427969
-0.000427959
-0.000427982
-0.000427968
-0.00042799
-0.000427969
-0.000427987
-0.000427976
-0.000428002
-0.000428004
-0.000428053
-0.000428078
-0.00042815
-0.000428226
-0.000428356
-0.000428515
-0.000428766
-0.000429093
-0.000429581
-0.00043023
-0.000431128
-0.000432218
-0.000433543
-0.000434537
-0.000435212
-0.000436367
-0.000458793
-0.000569061
-0.000943063
-0.00117799
-0.128455
-0.0160072
-0.000987033
7.1183e-05
0.000505744
0.00019081
0.000202017
0.000164264
0.000193883
0.000206654
0.000226281
0.000239276
0.00025141
0.000260737
0.000267968
0.000273682
0.00027841
0.00028232
0.000285489
0.000288186
0.000290464
0.000292359
0.000294014
0.000295451
0.000296651
0.000297731
0.000298606
0.000299414
0.000300085
0.000300647
0.000301126
0.000301558
0.000301908
0.000302257
0.000302479
0.000302698
0.000302912
0.000303073
0.000303162
0.00030331
0.000303394
0.000303477
0.000303529
0.000303597
0.00030362
0.000303678
0.000303688
0.000303732
0.000303735
0.000303766
0.000303755
0.000303788
0.000303781
0.000303815
0.000303817
0.000303826
0.000303821
0.000303843
0.000303822
0.000303847
0.000303825
0.000303832
0.000303825
0.000303838
0.00030383
0.000303853
0.000303847
0.000303862
0.000303843
0.000303858
0.000303841
0.000303845
0.000303834
0.000303838
0.000303824
0.000303837
0.000303827
0.000303833
0.00030382
0.000303821
0.000303794
0.000303783
0.000303746
0.000303707
0.00030364
0.000303558
0.000303425
0.000303255
0.000303001
0.000302664
0.0003022
0.000301651
0.00030102
0.000300669
0.000300877
0.000301442
0.000293331
0.000239563
7.34645e-05
0.000219206
-0.0563971
-0.00359857
0.00176413
0.0020013
0.00213082
0.00203763
0.00204472
0.0020349
0.00204436
0.00204826
0.00205405
0.00205778
0.00206119
0.00206376
0.00206585
0.00206748
0.00206879
0.00206987
0.00207072
0.00207142
0.00207201
0.00207248
0.00207288
0.00207322
0.0020735
0.00207376
0.00207395
0.00207414
0.00207429
0.00207441
0.00207452
0.00207461
0.00207468
0.00207476
0.00207481
0.00207485
0.0020749
0.00207493
0.00207495
0.00207499
0.002075
0.00207501
0.00207503
0.00207504
0.00207504
0.00207506
0.00207505
0.00207507
0.00207506
0.00207507
0.00207507
0.00207508
0.00207508
0.00207509
0.00207509
0.00207509
0.00207509
0.00207509
0.00207509
0.00207509
0.00207509
0.00207509
0.00207508
0.00207509
0.00207509
0.00207509
0.00207509
0.0020751
0.00207509
0.0020751
0.00207509
0.00207509
0.00207509
0.00207509
0.00207509
0.00207509
0.00207509
0.00207509
0.00207508
0.00207508
0.00207508
0.00207507
0.00207506
0.00207505
0.00207503
0.00207501
0.00207497
0.00207493
0.00207486
0.00207477
0.00207464
0.0020745
0.00207436
0.00207435
0.00207464
0.00207528
0.00207439
0.00206119
0.00202119
0.00215161
)
;

boundaryField
{
    inlet
    {
        type            calculated;
        value           uniform 0;
    }
    outlet
    {
        type            calculated;
        value           nonuniform List<scalar> 
40
(
-0.00215161
-0.000219209
0.00117799
0.00176925
0.002297
0.0028468
0.00331291
0.00365053
0.00385969
0.00394859
0.00392527
0.00379832
0.00357729
0.00327238
0.0028942
0.00245364
0.00196181
0.00142997
0.000869466
0.000291749
-0.000291713
-0.000869433
-0.00142993
-0.00196178
-0.00245362
-0.00289417
-0.00327235
-0.00357726
-0.0037983
-0.00392525
-0.00394858
-0.00385968
-0.00365053
-0.00331291
-0.0028468
-0.002297
-0.00176925
-0.00117799
0.000219206
0.00215161
)
;
    }
    lowerWall
    {
        type            calculated;
        value           uniform 0;
    }
    upperWall
    {
        type            calculated;
        value           uniform 0;
    }
    frontAndBack
    {
        type            empty;
    }
}


// ************************************************************************* //
