/*--------------------------------*- C++ -*----------------------------------*\
  =========                 |
  \\      /  F ield         | OpenFOAM: The Open Source CFD Toolbox
   \\    /   O peration     | Website:  https://openfoam.org
    \\  /    A nd           | Version:  7
     \\/     M anipulation  |
\*---------------------------------------------------------------------------*/
FoamFile
{
    version     2.0;
    format      ascii;
    class       volVectorField;
    location    "1";
    object      B;
}
// * * * * * * * * * * * * * * * * * * * * * * * * * * * * * * * * * * * * * //

dimensions      [1 0 -2 0 0 -1 0];

internalField   nonuniform List<vector> 
4000
(
(0.473684 20.031 0)
(0.499795 19.9956 0)
(0.486485 19.9897 0)
(0.492131 19.9903 0)
(0.49184 19.9918 0)
(0.493102 19.9936 0)
(0.493151 19.9951 0)
(0.493408 19.9962 0)
(0.493452 19.9971 0)
(0.493529 19.9978 0)
(0.49356 19.9983 0)
(0.493588 19.9987 0)
(0.493601 19.999 0)
(0.493607 19.9993 0)
(0.493606 19.9995 0)
(0.493601 19.9996 0)
(0.493593 19.9997 0)
(0.493583 19.9998 0)
(0.493573 19.9998 0)
(0.493563 19.9999 0)
(0.493553 19.9999 0)
(0.493545 19.9999 0)
(0.493537 20 0)
(0.493531 20 0)
(0.493526 20 0)
(0.493521 20 0)
(0.493518 20 0)
(0.493515 20 0)
(0.493513 20 0)
(0.493511 20 0)
(0.49351 20 0)
(0.493509 20 0)
(0.493508 20 0)
(0.493508 20 0)
(0.493507 20 0)
(0.493507 20 0)
(0.493507 20 0)
(0.493507 20 0)
(0.493507 20 0)
(0.493507 20 0)
(0.493507 20 0)
(0.493507 20 0)
(0.493507 20 0)
(0.493507 20 0)
(0.493507 20 0)
(0.493507 20 0)
(0.493507 20 0)
(0.493507 20 0)
(0.493507 20 0)
(0.493507 20 0)
(0.493507 20 0)
(0.493507 20 0)
(0.493507 20 0)
(0.493507 20 0)
(0.493507 20 0)
(0.493507 20 0)
(0.493507 20 0)
(0.493507 20 0)
(0.493507 20 0)
(0.493507 20 0)
(0.493507 20 0)
(0.493507 20 0)
(0.493507 20 0)
(0.493507 20 0)
(0.493507 20 0)
(0.493507 20 0)
(0.493507 20 0)
(0.493507 20 0)
(0.493507 20 0)
(0.493507 20 0)
(0.493507 20 0)
(0.493507 20 0)
(0.493507 20 0)
(0.493507 20 0)
(0.493507 20 0)
(0.493507 20 0)
(0.493507 20 0)
(0.493507 20 0)
(0.493507 20 0)
(0.493507 20 0)
(0.493507 20 0)
(0.493507 20 0)
(0.493506 20 0)
(0.493506 20 0)
(0.493506 20 0)
(0.493506 20 0)
(0.493506 20 0)
(0.493506 20 0)
(0.493506 20 0)
(0.493506 20 0)
(0.493507 20 0)
(0.493508 20 0)
(0.49351 20 0)
(0.493516 20 0)
(0.493528 20 0)
(0.493548 19.9999 0)
(0.49359 20 0)
(0.493595 20.0001 0)
(0.493551 20.0004 0)
(0.492789 20.0007 0)
(0.720726 20.0024 0)
(0.770263 19.9753 0)
(0.76888 19.969 0)
(0.779694 19.9717 0)
(0.780933 19.9767 0)
(0.78362 19.9821 0)
(0.784454 19.9864 0)
(0.785411 19.9898 0)
(0.785962 19.9924 0)
(0.78646 19.9944 0)
(0.786818 19.996 0)
(0.787109 19.9973 0)
(0.787327 19.9982 0)
(0.787495 19.999 0)
(0.787618 19.9995 0)
(0.787708 20 0)
(0.787772 20.0003 0)
(0.787816 20.0005 0)
(0.787846 20.0007 0)
(0.787865 20.0009 0)
(0.787877 20.001 0)
(0.787883 20.001 0)
(0.787887 20.0011 0)
(0.787888 20.0011 0)
(0.787888 20.0011 0)
(0.787887 20.0011 0)
(0.787886 20.0012 0)
(0.787885 20.0012 0)
(0.787883 20.0012 0)
(0.787882 20.0012 0)
(0.787882 20.0012 0)
(0.787881 20.0012 0)
(0.78788 20.0012 0)
(0.78788 20.0012 0)
(0.78788 20.0012 0)
(0.787879 20.0012 0)
(0.787879 20.0012 0)
(0.787879 20.0012 0)
(0.787879 20.0012 0)
(0.787879 20.0012 0)
(0.787879 20.0012 0)
(0.787879 20.0012 0)
(0.787879 20.0012 0)
(0.787879 20.0012 0)
(0.787879 20.0012 0)
(0.787879 20.0012 0)
(0.787879 20.0012 0)
(0.787879 20.0012 0)
(0.787879 20.0012 0)
(0.787879 20.0012 0)
(0.787879 20.0012 0)
(0.787879 20.0012 0)
(0.787879 20.0012 0)
(0.787879 20.0012 0)
(0.787879 20.0012 0)
(0.787879 20.0012 0)
(0.787879 20.0012 0)
(0.787879 20.0012 0)
(0.787879 20.0012 0)
(0.787879 20.0012 0)
(0.787879 20.0012 0)
(0.787879 20.0012 0)
(0.787879 20.0012 0)
(0.787879 20.0012 0)
(0.787879 20.0012 0)
(0.787879 20.0012 0)
(0.787879 20.0012 0)
(0.787879 20.0012 0)
(0.787879 20.0012 0)
(0.787879 20.0012 0)
(0.787879 20.0012 0)
(0.787879 20.0012 0)
(0.787879 20.0012 0)
(0.787879 20.0012 0)
(0.787879 20.0012 0)
(0.787879 20.0012 0)
(0.787879 20.0012 0)
(0.787879 20.0012 0)
(0.787879 20.0012 0)
(0.787879 20.0012 0)
(0.787879 20.0012 0)
(0.787879 20.0012 0)
(0.787879 20.0012 0)
(0.787879 20.0012 0)
(0.787879 20.0012 0)
(0.78788 20.0012 0)
(0.787881 20.0012 0)
(0.787882 20.0012 0)
(0.787884 20.0012 0)
(0.787887 20.0012 0)
(0.787893 20.0012 0)
(0.787903 20.0011 0)
(0.787919 20.0011 0)
(0.787945 20.0011 0)
(0.78799 20.001 0)
(0.788064 20.001 0)
(0.788193 20.0011 0)
(0.788336 20.0014 0)
(0.788457 20.0022 0)
(0.7874 20.0032 0)
(0.755224 19.9351 0)
(0.807981 19.9434 0)
(0.821252 19.9453 0)
(0.835728 19.9517 0)
(0.839001 19.9605 0)
(0.842787 19.9693 0)
(0.844494 19.9764 0)
(0.84614 19.982 0)
(0.847257 19.9864 0)
(0.848212 19.9898 0)
(0.848941 19.9925 0)
(0.84953 19.9945 0)
(0.849986 19.9961 0)
(0.850342 19.9974 0)
(0.850615 19.9983 0)
(0.850823 19.9991 0)
(0.850979 19.9996 0)
(0.851094 20 0)
(0.851177 20.0003 0)
(0.851238 20.0006 0)
(0.851281 20.0007 0)
(0.851311 20.0008 0)
(0.851332 20.0009 0)
(0.851346 20.001 0)
(0.851355 20.001 0)
(0.851361 20.0011 0)
(0.851365 20.0011 0)
(0.851368 20.0011 0)
(0.851369 20.0011 0)
(0.85137 20.0011 0)
(0.851371 20.0011 0)
(0.851371 20.0011 0)
(0.851371 20.0011 0)
(0.851371 20.0011 0)
(0.851371 20.0011 0)
(0.851371 20.0011 0)
(0.851371 20.0011 0)
(0.851371 20.0011 0)
(0.851371 20.0011 0)
(0.851371 20.0011 0)
(0.851371 20.0011 0)
(0.851371 20.0011 0)
(0.851371 20.0011 0)
(0.851371 20.0011 0)
(0.851371 20.0011 0)
(0.851371 20.0011 0)
(0.851371 20.0011 0)
(0.851371 20.0011 0)
(0.851371 20.0011 0)
(0.851371 20.0011 0)
(0.851371 20.0011 0)
(0.851371 20.0011 0)
(0.851371 20.0011 0)
(0.851371 20.0011 0)
(0.851371 20.0011 0)
(0.851371 20.0011 0)
(0.851371 20.0011 0)
(0.851371 20.0011 0)
(0.851371 20.0011 0)
(0.851371 20.0011 0)
(0.851371 20.0011 0)
(0.851371 20.0011 0)
(0.851371 20.0011 0)
(0.851371 20.0011 0)
(0.851371 20.0011 0)
(0.851371 20.0011 0)
(0.851371 20.0011 0)
(0.851371 20.0011 0)
(0.851371 20.0011 0)
(0.851371 20.0011 0)
(0.851371 20.0011 0)
(0.851371 20.0011 0)
(0.851371 20.0011 0)
(0.851371 20.0011 0)
(0.851371 20.0011 0)
(0.851371 20.0011 0)
(0.851371 20.0011 0)
(0.851371 20.0011 0)
(0.851371 20.0011 0)
(0.851371 20.0011 0)
(0.851371 20.0011 0)
(0.851371 20.0011 0)
(0.851372 20.0011 0)
(0.851372 20.0011 0)
(0.851373 20.0011 0)
(0.851374 20.0011 0)
(0.851376 20.0011 0)
(0.851379 20.0011 0)
(0.851383 20.0011 0)
(0.851391 20.0011 0)
(0.851403 20.0011 0)
(0.851422 20.001 0)
(0.851453 20.001 0)
(0.851503 20.0009 0)
(0.851585 20.0009 0)
(0.851721 20.0008 0)
(0.851955 20.0009 0)
(0.852309 20.0014 0)
(0.852784 20.0026 0)
(0.852462 20.0042 0)
(0.726929 19.8691 0)
(0.774747 19.9063 0)
(0.798092 19.9196 0)
(0.815317 19.9312 0)
(0.820598 19.9442 0)
(0.82533 19.9564 0)
(0.827841 19.9662 0)
(0.830098 19.9741 0)
(0.831732 19.9802 0)
(0.833105 19.9849 0)
(0.834175 19.9886 0)
(0.83504 19.9915 0)
(0.835718 19.9938 0)
(0.836252 19.9955 0)
(0.836666 19.9969 0)
(0.836985 19.9979 0)
(0.837228 19.9987 0)
(0.837411 19.9992 0)
(0.837548 19.9997 0)
(0.837648 20 0)
(0.837722 20.0002 0)
(0.837776 20.0004 0)
(0.837814 20.0005 0)
(0.837841 20.0006 0)
(0.837861 20.0007 0)
(0.837874 20.0007 0)
(0.837883 20.0007 0)
(0.83789 20.0007 0)
(0.837894 20.0008 0)
(0.837897 20.0008 0)
(0.837899 20.0008 0)
(0.8379 20.0008 0)
(0.837901 20.0008 0)
(0.837902 20.0008 0)
(0.837902 20.0008 0)
(0.837902 20.0008 0)
(0.837902 20.0008 0)
(0.837903 20.0008 0)
(0.837903 20.0008 0)
(0.837903 20.0008 0)
(0.837903 20.0008 0)
(0.837903 20.0008 0)
(0.837903 20.0008 0)
(0.837903 20.0008 0)
(0.837903 20.0008 0)
(0.837903 20.0008 0)
(0.837903 20.0008 0)
(0.837903 20.0008 0)
(0.837903 20.0008 0)
(0.837903 20.0008 0)
(0.837903 20.0008 0)
(0.837903 20.0008 0)
(0.837903 20.0008 0)
(0.837903 20.0008 0)
(0.837903 20.0008 0)
(0.837903 20.0008 0)
(0.837903 20.0008 0)
(0.837903 20.0008 0)
(0.837903 20.0008 0)
(0.837903 20.0008 0)
(0.837903 20.0008 0)
(0.837903 20.0008 0)
(0.837903 20.0008 0)
(0.837903 20.0008 0)
(0.837903 20.0008 0)
(0.837903 20.0008 0)
(0.837903 20.0008 0)
(0.837903 20.0008 0)
(0.837903 20.0008 0)
(0.837903 20.0008 0)
(0.837903 20.0008 0)
(0.837903 20.0008 0)
(0.837903 20.0008 0)
(0.837903 20.0008 0)
(0.837903 20.0008 0)
(0.837903 20.0008 0)
(0.837903 20.0008 0)
(0.837903 20.0008 0)
(0.837903 20.0008 0)
(0.837903 20.0008 0)
(0.837903 20.0008 0)
(0.837904 20.0008 0)
(0.837904 20.0008 0)
(0.837905 20.0008 0)
(0.837906 20.0008 0)
(0.837908 20.0008 0)
(0.837911 20.0008 0)
(0.837915 20.0008 0)
(0.837923 20.0008 0)
(0.837934 20.0007 0)
(0.837952 20.0007 0)
(0.83798 20.0007 0)
(0.838026 20.0006 0)
(0.838099 20.0005 0)
(0.838219 20.0005 0)
(0.838422 20.0004 0)
(0.838775 20.0005 0)
(0.839379 20.001 0)
(0.84031 20.0024 0)
(0.841161 20.0043 0)
(0.68149 19.8132 0)
(0.722128 19.868 0)
(0.751122 19.8931 0)
(0.770236 19.911 0)
(0.777268 19.9284 0)
(0.782806 19.9439 0)
(0.786009 19.9564 0)
(0.788779 19.9664 0)
(0.79085 19.9741 0)
(0.792575 19.9802 0)
(0.793936 19.985 0)
(0.795035 19.9887 0)
(0.795903 19.9916 0)
(0.79659 19.9939 0)
(0.797125 19.9956 0)
(0.79754 19.9969 0)
(0.797858 19.9979 0)
(0.7981 19.9986 0)
(0.798283 19.9992 0)
(0.798419 19.9996 0)
(0.79852 19.9999 0)
(0.798594 20.0001 0)
(0.798648 20.0003 0)
(0.798687 20.0004 0)
(0.798715 20.0005 0)
(0.798735 20.0005 0)
(0.798749 20.0006 0)
(0.798759 20.0006 0)
(0.798766 20.0006 0)
(0.798771 20.0006 0)
(0.798774 20.0006 0)
(0.798776 20.0006 0)
(0.798778 20.0006 0)
(0.798779 20.0007 0)
(0.79878 20.0007 0)
(0.79878 20.0007 0)
(0.798781 20.0007 0)
(0.798781 20.0007 0)
(0.798781 20.0007 0)
(0.798781 20.0007 0)
(0.798781 20.0007 0)
(0.798781 20.0007 0)
(0.798781 20.0007 0)
(0.798781 20.0007 0)
(0.798781 20.0007 0)
(0.798781 20.0007 0)
(0.798781 20.0007 0)
(0.798781 20.0007 0)
(0.798781 20.0007 0)
(0.798781 20.0007 0)
(0.798781 20.0007 0)
(0.798781 20.0007 0)
(0.798781 20.0007 0)
(0.798781 20.0007 0)
(0.798781 20.0007 0)
(0.798781 20.0007 0)
(0.798781 20.0007 0)
(0.798781 20.0007 0)
(0.798781 20.0007 0)
(0.798781 20.0007 0)
(0.798781 20.0007 0)
(0.798781 20.0007 0)
(0.798781 20.0007 0)
(0.798781 20.0007 0)
(0.798781 20.0007 0)
(0.798781 20.0007 0)
(0.798781 20.0007 0)
(0.798781 20.0007 0)
(0.798781 20.0007 0)
(0.798781 20.0007 0)
(0.798781 20.0007 0)
(0.798782 20.0007 0)
(0.798782 20.0007 0)
(0.798782 20.0007 0)
(0.798782 20.0007 0)
(0.798782 20.0007 0)
(0.798782 20.0007 0)
(0.798782 20.0007 0)
(0.798782 20.0007 0)
(0.798782 20.0007 0)
(0.798782 20.0007 0)
(0.798783 20.0007 0)
(0.798783 20.0007 0)
(0.798784 20.0007 0)
(0.798786 20.0006 0)
(0.798788 20.0006 0)
(0.798792 20.0006 0)
(0.798798 20.0006 0)
(0.798808 20.0006 0)
(0.798822 20.0006 0)
(0.798846 20.0006 0)
(0.798882 20.0005 0)
(0.798941 20.0004 0)
(0.799037 20.0003 0)
(0.799194 20.0002 0)
(0.799466 20.0001 0)
(0.799942 20.0002 0)
(0.800809 20.0006 0)
(0.802213 20.002 0)
(0.804218 20.0039 0)
(0.632595 19.766 0)
(0.66616 19.8306 0)
(0.697592 19.8664 0)
(0.717781 19.891 0)
(0.726209 19.913 0)
(0.732394 19.9317 0)
(0.736159 19.9469 0)
(0.739337 19.9589 0)
(0.741757 19.9683 0)
(0.743764 19.9757 0)
(0.745357 19.9815 0)
(0.746645 19.986 0)
(0.747667 19.9896 0)
(0.748476 19.9923 0)
(0.749109 19.9944 0)
(0.749602 19.996 0)
(0.749981 19.9972 0)
(0.750271 19.9981 0)
(0.750491 19.9988 0)
(0.750656 19.9993 0)
(0.75078 19.9997 0)
(0.750871 20 0)
(0.750938 20.0002 0)
(0.750987 20.0003 0)
(0.751022 20.0004 0)
(0.751047 20.0005 0)
(0.751066 20.0005 0)
(0.751079 20.0006 0)
(0.751088 20.0006 0)
(0.751094 20.0006 0)
(0.751099 20.0006 0)
(0.751102 20.0006 0)
(0.751104 20.0006 0)
(0.751105 20.0006 0)
(0.751107 20.0006 0)
(0.751107 20.0006 0)
(0.751108 20.0006 0)
(0.751108 20.0006 0)
(0.751108 20.0006 0)
(0.751109 20.0006 0)
(0.751109 20.0006 0)
(0.751109 20.0006 0)
(0.751109 20.0006 0)
(0.751109 20.0006 0)
(0.751109 20.0006 0)
(0.751109 20.0006 0)
(0.751109 20.0006 0)
(0.751109 20.0006 0)
(0.751109 20.0006 0)
(0.751109 20.0006 0)
(0.751109 20.0006 0)
(0.751109 20.0006 0)
(0.751109 20.0006 0)
(0.751109 20.0006 0)
(0.751109 20.0006 0)
(0.751109 20.0006 0)
(0.751109 20.0006 0)
(0.751109 20.0006 0)
(0.751109 20.0006 0)
(0.751109 20.0006 0)
(0.751109 20.0006 0)
(0.751109 20.0006 0)
(0.751109 20.0006 0)
(0.751109 20.0006 0)
(0.751109 20.0006 0)
(0.751109 20.0006 0)
(0.751109 20.0006 0)
(0.751109 20.0006 0)
(0.751109 20.0006 0)
(0.751109 20.0006 0)
(0.751109 20.0006 0)
(0.751109 20.0006 0)
(0.751109 20.0006 0)
(0.751109 20.0006 0)
(0.751109 20.0006 0)
(0.751109 20.0006 0)
(0.751109 20.0006 0)
(0.751109 20.0006 0)
(0.751109 20.0006 0)
(0.75111 20.0006 0)
(0.75111 20.0006 0)
(0.75111 20.0006 0)
(0.751111 20.0006 0)
(0.751112 20.0006 0)
(0.751114 20.0006 0)
(0.751117 20.0006 0)
(0.751122 20.0006 0)
(0.751129 20.0006 0)
(0.751141 20.0006 0)
(0.751158 20.0006 0)
(0.751186 20.0005 0)
(0.75123 20.0005 0)
(0.751301 20.0004 0)
(0.751416 20.0002 0)
(0.751609 20.0001 0)
(0.751947 19.9999 0)
(0.752543 19.9999 0)
(0.753663 20.0002 0)
(0.755503 20.0015 0)
(0.758456 20.0032 0)
(0.584096 19.7257 0)
(0.611465 19.7952 0)
(0.643176 19.8402 0)
(0.663718 19.8715 0)
(0.673151 19.8981 0)
(0.679807 19.92 0)
(0.683999 19.9377 0)
(0.68748 19.9517 0)
(0.69016 19.9627 0)
(0.692377 19.9714 0)
(0.694145 19.9781 0)
(0.695575 19.9834 0)
(0.696712 19.9876 0)
(0.697614 19.9908 0)
(0.698322 19.9933 0)
(0.698873 19.9951 0)
(0.6993 19.9966 0)
(0.699627 19.9977 0)
(0.699875 19.9985 0)
(0.700063 19.9991 0)
(0.700203 19.9995 0)
(0.700308 19.9998 0)
(0.700385 20.0001 0)
(0.700441 20.0002 0)
(0.700482 20.0004 0)
(0.700512 20.0004 0)
(0.700534 20.0005 0)
(0.700549 20.0005 0)
(0.70056 20.0006 0)
(0.700568 20.0006 0)
(0.700573 20.0006 0)
(0.700577 20.0006 0)
(0.70058 20.0006 0)
(0.700582 20.0006 0)
(0.700583 20.0006 0)
(0.700584 20.0006 0)
(0.700585 20.0006 0)
(0.700585 20.0006 0)
(0.700585 20.0006 0)
(0.700586 20.0006 0)
(0.700586 20.0006 0)
(0.700586 20.0006 0)
(0.700586 20.0006 0)
(0.700586 20.0006 0)
(0.700586 20.0006 0)
(0.700586 20.0006 0)
(0.700586 20.0006 0)
(0.700586 20.0006 0)
(0.700586 20.0006 0)
(0.700586 20.0006 0)
(0.700586 20.0006 0)
(0.700586 20.0006 0)
(0.700586 20.0006 0)
(0.700586 20.0006 0)
(0.700586 20.0006 0)
(0.700586 20.0006 0)
(0.700586 20.0006 0)
(0.700586 20.0006 0)
(0.700586 20.0006 0)
(0.700586 20.0006 0)
(0.700586 20.0006 0)
(0.700586 20.0006 0)
(0.700586 20.0006 0)
(0.700586 20.0006 0)
(0.700586 20.0006 0)
(0.700586 20.0006 0)
(0.700586 20.0006 0)
(0.700586 20.0006 0)
(0.700586 20.0006 0)
(0.700586 20.0006 0)
(0.700586 20.0006 0)
(0.700586 20.0006 0)
(0.700586 20.0006 0)
(0.700586 20.0006 0)
(0.700586 20.0006 0)
(0.700586 20.0006 0)
(0.700586 20.0006 0)
(0.700586 20.0006 0)
(0.700587 20.0006 0)
(0.700587 20.0006 0)
(0.700587 20.0006 0)
(0.700588 20.0006 0)
(0.700589 20.0006 0)
(0.70059 20.0006 0)
(0.700592 20.0006 0)
(0.700596 20.0006 0)
(0.700601 20.0006 0)
(0.700609 20.0006 0)
(0.700622 20.0006 0)
(0.700642 20.0005 0)
(0.700673 20.0005 0)
(0.700723 20.0004 0)
(0.700804 20.0003 0)
(0.700937 20.0001 0)
(0.701162 20 0)
(0.70156 19.9997 0)
(0.702268 19.9996 0)
(0.703614 19.9998 0)
(0.705821 20.0007 0)
(0.709477 20.002 0)
(0.536843 19.6912 0)
(0.559034 19.7622 0)
(0.589647 19.8149 0)
(0.609937 19.8527 0)
(0.619989 19.8837 0)
(0.626934 19.9088 0)
(0.631419 19.9288 0)
(0.635099 19.9447 0)
(0.637954 19.9573 0)
(0.64031 19.9671 0)
(0.642196 19.9749 0)
(0.643722 19.9809 0)
(0.644938 19.9857 0)
(0.645903 19.9893 0)
(0.646662 19.9921 0)
(0.647255 19.9943 0)
(0.647713 19.9959 0)
(0.648066 19.9972 0)
(0.648335 19.9981 0)
(0.648538 19.9988 0)
(0.648691 19.9993 0)
(0.648805 19.9997 0)
(0.648889 20 0)
(0.648951 20.0002 0)
(0.648997 20.0003 0)
(0.64903 20.0004 0)
(0.649054 20.0005 0)
(0.649071 20.0005 0)
(0.649083 20.0005 0)
(0.649092 20.0006 0)
(0.649098 20.0006 0)
(0.649103 20.0006 0)
(0.649106 20.0006 0)
(0.649108 20.0006 0)
(0.64911 20.0006 0)
(0.649111 20.0006 0)
(0.649111 20.0006 0)
(0.649112 20.0006 0)
(0.649112 20.0006 0)
(0.649113 20.0006 0)
(0.649113 20.0006 0)
(0.649113 20.0006 0)
(0.649113 20.0006 0)
(0.649113 20.0006 0)
(0.649113 20.0006 0)
(0.649113 20.0006 0)
(0.649113 20.0006 0)
(0.649113 20.0006 0)
(0.649113 20.0006 0)
(0.649113 20.0006 0)
(0.649113 20.0006 0)
(0.649113 20.0006 0)
(0.649113 20.0006 0)
(0.649113 20.0006 0)
(0.649113 20.0006 0)
(0.649113 20.0006 0)
(0.649113 20.0006 0)
(0.649113 20.0006 0)
(0.649113 20.0006 0)
(0.649113 20.0006 0)
(0.649113 20.0006 0)
(0.649113 20.0006 0)
(0.649113 20.0006 0)
(0.649113 20.0006 0)
(0.649113 20.0006 0)
(0.649113 20.0006 0)
(0.649113 20.0006 0)
(0.649113 20.0006 0)
(0.649113 20.0006 0)
(0.649113 20.0006 0)
(0.649113 20.0006 0)
(0.649113 20.0006 0)
(0.649113 20.0006 0)
(0.649113 20.0006 0)
(0.649113 20.0006 0)
(0.649113 20.0006 0)
(0.649113 20.0006 0)
(0.649113 20.0006 0)
(0.649114 20.0006 0)
(0.649114 20.0006 0)
(0.649114 20.0006 0)
(0.649115 20.0006 0)
(0.649116 20.0006 0)
(0.649117 20.0006 0)
(0.64912 20.0006 0)
(0.649124 20.0006 0)
(0.649129 20.0006 0)
(0.649138 20.0006 0)
(0.649152 20.0005 0)
(0.649174 20.0005 0)
(0.649208 20.0005 0)
(0.649263 20.0004 0)
(0.649351 20.0002 0)
(0.649499 20.0001 0)
(0.64975 19.9998 0)
(0.650201 19.9995 0)
(0.651003 19.9993 0)
(0.652538 19.9992 0)
(0.65503 19.9997 0)
(0.659156 20.0005 0)
(0.490824 19.6614 0)
(0.508774 19.732 0)
(0.537459 19.7909 0)
(0.557019 19.8348 0)
(0.567331 19.87 0)
(0.574384 19.898 0)
(0.579029 19.9204 0)
(0.582808 19.9381 0)
(0.585756 19.9521 0)
(0.588185 19.9631 0)
(0.590135 19.9717 0)
(0.591713 19.9785 0)
(0.592972 19.9838 0)
(0.593973 19.9879 0)
(0.594761 19.9911 0)
(0.595377 19.9935 0)
(0.595855 19.9953 0)
(0.596222 19.9967 0)
(0.596503 19.9978 0)
(0.596716 19.9986 0)
(0.596876 19.9991 0)
(0.596996 19.9996 0)
(0.597085 19.9999 0)
(0.59715 20.0001 0)
(0.597199 20.0002 0)
(0.597234 20.0004 0)
(0.597259 20.0004 0)
(0.597278 20.0005 0)
(0.597291 20.0005 0)
(0.5973 20.0006 0)
(0.597307 20.0006 0)
(0.597312 20.0006 0)
(0.597315 20.0006 0)
(0.597318 20.0006 0)
(0.597319 20.0006 0)
(0.597321 20.0006 0)
(0.597321 20.0006 0)
(0.597322 20.0006 0)
(0.597322 20.0006 0)
(0.597323 20.0006 0)
(0.597323 20.0006 0)
(0.597323 20.0006 0)
(0.597323 20.0006 0)
(0.597323 20.0006 0)
(0.597323 20.0006 0)
(0.597323 20.0006 0)
(0.597323 20.0006 0)
(0.597323 20.0006 0)
(0.597323 20.0006 0)
(0.597323 20.0006 0)
(0.597323 20.0006 0)
(0.597323 20.0006 0)
(0.597323 20.0006 0)
(0.597323 20.0006 0)
(0.597323 20.0006 0)
(0.597323 20.0006 0)
(0.597323 20.0006 0)
(0.597323 20.0006 0)
(0.597323 20.0006 0)
(0.597323 20.0006 0)
(0.597323 20.0006 0)
(0.597323 20.0006 0)
(0.597323 20.0006 0)
(0.597323 20.0006 0)
(0.597323 20.0006 0)
(0.597323 20.0006 0)
(0.597323 20.0006 0)
(0.597323 20.0006 0)
(0.597323 20.0006 0)
(0.597323 20.0006 0)
(0.597323 20.0006 0)
(0.597323 20.0006 0)
(0.597323 20.0006 0)
(0.597324 20.0006 0)
(0.597324 20.0006 0)
(0.597324 20.0006 0)
(0.597324 20.0006 0)
(0.597324 20.0006 0)
(0.597324 20.0006 0)
(0.597324 20.0006 0)
(0.597325 20.0006 0)
(0.597325 20.0006 0)
(0.597326 20.0006 0)
(0.597328 20.0006 0)
(0.597331 20.0006 0)
(0.597334 20.0006 0)
(0.597341 20.0006 0)
(0.59735 20.0006 0)
(0.597365 20.0005 0)
(0.597387 20.0005 0)
(0.597423 20.0004 0)
(0.597481 20.0003 0)
(0.597575 20.0002 0)
(0.597734 20 0)
(0.598006 19.9997 0)
(0.598498 19.9993 0)
(0.599374 19.9989 0)
(0.60105 19.9985 0)
(0.603737 19.9986 0)
(0.608131 19.9988 0)
(0.445833 19.6358 0)
(0.460337 19.7046 0)
(0.486626 19.7686 0)
(0.505092 19.8179 0)
(0.515347 19.8571 0)
(0.522335 19.8879 0)
(0.527014 19.9124 0)
(0.530798 19.9318 0)
(0.533762 19.9472 0)
(0.536201 19.9592 0)
(0.538163 19.9688 0)
(0.539752 19.9762 0)
(0.541021 19.982 0)
(0.542031 19.9865 0)
(0.542826 19.99 0)
(0.543449 19.9927 0)
(0.543932 19.9947 0)
(0.544305 19.9963 0)
(0.544589 19.9974 0)
(0.544806 19.9983 0)
(0.544969 19.9989 0)
(0.545091 19.9994 0)
(0.545182 19.9998 0)
(0.545249 20 0)
(0.545299 20.0002 0)
(0.545335 20.0003 0)
(0.545361 20.0004 0)
(0.54538 20.0005 0)
(0.545394 20.0005 0)
(0.545404 20.0005 0)
(0.545411 20.0006 0)
(0.545416 20.0006 0)
(0.54542 20.0006 0)
(0.545422 20.0006 0)
(0.545424 20.0006 0)
(0.545425 20.0006 0)
(0.545426 20.0006 0)
(0.545427 20.0006 0)
(0.545427 20.0006 0)
(0.545427 20.0006 0)
(0.545428 20.0006 0)
(0.545428 20.0006 0)
(0.545428 20.0006 0)
(0.545428 20.0006 0)
(0.545428 20.0006 0)
(0.545428 20.0006 0)
(0.545428 20.0006 0)
(0.545428 20.0006 0)
(0.545428 20.0006 0)
(0.545428 20.0006 0)
(0.545428 20.0006 0)
(0.545428 20.0006 0)
(0.545428 20.0006 0)
(0.545428 20.0006 0)
(0.545428 20.0006 0)
(0.545428 20.0006 0)
(0.545428 20.0006 0)
(0.545428 20.0006 0)
(0.545428 20.0006 0)
(0.545428 20.0006 0)
(0.545428 20.0006 0)
(0.545428 20.0006 0)
(0.545428 20.0006 0)
(0.545428 20.0006 0)
(0.545428 20.0006 0)
(0.545428 20.0006 0)
(0.545428 20.0006 0)
(0.545428 20.0006 0)
(0.545428 20.0006 0)
(0.545428 20.0006 0)
(0.545428 20.0006 0)
(0.545428 20.0006 0)
(0.545428 20.0006 0)
(0.545428 20.0006 0)
(0.545428 20.0006 0)
(0.545428 20.0006 0)
(0.545428 20.0006 0)
(0.545429 20.0006 0)
(0.545429 20.0006 0)
(0.545429 20.0006 0)
(0.545429 20.0006 0)
(0.54543 20.0006 0)
(0.545431 20.0006 0)
(0.545433 20.0006 0)
(0.545435 20.0006 0)
(0.545439 20.0006 0)
(0.545446 20.0006 0)
(0.545455 20.0005 0)
(0.54547 20.0005 0)
(0.545494 20.0005 0)
(0.54553 20.0004 0)
(0.54559 20.0003 0)
(0.545687 20.0001 0)
(0.545853 19.9999 0)
(0.546139 19.9995 0)
(0.546659 19.9991 0)
(0.547584 19.9985 0)
(0.54935 19.9978 0)
(0.552142 19.9973 0)
(0.556627 19.997 0)
(0.401656 19.6136 0)
(0.413363 19.6802 0)
(0.437024 19.748 0)
(0.454128 19.8022 0)
(0.464052 19.845 0)
(0.470818 19.8785 0)
(0.475414 19.905 0)
(0.479114 19.926 0)
(0.482022 19.9426 0)
(0.484413 19.9557 0)
(0.486339 19.966 0)
(0.487899 19.9741 0)
(0.489147 19.9804 0)
(0.490141 19.9853 0)
(0.490924 19.9891 0)
(0.491538 19.992 0)
(0.492014 19.9942 0)
(0.492382 19.9959 0)
(0.492664 19.9971 0)
(0.492878 19.9981 0)
(0.493039 19.9988 0)
(0.493161 19.9993 0)
(0.493251 19.9997 0)
(0.493318 19.9999 0)
(0.493367 20.0001 0)
(0.493404 20.0003 0)
(0.49343 20.0004 0)
(0.493449 20.0004 0)
(0.493463 20.0005 0)
(0.493473 20.0005 0)
(0.49348 20.0005 0)
(0.493485 20.0006 0)
(0.493489 20.0006 0)
(0.493492 20.0006 0)
(0.493493 20.0006 0)
(0.493495 20.0006 0)
(0.493496 20.0006 0)
(0.493496 20.0006 0)
(0.493497 20.0006 0)
(0.493497 20.0006 0)
(0.493497 20.0006 0)
(0.493497 20.0006 0)
(0.493497 20.0006 0)
(0.493498 20.0006 0)
(0.493498 20.0006 0)
(0.493498 20.0006 0)
(0.493498 20.0006 0)
(0.493498 20.0006 0)
(0.493498 20.0006 0)
(0.493498 20.0006 0)
(0.493498 20.0006 0)
(0.493498 20.0006 0)
(0.493498 20.0006 0)
(0.493498 20.0006 0)
(0.493498 20.0006 0)
(0.493498 20.0006 0)
(0.493498 20.0006 0)
(0.493498 20.0006 0)
(0.493498 20.0006 0)
(0.493498 20.0006 0)
(0.493498 20.0006 0)
(0.493498 20.0006 0)
(0.493498 20.0006 0)
(0.493498 20.0006 0)
(0.493498 20.0006 0)
(0.493498 20.0006 0)
(0.493498 20.0006 0)
(0.493498 20.0006 0)
(0.493498 20.0006 0)
(0.493498 20.0006 0)
(0.493498 20.0006 0)
(0.493498 20.0006 0)
(0.493498 20.0006 0)
(0.493498 20.0006 0)
(0.493498 20.0006 0)
(0.493498 20.0006 0)
(0.493498 20.0006 0)
(0.493498 20.0006 0)
(0.493498 20.0006 0)
(0.493499 20.0006 0)
(0.493499 20.0006 0)
(0.4935 20.0006 0)
(0.493501 20.0006 0)
(0.493502 20.0006 0)
(0.493505 20.0006 0)
(0.493509 20.0006 0)
(0.493515 20.0006 0)
(0.493525 20.0005 0)
(0.49354 20.0005 0)
(0.493563 20.0004 0)
(0.4936 20.0004 0)
(0.493659 20.0002 0)
(0.493757 20.0001 0)
(0.493926 19.9998 0)
(0.494218 19.9994 0)
(0.494751 19.9988 0)
(0.4957 19.998 0)
(0.497499 19.9971 0)
(0.50031 19.996 0)
(0.504738 19.995 0)
(0.358115 19.5944 0)
(0.367545 19.6585 0)
(0.388493 19.7293 0)
(0.404046 19.7878 0)
(0.413411 19.834 0)
(0.419814 19.8698 0)
(0.424216 19.8982 0)
(0.427752 19.9206 0)
(0.430537 19.9383 0)
(0.432826 19.9523 0)
(0.434672 19.9634 0)
(0.436168 19.9721 0)
(0.437366 19.9788 0)
(0.43832 19.9841 0)
(0.439073 19.9882 0)
(0.439663 19.9913 0)
(0.440122 19.9937 0)
(0.440476 19.9955 0)
(0.440747 19.9968 0)
(0.440954 19.9978 0)
(0.44111 19.9986 0)
(0.441227 19.9992 0)
(0.441315 19.9996 0)
(0.44138 19.9999 0)
(0.441428 20.0001 0)
(0.441463 20.0002 0)
(0.441489 20.0003 0)
(0.441508 20.0004 0)
(0.441521 20.0005 0)
(0.441531 20.0005 0)
(0.441538 20.0005 0)
(0.441543 20.0006 0)
(0.441547 20.0006 0)
(0.441549 20.0006 0)
(0.441551 20.0006 0)
(0.441552 20.0006 0)
(0.441553 20.0006 0)
(0.441554 20.0006 0)
(0.441554 20.0006 0)
(0.441555 20.0006 0)
(0.441555 20.0006 0)
(0.441555 20.0006 0)
(0.441555 20.0006 0)
(0.441555 20.0006 0)
(0.441555 20.0006 0)
(0.441555 20.0006 0)
(0.441555 20.0006 0)
(0.441555 20.0006 0)
(0.441555 20.0006 0)
(0.441555 20.0006 0)
(0.441555 20.0006 0)
(0.441555 20.0006 0)
(0.441555 20.0006 0)
(0.441555 20.0006 0)
(0.441555 20.0006 0)
(0.441556 20.0006 0)
(0.441556 20.0006 0)
(0.441556 20.0006 0)
(0.441556 20.0006 0)
(0.441556 20.0006 0)
(0.441556 20.0006 0)
(0.441556 20.0006 0)
(0.441556 20.0006 0)
(0.441556 20.0006 0)
(0.441556 20.0006 0)
(0.441556 20.0006 0)
(0.441556 20.0006 0)
(0.441556 20.0006 0)
(0.441556 20.0006 0)
(0.441556 20.0006 0)
(0.441556 20.0006 0)
(0.441556 20.0006 0)
(0.441556 20.0006 0)
(0.441556 20.0006 0)
(0.441556 20.0006 0)
(0.441556 20.0006 0)
(0.441556 20.0006 0)
(0.441556 20.0006 0)
(0.441556 20.0006 0)
(0.441556 20.0006 0)
(0.441557 20.0006 0)
(0.441557 20.0006 0)
(0.441558 20.0006 0)
(0.44156 20.0006 0)
(0.441563 20.0006 0)
(0.441567 20.0006 0)
(0.441573 20.0006 0)
(0.441582 20.0005 0)
(0.441596 20.0005 0)
(0.441619 20.0004 0)
(0.441654 20.0003 0)
(0.441713 20.0002 0)
(0.441809 20 0)
(0.441976 19.9997 0)
(0.442266 19.9992 0)
(0.442798 19.9986 0)
(0.443741 19.9976 0)
(0.445521 19.9963 0)
(0.448267 19.9946 0)
(0.452513 19.9931 0)
(0.315071 19.578 0)
(0.322637 19.6395 0)
(0.340876 19.7126 0)
(0.354747 19.7749 0)
(0.363365 19.8239 0)
(0.369281 19.862 0)
(0.373393 19.892 0)
(0.37669 19.9157 0)
(0.379293 19.9345 0)
(0.381431 19.9493 0)
(0.383156 19.961 0)
(0.384556 19.9702 0)
(0.385677 19.9774 0)
(0.386571 19.983 0)
(0.387276 19.9873 0)
(0.387829 19.9907 0)
(0.38826 19.9932 0)
(0.388592 19.9951 0)
(0.388847 19.9966 0)
(0.389041 19.9976 0)
(0.389188 19.9984 0)
(0.389299 19.999 0)
(0.389381 19.9995 0)
(0.389443 19.9998 0)
(0.389488 20 0)
(0.389522 20.0002 0)
(0.389546 20.0003 0)
(0.389564 20.0004 0)
(0.389577 20.0005 0)
(0.389586 20.0005 0)
(0.389593 20.0005 0)
(0.389598 20.0005 0)
(0.389601 20.0006 0)
(0.389604 20.0006 0)
(0.389605 20.0006 0)
(0.389607 20.0006 0)
(0.389607 20.0006 0)
(0.389608 20.0006 0)
(0.389608 20.0006 0)
(0.389609 20.0006 0)
(0.389609 20.0006 0)
(0.389609 20.0006 0)
(0.389609 20.0006 0)
(0.389609 20.0006 0)
(0.389609 20.0006 0)
(0.389609 20.0006 0)
(0.389609 20.0006 0)
(0.389609 20.0006 0)
(0.389609 20.0006 0)
(0.389609 20.0006 0)
(0.389609 20.0006 0)
(0.389609 20.0006 0)
(0.389609 20.0006 0)
(0.389609 20.0006 0)
(0.389609 20.0006 0)
(0.389609 20.0006 0)
(0.389609 20.0006 0)
(0.389609 20.0006 0)
(0.389609 20.0006 0)
(0.389609 20.0006 0)
(0.389609 20.0006 0)
(0.389609 20.0006 0)
(0.389609 20.0006 0)
(0.389609 20.0006 0)
(0.389609 20.0006 0)
(0.389609 20.0006 0)
(0.389609 20.0006 0)
(0.389609 20.0006 0)
(0.389609 20.0006 0)
(0.389609 20.0006 0)
(0.389609 20.0006 0)
(0.389609 20.0006 0)
(0.389609 20.0006 0)
(0.38961 20.0006 0)
(0.38961 20.0006 0)
(0.38961 20.0006 0)
(0.38961 20.0006 0)
(0.38961 20.0006 0)
(0.38961 20.0006 0)
(0.38961 20.0006 0)
(0.389611 20.0006 0)
(0.389611 20.0006 0)
(0.389612 20.0006 0)
(0.389614 20.0006 0)
(0.389616 20.0006 0)
(0.38962 20.0006 0)
(0.389625 20.0005 0)
(0.389634 20.0005 0)
(0.389648 20.0005 0)
(0.389669 20.0004 0)
(0.389703 20.0003 0)
(0.389759 20.0002 0)
(0.389851 19.9999 0)
(0.390011 19.9996 0)
(0.390291 19.9991 0)
(0.390805 19.9983 0)
(0.391715 19.9972 0)
(0.393423 19.9955 0)
(0.39603 19.9933 0)
(0.399991 19.9913 0)
(0.272415 19.564 0)
(0.278442 19.6232 0)
(0.294023 19.698 0)
(0.306128 19.7634 0)
(0.313848 19.815 0)
(0.319172 19.855 0)
(0.322908 19.8865 0)
(0.325899 19.9113 0)
(0.328266 19.931 0)
(0.330209 19.9466 0)
(0.331779 19.9589 0)
(0.333052 19.9686 0)
(0.334073 19.9762 0)
(0.334887 19.9821 0)
(0.33553 19.9866 0)
(0.336035 19.9901 0)
(0.336427 19.9928 0)
(0.336731 19.9948 0)
(0.336963 19.9963 0)
(0.337141 19.9975 0)
(0.337275 19.9983 0)
(0.337376 19.9989 0)
(0.337452 19.9994 0)
(0.337509 19.9997 0)
(0.33755 20 0)
(0.337581 20.0002 0)
(0.337603 20.0003 0)
(0.33762 20.0004 0)
(0.337632 20.0004 0)
(0.33764 20.0005 0)
(0.337647 20.0005 0)
(0.337651 20.0005 0)
(0.337654 20.0006 0)
(0.337657 20.0006 0)
(0.337658 20.0006 0)
(0.337659 20.0006 0)
(0.33766 20.0006 0)
(0.337661 20.0006 0)
(0.337661 20.0006 0)
(0.337661 20.0006 0)
(0.337662 20.0006 0)
(0.337662 20.0006 0)
(0.337662 20.0006 0)
(0.337662 20.0006 0)
(0.337662 20.0006 0)
(0.337662 20.0006 0)
(0.337662 20.0006 0)
(0.337662 20.0006 0)
(0.337662 20.0006 0)
(0.337662 20.0006 0)
(0.337662 20.0006 0)
(0.337662 20.0006 0)
(0.337662 20.0006 0)
(0.337662 20.0006 0)
(0.337662 20.0006 0)
(0.337662 20.0006 0)
(0.337662 20.0006 0)
(0.337662 20.0006 0)
(0.337662 20.0006 0)
(0.337662 20.0006 0)
(0.337662 20.0006 0)
(0.337662 20.0006 0)
(0.337662 20.0006 0)
(0.337662 20.0006 0)
(0.337662 20.0006 0)
(0.337662 20.0006 0)
(0.337662 20.0006 0)
(0.337662 20.0006 0)
(0.337662 20.0006 0)
(0.337662 20.0006 0)
(0.337662 20.0006 0)
(0.337662 20.0006 0)
(0.337662 20.0006 0)
(0.337662 20.0006 0)
(0.337662 20.0006 0)
(0.337662 20.0006 0)
(0.337662 20.0006 0)
(0.337662 20.0006 0)
(0.337663 20.0006 0)
(0.337663 20.0006 0)
(0.337663 20.0006 0)
(0.337664 20.0006 0)
(0.337665 20.0006 0)
(0.337666 20.0006 0)
(0.337668 20.0006 0)
(0.337672 20.0006 0)
(0.337677 20.0005 0)
(0.337685 20.0005 0)
(0.337697 20.0005 0)
(0.337717 20.0004 0)
(0.337748 20.0003 0)
(0.337799 20.0001 0)
(0.337885 19.9999 0)
(0.338034 19.9995 0)
(0.338296 19.999 0)
(0.338778 19.9981 0)
(0.339628 19.9968 0)
(0.341215 19.9948 0)
(0.343614 19.9921 0)
(0.347204 19.9896 0)
(0.230063 19.5523 0)
(0.234803 19.6094 0)
(0.247802 19.6854 0)
(0.258087 19.7534 0)
(0.26479 19.8073 0)
(0.269434 19.8489 0)
(0.272718 19.8817 0)
(0.275348 19.9075 0)
(0.277431 19.928 0)
(0.279141 19.9443 0)
(0.280523 19.9571 0)
(0.281645 19.9672 0)
(0.282545 19.9751 0)
(0.283263 19.9812 0)
(0.28383 19.986 0)
(0.284275 19.9896 0)
(0.284622 19.9924 0)
(0.284889 19.9945 0)
(0.285095 19.9961 0)
(0.285252 19.9973 0)
(0.285371 19.9982 0)
(0.285461 19.9988 0)
(0.285528 19.9993 0)
(0.285578 19.9997 0)
(0.285615 19.9999 0)
(0.285642 20.0001 0)
(0.285662 20.0003 0)
(0.285676 20.0004 0)
(0.285687 20.0004 0)
(0.285695 20.0005 0)
(0.2857 20.0005 0)
(0.285704 20.0005 0)
(0.285707 20.0005 0)
(0.285709 20.0006 0)
(0.285711 20.0006 0)
(0.285712 20.0006 0)
(0.285712 20.0006 0)
(0.285713 20.0006 0)
(0.285713 20.0006 0)
(0.285714 20.0006 0)
(0.285714 20.0006 0)
(0.285714 20.0006 0)
(0.285714 20.0006 0)
(0.285714 20.0006 0)
(0.285714 20.0006 0)
(0.285714 20.0006 0)
(0.285714 20.0006 0)
(0.285714 20.0006 0)
(0.285714 20.0006 0)
(0.285714 20.0006 0)
(0.285714 20.0006 0)
(0.285714 20.0006 0)
(0.285714 20.0006 0)
(0.285714 20.0006 0)
(0.285714 20.0006 0)
(0.285714 20.0006 0)
(0.285714 20.0006 0)
(0.285714 20.0006 0)
(0.285714 20.0006 0)
(0.285714 20.0006 0)
(0.285714 20.0006 0)
(0.285714 20.0006 0)
(0.285714 20.0006 0)
(0.285714 20.0006 0)
(0.285714 20.0006 0)
(0.285714 20.0006 0)
(0.285714 20.0006 0)
(0.285714 20.0006 0)
(0.285714 20.0006 0)
(0.285714 20.0006 0)
(0.285714 20.0006 0)
(0.285714 20.0006 0)
(0.285714 20.0006 0)
(0.285714 20.0006 0)
(0.285714 20.0006 0)
(0.285714 20.0006 0)
(0.285714 20.0006 0)
(0.285715 20.0006 0)
(0.285715 20.0006 0)
(0.285715 20.0006 0)
(0.285715 20.0006 0)
(0.285716 20.0006 0)
(0.285717 20.0006 0)
(0.285718 20.0006 0)
(0.28572 20.0006 0)
(0.285723 20.0006 0)
(0.285727 20.0005 0)
(0.285734 20.0005 0)
(0.285745 20.0005 0)
(0.285763 20.0004 0)
(0.285791 20.0003 0)
(0.285837 20.0001 0)
(0.285913 19.9998 0)
(0.286048 19.9995 0)
(0.286284 19.9988 0)
(0.286719 19.9979 0)
(0.287484 19.9964 0)
(0.288906 19.9942 0)
(0.291038 19.9909 0)
(0.294185 19.988 0)
(0.187946 19.5428 0)
(0.191592 19.598 0)
(0.202092 19.675 0)
(0.210526 19.7451 0)
(0.21612 19.8008 0)
(0.220012 19.8438 0)
(0.222783 19.8776 0)
(0.225001 19.9043 0)
(0.226761 19.9255 0)
(0.228205 19.9423 0)
(0.229373 19.9556 0)
(0.230321 19.966 0)
(0.231082 19.9742 0)
(0.231689 19.9805 0)
(0.232169 19.9854 0)
(0.232546 19.9892 0)
(0.232839 19.9921 0)
(0.233066 19.9943 0)
(0.23324 19.9959 0)
(0.233373 19.9972 0)
(0.233474 19.9981 0)
(0.23355 19.9988 0)
(0.233607 19.9993 0)
(0.23365 19.9996 0)
(0.233681 19.9999 0)
(0.233704 20.0001 0)
(0.233721 20.0002 0)
(0.233734 20.0003 0)
(0.233743 20.0004 0)
(0.23375 20.0005 0)
(0.233754 20.0005 0)
(0.233758 20.0005 0)
(0.23376 20.0005 0)
(0.233762 20.0006 0)
(0.233763 20.0006 0)
(0.233764 20.0006 0)
(0.233765 20.0006 0)
(0.233765 20.0006 0)
(0.233766 20.0006 0)
(0.233766 20.0006 0)
(0.233766 20.0006 0)
(0.233766 20.0006 0)
(0.233766 20.0006 0)
(0.233766 20.0006 0)
(0.233766 20.0006 0)
(0.233766 20.0006 0)
(0.233766 20.0006 0)
(0.233766 20.0006 0)
(0.233766 20.0006 0)
(0.233766 20.0006 0)
(0.233766 20.0006 0)
(0.233766 20.0006 0)
(0.233766 20.0006 0)
(0.233766 20.0006 0)
(0.233766 20.0006 0)
(0.233766 20.0006 0)
(0.233766 20.0006 0)
(0.233766 20.0006 0)
(0.233766 20.0006 0)
(0.233766 20.0006 0)
(0.233766 20.0006 0)
(0.233766 20.0006 0)
(0.233766 20.0006 0)
(0.233766 20.0006 0)
(0.233766 20.0006 0)
(0.233766 20.0006 0)
(0.233766 20.0006 0)
(0.233766 20.0006 0)
(0.233766 20.0006 0)
(0.233766 20.0006 0)
(0.233766 20.0006 0)
(0.233766 20.0006 0)
(0.233766 20.0006 0)
(0.233766 20.0006 0)
(0.233766 20.0006 0)
(0.233766 20.0006 0)
(0.233766 20.0006 0)
(0.233766 20.0006 0)
(0.233767 20.0006 0)
(0.233767 20.0006 0)
(0.233767 20.0006 0)
(0.233768 20.0006 0)
(0.233768 20.0006 0)
(0.233769 20.0006 0)
(0.233771 20.0006 0)
(0.233773 20.0005 0)
(0.233777 20.0005 0)
(0.233783 20.0005 0)
(0.233793 20.0004 0)
(0.233808 20.0004 0)
(0.233831 20.0003 0)
(0.233871 20.0001 0)
(0.233936 19.9998 0)
(0.234052 19.9994 0)
(0.234256 19.9987 0)
(0.234631 19.9977 0)
(0.235289 19.9961 0)
(0.236507 19.9936 0)
(0.238321 19.99 0)
(0.240969 19.9866 0)
(0.146008 19.5352 0)
(0.148707 19.5891 0)
(0.156783 19.6666 0)
(0.163351 19.7384 0)
(0.167767 19.7955 0)
(0.17085 19.8397 0)
(0.173057 19.8743 0)
(0.174823 19.9017 0)
(0.176226 19.9235 0)
(0.177378 19.9407 0)
(0.17831 19.9543 0)
(0.179066 19.965 0)
(0.179673 19.9734 0)
(0.180158 19.9799 0)
(0.180541 19.985 0)
(0.180842 19.9888 0)
(0.181077 19.9918 0)
(0.181258 19.9941 0)
(0.181397 19.9958 0)
(0.181504 19.997 0)
(0.181584 19.998 0)
(0.181645 19.9987 0)
(0.181691 19.9992 0)
(0.181725 19.9996 0)
(0.18175 19.9999 0)
(0.181769 20.0001 0)
(0.181782 20.0002 0)
(0.181792 20.0003 0)
(0.181799 20.0004 0)
(0.181805 20.0005 0)
(0.181809 20.0005 0)
(0.181811 20.0005 0)
(0.181813 20.0005 0)
(0.181815 20.0006 0)
(0.181816 20.0006 0)
(0.181816 20.0006 0)
(0.181817 20.0006 0)
(0.181817 20.0006 0)
(0.181818 20.0006 0)
(0.181818 20.0006 0)
(0.181818 20.0006 0)
(0.181818 20.0006 0)
(0.181818 20.0006 0)
(0.181818 20.0006 0)
(0.181818 20.0006 0)
(0.181818 20.0006 0)
(0.181818 20.0006 0)
(0.181818 20.0006 0)
(0.181818 20.0006 0)
(0.181818 20.0006 0)
(0.181818 20.0006 0)
(0.181818 20.0006 0)
(0.181818 20.0006 0)
(0.181818 20.0006 0)
(0.181818 20.0006 0)
(0.181818 20.0006 0)
(0.181818 20.0006 0)
(0.181818 20.0006 0)
(0.181818 20.0006 0)
(0.181818 20.0006 0)
(0.181818 20.0006 0)
(0.181818 20.0006 0)
(0.181818 20.0006 0)
(0.181818 20.0006 0)
(0.181818 20.0006 0)
(0.181818 20.0006 0)
(0.181818 20.0006 0)
(0.181818 20.0006 0)
(0.181818 20.0006 0)
(0.181818 20.0006 0)
(0.181818 20.0006 0)
(0.181818 20.0006 0)
(0.181818 20.0006 0)
(0.181818 20.0006 0)
(0.181818 20.0006 0)
(0.181818 20.0006 0)
(0.181818 20.0006 0)
(0.181818 20.0006 0)
(0.181819 20.0006 0)
(0.181819 20.0006 0)
(0.181819 20.0006 0)
(0.181819 20.0006 0)
(0.18182 20.0006 0)
(0.181821 20.0006 0)
(0.181822 20.0006 0)
(0.181824 20.0005 0)
(0.181827 20.0005 0)
(0.181832 20.0005 0)
(0.181839 20.0004 0)
(0.181851 20.0004 0)
(0.18187 20.0002 0)
(0.181902 20.0001 0)
(0.181955 19.9998 0)
(0.182049 19.9993 0)
(0.182214 19.9987 0)
(0.182518 19.9976 0)
(0.18305 19.9958 0)
(0.184032 19.9931 0)
(0.185487 19.9891 0)
(0.18759 19.9855 0)
(0.104202 19.5296 0)
(0.106059 19.5824 0)
(0.111778 19.6604 0)
(0.116471 19.7334 0)
(0.119659 19.7916 0)
(0.12189 19.8366 0)
(0.123494 19.8719 0)
(0.124778 19.8998 0)
(0.125799 19.9219 0)
(0.126637 19.9395 0)
(0.127314 19.9534 0)
(0.127865 19.9643 0)
(0.128307 19.9728 0)
(0.12866 19.9795 0)
(0.128939 19.9846 0)
(0.129158 19.9886 0)
(0.129329 19.9916 0)
(0.129461 19.9939 0)
(0.129563 19.9956 0)
(0.12964 19.997 0)
(0.129699 19.9979 0)
(0.129744 19.9987 0)
(0.129777 19.9992 0)
(0.129802 19.9996 0)
(0.12982 19.9999 0)
(0.129834 20.0001 0)
(0.129844 20.0002 0)
(0.129851 20.0003 0)
(0.129856 20.0004 0)
(0.12986 20.0005 0)
(0.129863 20.0005 0)
(0.129865 20.0005 0)
(0.129867 20.0005 0)
(0.129868 20.0006 0)
(0.129868 20.0006 0)
(0.129869 20.0006 0)
(0.129869 20.0006 0)
(0.12987 20.0006 0)
(0.12987 20.0006 0)
(0.12987 20.0006 0)
(0.12987 20.0006 0)
(0.12987 20.0006 0)
(0.12987 20.0006 0)
(0.12987 20.0006 0)
(0.12987 20.0006 0)
(0.12987 20.0006 0)
(0.12987 20.0006 0)
(0.12987 20.0006 0)
(0.12987 20.0006 0)
(0.12987 20.0006 0)
(0.12987 20.0006 0)
(0.12987 20.0006 0)
(0.12987 20.0006 0)
(0.12987 20.0006 0)
(0.12987 20.0006 0)
(0.12987 20.0006 0)
(0.12987 20.0006 0)
(0.12987 20.0006 0)
(0.12987 20.0006 0)
(0.12987 20.0006 0)
(0.12987 20.0006 0)
(0.12987 20.0006 0)
(0.12987 20.0006 0)
(0.12987 20.0006 0)
(0.12987 20.0006 0)
(0.12987 20.0006 0)
(0.12987 20.0006 0)
(0.12987 20.0006 0)
(0.12987 20.0006 0)
(0.12987 20.0006 0)
(0.12987 20.0006 0)
(0.12987 20.0006 0)
(0.12987 20.0006 0)
(0.12987 20.0006 0)
(0.12987 20.0006 0)
(0.12987 20.0006 0)
(0.12987 20.0006 0)
(0.12987 20.0006 0)
(0.12987 20.0006 0)
(0.129871 20.0006 0)
(0.129871 20.0006 0)
(0.129871 20.0006 0)
(0.129871 20.0006 0)
(0.129872 20.0006 0)
(0.129873 20.0006 0)
(0.129874 20.0005 0)
(0.129877 20.0005 0)
(0.12988 20.0005 0)
(0.129886 20.0004 0)
(0.129894 20.0004 0)
(0.129908 20.0002 0)
(0.129931 20 0)
(0.129971 19.9998 0)
(0.130039 19.9993 0)
(0.130161 19.9986 0)
(0.130384 19.9975 0)
(0.130776 19.9956 0)
(0.131496 19.9927 0)
(0.132559 19.9885 0)
(0.134084 19.9847 0)
(0.062486 19.526 0)
(0.0635727 19.5779 0)
(0.066984 19.6562 0)
(0.0698004 19.73 0)
(0.0717257 19.7889 0)
(0.0730761 19.8345 0)
(0.0740495 19.8702 0)
(0.0748287 19.8984 0)
(0.0754483 19.9209 0)
(0.0759568 19.9387 0)
(0.0763684 19.9527 0)
(0.0767028 19.9638 0)
(0.0769713 19.9724 0)
(0.0771858 19.9792 0)
(0.0773556 19.9844 0)
(0.0774889 19.9884 0)
(0.0775928 19.9915 0)
(0.0776732 19.9938 0)
(0.077735 19.9956 0)
(0.0777822 19.9969 0)
(0.077818 19.9979 0)
(0.0778451 19.9986 0)
(0.0778653 19.9992 0)
(0.0778805 19.9996 0)
(0.0778917 19.9998 0)
(0.0778999 20.0001 0)
(0.077906 20.0002 0)
(0.0779105 20.0003 0)
(0.0779137 20.0004 0)
(0.0779161 20.0004 0)
(0.0779178 20.0005 0)
(0.077919 20.0005 0)
(0.0779199 20.0005 0)
(0.0779206 20.0005 0)
(0.077921 20.0006 0)
(0.0779213 20.0006 0)
(0.0779216 20.0006 0)
(0.0779218 20.0006 0)
(0.0779219 20.0006 0)
(0.077922 20.0006 0)
(0.077922 20.0006 0)
(0.077922 20.0006 0)
(0.077922 20.0006 0)
(0.077922 20.0006 0)
(0.077922 20.0006 0)
(0.077922 20.0006 0)
(0.077922 20.0006 0)
(0.077922 20.0006 0)
(0.077922 20.0006 0)
(0.077922 20.0006 0)
(0.077922 20.0006 0)
(0.077922 20.0006 0)
(0.077922 20.0006 0)
(0.077922 20.0006 0)
(0.0779221 20.0006 0)
(0.0779221 20.0006 0)
(0.0779221 20.0006 0)
(0.0779221 20.0006 0)
(0.0779221 20.0006 0)
(0.0779221 20.0006 0)
(0.0779221 20.0006 0)
(0.0779221 20.0006 0)
(0.0779221 20.0006 0)
(0.0779221 20.0006 0)
(0.0779221 20.0006 0)
(0.0779221 20.0006 0)
(0.0779221 20.0006 0)
(0.0779221 20.0006 0)
(0.0779221 20.0006 0)
(0.0779221 20.0006 0)
(0.0779221 20.0006 0)
(0.0779222 20.0006 0)
(0.0779222 20.0006 0)
(0.0779222 20.0006 0)
(0.0779222 20.0006 0)
(0.0779222 20.0006 0)
(0.0779222 20.0006 0)
(0.0779223 20.0006 0)
(0.0779223 20.0006 0)
(0.0779223 20.0006 0)
(0.0779224 20.0006 0)
(0.0779226 20.0006 0)
(0.0779228 20.0006 0)
(0.0779232 20.0006 0)
(0.0779238 20.0006 0)
(0.0779247 20.0005 0)
(0.0779261 20.0005 0)
(0.0779282 20.0005 0)
(0.0779315 20.0004 0)
(0.0779368 20.0003 0)
(0.0779453 20.0002 0)
(0.0779594 20 0)
(0.0779833 19.9997 0)
(0.0780254 19.9993 0)
(0.0780997 19.9985 0)
(0.0782367 19.9974 0)
(0.0784762 19.9955 0)
(0.0789158 19.9925 0)
(0.0795626 19.9881 0)
(0.0804871 19.9841 0)
(0.0208232 19.5241 0)
(0.0211809 19.5757 0)
(0.0223147 19.6541 0)
(0.0232535 19.7283 0)
(0.0238974 19.7876 0)
(0.0243493 19.8334 0)
(0.0246753 19.8694 0)
(0.0249363 19.8978 0)
(0.0251438 19.9204 0)
(0.0253141 19.9383 0)
(0.025452 19.9524 0)
(0.0255641 19.9635 0)
(0.0256541 19.9723 0)
(0.0257262 19.979 0)
(0.0257833 19.9843 0)
(0.0258281 19.9883 0)
(0.0258631 19.9914 0)
(0.0258902 19.9938 0)
(0.025911 19.9955 0)
(0.0259269 19.9969 0)
(0.025939 19.9979 0)
(0.0259482 19.9986 0)
(0.025955 19.9991 0)
(0.0259601 19.9995 0)
(0.0259638 19.9998 0)
(0.0259666 20 0)
(0.0259687 20.0002 0)
(0.0259702 20.0003 0)
(0.0259712 20.0004 0)
(0.025972 20.0004 0)
(0.0259726 20.0005 0)
(0.025973 20.0005 0)
(0.0259733 20.0005 0)
(0.0259735 20.0005 0)
(0.0259737 20.0006 0)
(0.0259738 20.0006 0)
(0.0259739 20.0006 0)
(0.025974 20.0006 0)
(0.025974 20.0006 0)
(0.025974 20.0006 0)
(0.025974 20.0006 0)
(0.025974 20.0006 0)
(0.025974 20.0006 0)
(0.025974 20.0006 0)
(0.025974 20.0006 0)
(0.025974 20.0006 0)
(0.025974 20.0006 0)
(0.025974 20.0006 0)
(0.025974 20.0006 0)
(0.025974 20.0006 0)
(0.025974 20.0006 0)
(0.025974 20.0006 0)
(0.025974 20.0006 0)
(0.025974 20.0006 0)
(0.025974 20.0006 0)
(0.025974 20.0006 0)
(0.025974 20.0006 0)
(0.025974 20.0006 0)
(0.025974 20.0006 0)
(0.0259741 20.0006 0)
(0.0259741 20.0006 0)
(0.0259741 20.0006 0)
(0.0259741 20.0006 0)
(0.0259741 20.0006 0)
(0.0259741 20.0006 0)
(0.0259741 20.0006 0)
(0.0259741 20.0006 0)
(0.0259741 20.0006 0)
(0.0259741 20.0006 0)
(0.0259741 20.0006 0)
(0.0259741 20.0006 0)
(0.0259741 20.0006 0)
(0.0259741 20.0006 0)
(0.0259741 20.0006 0)
(0.0259741 20.0006 0)
(0.0259741 20.0006 0)
(0.0259741 20.0006 0)
(0.0259741 20.0006 0)
(0.0259741 20.0006 0)
(0.0259742 20.0006 0)
(0.0259742 20.0006 0)
(0.0259742 20.0006 0)
(0.0259743 20.0006 0)
(0.0259744 20.0006 0)
(0.0259746 20.0006 0)
(0.0259749 20.0005 0)
(0.0259754 20.0005 0)
(0.0259761 20.0005 0)
(0.0259772 20.0004 0)
(0.0259789 20.0003 0)
(0.0259818 20.0002 0)
(0.0259865 20 0)
(0.0259945 19.9997 0)
(0.0260087 19.9993 0)
(0.0260337 19.9985 0)
(0.0260798 19.9973 0)
(0.0261605 19.9954 0)
(0.0263083 19.9924 0)
(0.0265254 19.9879 0)
(0.0268351 19.9838 0)
(-0.0208224 19.5241 0)
(-0.0211799 19.5757 0)
(-0.0223134 19.6541 0)
(-0.0232521 19.7283 0)
(-0.0238961 19.7876 0)
(-0.0243485 19.8334 0)
(-0.0246752 19.8694 0)
(-0.024937 19.8978 0)
(-0.0251453 19.9204 0)
(-0.0253162 19.9383 0)
(-0.0254546 19.9524 0)
(-0.0255668 19.9635 0)
(-0.0256569 19.9723 0)
(-0.0257287 19.979 0)
(-0.0257853 19.9843 0)
(-0.0258297 19.9883 0)
(-0.0258643 19.9914 0)
(-0.0258911 19.9938 0)
(-0.0259116 19.9955 0)
(-0.0259273 19.9969 0)
(-0.0259392 19.9979 0)
(-0.0259482 19.9986 0)
(-0.0259549 19.9991 0)
(-0.02596 19.9995 0)
(-0.0259637 19.9998 0)
(-0.0259665 20 0)
(-0.0259686 20.0002 0)
(-0.0259701 20.0003 0)
(-0.0259712 20.0004 0)
(-0.025972 20.0004 0)
(-0.0259726 20.0005 0)
(-0.025973 20.0005 0)
(-0.0259733 20.0005 0)
(-0.0259735 20.0005 0)
(-0.0259736 20.0006 0)
(-0.0259737 20.0006 0)
(-0.0259738 20.0006 0)
(-0.0259738 20.0006 0)
(-0.0259739 20.0006 0)
(-0.0259739 20.0006 0)
(-0.0259739 20.0006 0)
(-0.025974 20.0006 0)
(-0.025974 20.0006 0)
(-0.025974 20.0006 0)
(-0.025974 20.0006 0)
(-0.0259741 20.0006 0)
(-0.0259741 20.0006 0)
(-0.0259741 20.0006 0)
(-0.0259741 20.0006 0)
(-0.0259741 20.0006 0)
(-0.0259741 20.0006 0)
(-0.0259741 20.0006 0)
(-0.0259741 20.0006 0)
(-0.025974 20.0006 0)
(-0.025974 20.0006 0)
(-0.025974 20.0006 0)
(-0.025974 20.0006 0)
(-0.025974 20.0006 0)
(-0.025974 20.0006 0)
(-0.025974 20.0006 0)
(-0.025974 20.0006 0)
(-0.025974 20.0006 0)
(-0.025974 20.0006 0)
(-0.025974 20.0006 0)
(-0.025974 20.0006 0)
(-0.025974 20.0006 0)
(-0.025974 20.0006 0)
(-0.025974 20.0006 0)
(-0.025974 20.0006 0)
(-0.025974 20.0006 0)
(-0.025974 20.0006 0)
(-0.0259739 20.0006 0)
(-0.0259739 20.0006 0)
(-0.0259739 20.0006 0)
(-0.0259739 20.0006 0)
(-0.0259739 20.0006 0)
(-0.0259739 20.0006 0)
(-0.025974 20.0006 0)
(-0.025974 20.0006 0)
(-0.025974 20.0006 0)
(-0.0259741 20.0006 0)
(-0.0259741 20.0006 0)
(-0.0259742 20.0006 0)
(-0.0259744 20.0006 0)
(-0.0259746 20.0006 0)
(-0.0259749 20.0005 0)
(-0.0259754 20.0005 0)
(-0.0259761 20.0005 0)
(-0.0259773 20.0004 0)
(-0.0259791 20.0003 0)
(-0.025982 20.0002 0)
(-0.0259867 20 0)
(-0.0259948 19.9997 0)
(-0.0260089 19.9993 0)
(-0.026034 19.9985 0)
(-0.02608 19.9973 0)
(-0.0261606 19.9954 0)
(-0.0263084 19.9924 0)
(-0.0265255 19.9879 0)
(-0.0268352 19.9838 0)
(-0.0624853 19.526 0)
(-0.0635716 19.5779 0)
(-0.0669827 19.6562 0)
(-0.0697989 19.73 0)
(-0.0717244 19.7889 0)
(-0.0730754 19.8345 0)
(-0.0740494 19.8702 0)
(-0.0748294 19.8984 0)
(-0.0754498 19.9209 0)
(-0.0759589 19.9387 0)
(-0.076371 19.9527 0)
(-0.0767056 19.9638 0)
(-0.0769741 19.9724 0)
(-0.0771883 19.9792 0)
(-0.0773576 19.9844 0)
(-0.0774904 19.9884 0)
(-0.0775939 19.9915 0)
(-0.077674 19.9938 0)
(-0.0777356 19.9956 0)
(-0.0777825 19.9969 0)
(-0.0778182 19.9979 0)
(-0.0778451 19.9986 0)
(-0.0778653 19.9992 0)
(-0.0778804 19.9996 0)
(-0.0778916 19.9998 0)
(-0.0778998 20.0001 0)
(-0.0779059 20.0002 0)
(-0.0779104 20.0003 0)
(-0.0779137 20.0004 0)
(-0.0779161 20.0004 0)
(-0.0779178 20.0005 0)
(-0.077919 20.0005 0)
(-0.0779199 20.0005 0)
(-0.0779205 20.0005 0)
(-0.077921 20.0006 0)
(-0.0779213 20.0006 0)
(-0.0779215 20.0006 0)
(-0.0779216 20.0006 0)
(-0.0779217 20.0006 0)
(-0.0779218 20.0006 0)
(-0.0779219 20.0006 0)
(-0.077922 20.0006 0)
(-0.077922 20.0006 0)
(-0.077922 20.0006 0)
(-0.0779221 20.0006 0)
(-0.0779221 20.0006 0)
(-0.0779221 20.0006 0)
(-0.0779221 20.0006 0)
(-0.0779221 20.0006 0)
(-0.0779221 20.0006 0)
(-0.0779221 20.0006 0)
(-0.0779221 20.0006 0)
(-0.0779221 20.0006 0)
(-0.0779221 20.0006 0)
(-0.0779221 20.0006 0)
(-0.0779221 20.0006 0)
(-0.0779221 20.0006 0)
(-0.0779221 20.0006 0)
(-0.0779221 20.0006 0)
(-0.077922 20.0006 0)
(-0.077922 20.0006 0)
(-0.077922 20.0006 0)
(-0.077922 20.0006 0)
(-0.077922 20.0006 0)
(-0.077922 20.0006 0)
(-0.077922 20.0006 0)
(-0.077922 20.0006 0)
(-0.077922 20.0006 0)
(-0.077922 20.0006 0)
(-0.077922 20.0006 0)
(-0.077922 20.0006 0)
(-0.077922 20.0006 0)
(-0.077922 20.0006 0)
(-0.077922 20.0006 0)
(-0.077922 20.0006 0)
(-0.077922 20.0006 0)
(-0.077922 20.0006 0)
(-0.0779221 20.0006 0)
(-0.0779221 20.0006 0)
(-0.0779222 20.0006 0)
(-0.0779223 20.0006 0)
(-0.0779225 20.0006 0)
(-0.0779227 20.0006 0)
(-0.0779231 20.0006 0)
(-0.0779237 20.0006 0)
(-0.0779247 20.0005 0)
(-0.0779261 20.0005 0)
(-0.0779283 20.0005 0)
(-0.0779316 20.0004 0)
(-0.077937 20.0003 0)
(-0.0779455 20.0002 0)
(-0.0779597 20 0)
(-0.0779836 19.9997 0)
(-0.0780256 19.9993 0)
(-0.0781 19.9985 0)
(-0.0782369 19.9974 0)
(-0.0784764 19.9955 0)
(-0.0789159 19.9925 0)
(-0.0795627 19.9881 0)
(-0.0804872 19.9841 0)
(-0.104201 19.5296 0)
(-0.106058 19.5824 0)
(-0.111777 19.6604 0)
(-0.11647 19.7334 0)
(-0.119658 19.7916 0)
(-0.12189 19.8366 0)
(-0.123494 19.8719 0)
(-0.124779 19.8998 0)
(-0.125801 19.9219 0)
(-0.126639 19.9395 0)
(-0.127317 19.9534 0)
(-0.127868 19.9643 0)
(-0.12831 19.9728 0)
(-0.128662 19.9795 0)
(-0.128941 19.9846 0)
(-0.12916 19.9886 0)
(-0.12933 19.9916 0)
(-0.129462 19.9939 0)
(-0.129563 19.9956 0)
(-0.129641 19.997 0)
(-0.129699 19.9979 0)
(-0.129744 19.9987 0)
(-0.129777 19.9992 0)
(-0.129802 19.9996 0)
(-0.12982 19.9999 0)
(-0.129834 20.0001 0)
(-0.129844 20.0002 0)
(-0.129851 20.0003 0)
(-0.129856 20.0004 0)
(-0.12986 20.0005 0)
(-0.129863 20.0005 0)
(-0.129865 20.0005 0)
(-0.129867 20.0005 0)
(-0.129868 20.0006 0)
(-0.129868 20.0006 0)
(-0.129869 20.0006 0)
(-0.129869 20.0006 0)
(-0.129869 20.0006 0)
(-0.12987 20.0006 0)
(-0.12987 20.0006 0)
(-0.12987 20.0006 0)
(-0.12987 20.0006 0)
(-0.12987 20.0006 0)
(-0.12987 20.0006 0)
(-0.12987 20.0006 0)
(-0.12987 20.0006 0)
(-0.12987 20.0006 0)
(-0.12987 20.0006 0)
(-0.12987 20.0006 0)
(-0.12987 20.0006 0)
(-0.12987 20.0006 0)
(-0.12987 20.0006 0)
(-0.12987 20.0006 0)
(-0.12987 20.0006 0)
(-0.12987 20.0006 0)
(-0.12987 20.0006 0)
(-0.12987 20.0006 0)
(-0.12987 20.0006 0)
(-0.12987 20.0006 0)
(-0.12987 20.0006 0)
(-0.12987 20.0006 0)
(-0.12987 20.0006 0)
(-0.12987 20.0006 0)
(-0.12987 20.0006 0)
(-0.12987 20.0006 0)
(-0.12987 20.0006 0)
(-0.12987 20.0006 0)
(-0.12987 20.0006 0)
(-0.12987 20.0006 0)
(-0.12987 20.0006 0)
(-0.12987 20.0006 0)
(-0.12987 20.0006 0)
(-0.12987 20.0006 0)
(-0.12987 20.0006 0)
(-0.12987 20.0006 0)
(-0.12987 20.0006 0)
(-0.12987 20.0006 0)
(-0.12987 20.0006 0)
(-0.12987 20.0006 0)
(-0.12987 20.0006 0)
(-0.129871 20.0006 0)
(-0.129871 20.0006 0)
(-0.129871 20.0006 0)
(-0.129872 20.0006 0)
(-0.129873 20.0006 0)
(-0.129874 20.0005 0)
(-0.129877 20.0005 0)
(-0.12988 20.0005 0)
(-0.129886 20.0004 0)
(-0.129895 20.0004 0)
(-0.129909 20.0002 0)
(-0.129932 20 0)
(-0.129971 19.9998 0)
(-0.13004 19.9993 0)
(-0.130161 19.9986 0)
(-0.130385 19.9975 0)
(-0.130776 19.9956 0)
(-0.131496 19.9927 0)
(-0.132559 19.9885 0)
(-0.134084 19.9847 0)
(-0.146007 19.5352 0)
(-0.148706 19.5891 0)
(-0.156782 19.6666 0)
(-0.16335 19.7384 0)
(-0.167766 19.7955 0)
(-0.170849 19.8397 0)
(-0.173057 19.8743 0)
(-0.174824 19.9017 0)
(-0.176228 19.9235 0)
(-0.17738 19.9407 0)
(-0.178312 19.9543 0)
(-0.179069 19.965 0)
(-0.179676 19.9734 0)
(-0.18016 19.9799 0)
(-0.180543 19.985 0)
(-0.180844 19.9888 0)
(-0.181078 19.9918 0)
(-0.181259 19.9941 0)
(-0.181398 19.9958 0)
(-0.181504 19.997 0)
(-0.181584 19.998 0)
(-0.181645 19.9987 0)
(-0.181691 19.9992 0)
(-0.181725 19.9996 0)
(-0.18175 19.9999 0)
(-0.181768 20.0001 0)
(-0.181782 20.0002 0)
(-0.181792 20.0003 0)
(-0.181799 20.0004 0)
(-0.181805 20.0005 0)
(-0.181809 20.0005 0)
(-0.181811 20.0005 0)
(-0.181813 20.0005 0)
(-0.181815 20.0006 0)
(-0.181816 20.0006 0)
(-0.181816 20.0006 0)
(-0.181817 20.0006 0)
(-0.181817 20.0006 0)
(-0.181818 20.0006 0)
(-0.181818 20.0006 0)
(-0.181818 20.0006 0)
(-0.181818 20.0006 0)
(-0.181818 20.0006 0)
(-0.181818 20.0006 0)
(-0.181818 20.0006 0)
(-0.181818 20.0006 0)
(-0.181818 20.0006 0)
(-0.181818 20.0006 0)
(-0.181818 20.0006 0)
(-0.181818 20.0006 0)
(-0.181818 20.0006 0)
(-0.181818 20.0006 0)
(-0.181818 20.0006 0)
(-0.181818 20.0006 0)
(-0.181818 20.0006 0)
(-0.181818 20.0006 0)
(-0.181818 20.0006 0)
(-0.181818 20.0006 0)
(-0.181818 20.0006 0)
(-0.181818 20.0006 0)
(-0.181818 20.0006 0)
(-0.181818 20.0006 0)
(-0.181818 20.0006 0)
(-0.181818 20.0006 0)
(-0.181818 20.0006 0)
(-0.181818 20.0006 0)
(-0.181818 20.0006 0)
(-0.181818 20.0006 0)
(-0.181818 20.0006 0)
(-0.181818 20.0006 0)
(-0.181818 20.0006 0)
(-0.181818 20.0006 0)
(-0.181818 20.0006 0)
(-0.181818 20.0006 0)
(-0.181818 20.0006 0)
(-0.181818 20.0006 0)
(-0.181818 20.0006 0)
(-0.181818 20.0006 0)
(-0.181818 20.0006 0)
(-0.181819 20.0006 0)
(-0.181819 20.0006 0)
(-0.181819 20.0006 0)
(-0.18182 20.0006 0)
(-0.181821 20.0006 0)
(-0.181822 20.0006 0)
(-0.181824 20.0005 0)
(-0.181827 20.0005 0)
(-0.181832 20.0005 0)
(-0.18184 20.0004 0)
(-0.181852 20.0004 0)
(-0.181871 20.0002 0)
(-0.181902 20.0001 0)
(-0.181956 19.9998 0)
(-0.182049 19.9993 0)
(-0.182214 19.9987 0)
(-0.182518 19.9976 0)
(-0.18305 19.9958 0)
(-0.184032 19.9931 0)
(-0.185487 19.9891 0)
(-0.18759 19.9855 0)
(-0.187945 19.5428 0)
(-0.191591 19.598 0)
(-0.202091 19.675 0)
(-0.210525 19.7451 0)
(-0.216119 19.8008 0)
(-0.220011 19.8438 0)
(-0.222783 19.8776 0)
(-0.225002 19.9043 0)
(-0.226762 19.9255 0)
(-0.228207 19.9423 0)
(-0.229375 19.9556 0)
(-0.230324 19.966 0)
(-0.231085 19.9741 0)
(-0.231692 19.9805 0)
(-0.232171 19.9854 0)
(-0.232547 19.9892 0)
(-0.23284 19.9921 0)
(-0.233067 19.9943 0)
(-0.233241 19.9959 0)
(-0.233374 19.9972 0)
(-0.233474 19.9981 0)
(-0.23355 19.9988 0)
(-0.233607 19.9993 0)
(-0.23365 19.9996 0)
(-0.233681 19.9999 0)
(-0.233704 20.0001 0)
(-0.233721 20.0002 0)
(-0.233734 20.0003 0)
(-0.233743 20.0004 0)
(-0.23375 20.0005 0)
(-0.233754 20.0005 0)
(-0.233758 20.0005 0)
(-0.23376 20.0005 0)
(-0.233762 20.0006 0)
(-0.233763 20.0006 0)
(-0.233764 20.0006 0)
(-0.233765 20.0006 0)
(-0.233765 20.0006 0)
(-0.233765 20.0006 0)
(-0.233766 20.0006 0)
(-0.233766 20.0006 0)
(-0.233766 20.0006 0)
(-0.233766 20.0006 0)
(-0.233766 20.0006 0)
(-0.233766 20.0006 0)
(-0.233766 20.0006 0)
(-0.233766 20.0006 0)
(-0.233766 20.0006 0)
(-0.233766 20.0006 0)
(-0.233766 20.0006 0)
(-0.233766 20.0006 0)
(-0.233766 20.0006 0)
(-0.233766 20.0006 0)
(-0.233766 20.0006 0)
(-0.233766 20.0006 0)
(-0.233766 20.0006 0)
(-0.233766 20.0006 0)
(-0.233766 20.0006 0)
(-0.233766 20.0006 0)
(-0.233766 20.0006 0)
(-0.233766 20.0006 0)
(-0.233766 20.0006 0)
(-0.233766 20.0006 0)
(-0.233766 20.0006 0)
(-0.233766 20.0006 0)
(-0.233766 20.0006 0)
(-0.233766 20.0006 0)
(-0.233766 20.0006 0)
(-0.233766 20.0006 0)
(-0.233766 20.0006 0)
(-0.233766 20.0006 0)
(-0.233766 20.0006 0)
(-0.233766 20.0006 0)
(-0.233766 20.0006 0)
(-0.233766 20.0006 0)
(-0.233766 20.0006 0)
(-0.233766 20.0006 0)
(-0.233766 20.0006 0)
(-0.233766 20.0006 0)
(-0.233767 20.0006 0)
(-0.233767 20.0006 0)
(-0.233767 20.0006 0)
(-0.233768 20.0006 0)
(-0.233769 20.0006 0)
(-0.233771 20.0006 0)
(-0.233773 20.0005 0)
(-0.233777 20.0005 0)
(-0.233783 20.0005 0)
(-0.233793 20.0004 0)
(-0.233808 20.0004 0)
(-0.233832 20.0003 0)
(-0.233871 20.0001 0)
(-0.233937 19.9998 0)
(-0.234052 19.9994 0)
(-0.234256 19.9987 0)
(-0.234631 19.9977 0)
(-0.235289 19.9961 0)
(-0.236507 19.9936 0)
(-0.238322 19.99 0)
(-0.240969 19.9866 0)
(-0.230062 19.5523 0)
(-0.234802 19.6094 0)
(-0.247801 19.6855 0)
(-0.258086 19.7534 0)
(-0.264789 19.8073 0)
(-0.269433 19.8489 0)
(-0.272719 19.8817 0)
(-0.275349 19.9075 0)
(-0.277432 19.928 0)
(-0.279143 19.9443 0)
(-0.280526 19.9571 0)
(-0.281648 19.9672 0)
(-0.282547 19.9751 0)
(-0.283265 19.9812 0)
(-0.283832 19.986 0)
(-0.284276 19.9896 0)
(-0.284623 19.9924 0)
(-0.28489 19.9945 0)
(-0.285096 19.9961 0)
(-0.285252 19.9973 0)
(-0.285371 19.9982 0)
(-0.285461 19.9988 0)
(-0.285528 19.9993 0)
(-0.285577 19.9997 0)
(-0.285614 19.9999 0)
(-0.285642 20.0001 0)
(-0.285662 20.0003 0)
(-0.285676 20.0004 0)
(-0.285687 20.0004 0)
(-0.285695 20.0005 0)
(-0.2857 20.0005 0)
(-0.285704 20.0005 0)
(-0.285707 20.0005 0)
(-0.285709 20.0006 0)
(-0.285711 20.0006 0)
(-0.285712 20.0006 0)
(-0.285712 20.0006 0)
(-0.285713 20.0006 0)
(-0.285713 20.0006 0)
(-0.285714 20.0006 0)
(-0.285714 20.0006 0)
(-0.285714 20.0006 0)
(-0.285714 20.0006 0)
(-0.285714 20.0006 0)
(-0.285714 20.0006 0)
(-0.285714 20.0006 0)
(-0.285714 20.0006 0)
(-0.285714 20.0006 0)
(-0.285714 20.0006 0)
(-0.285714 20.0006 0)
(-0.285714 20.0006 0)
(-0.285714 20.0006 0)
(-0.285714 20.0006 0)
(-0.285714 20.0006 0)
(-0.285714 20.0006 0)
(-0.285714 20.0006 0)
(-0.285714 20.0006 0)
(-0.285714 20.0006 0)
(-0.285714 20.0006 0)
(-0.285714 20.0006 0)
(-0.285714 20.0006 0)
(-0.285714 20.0006 0)
(-0.285714 20.0006 0)
(-0.285714 20.0006 0)
(-0.285714 20.0006 0)
(-0.285714 20.0006 0)
(-0.285714 20.0006 0)
(-0.285714 20.0006 0)
(-0.285714 20.0006 0)
(-0.285714 20.0006 0)
(-0.285714 20.0006 0)
(-0.285714 20.0006 0)
(-0.285714 20.0006 0)
(-0.285714 20.0006 0)
(-0.285714 20.0006 0)
(-0.285714 20.0006 0)
(-0.285714 20.0006 0)
(-0.285714 20.0006 0)
(-0.285715 20.0006 0)
(-0.285715 20.0006 0)
(-0.285715 20.0006 0)
(-0.285716 20.0006 0)
(-0.285716 20.0006 0)
(-0.285718 20.0006 0)
(-0.28572 20.0006 0)
(-0.285723 20.0006 0)
(-0.285727 20.0005 0)
(-0.285734 20.0005 0)
(-0.285746 20.0005 0)
(-0.285763 20.0004 0)
(-0.285791 20.0003 0)
(-0.285837 20.0001 0)
(-0.285914 19.9998 0)
(-0.286048 19.9995 0)
(-0.286284 19.9988 0)
(-0.286719 19.9979 0)
(-0.287484 19.9964 0)
(-0.288906 19.9942 0)
(-0.291038 19.9909 0)
(-0.294185 19.988 0)
(-0.272415 19.564 0)
(-0.278441 19.6232 0)
(-0.294023 19.698 0)
(-0.306127 19.7634 0)
(-0.313848 19.815 0)
(-0.319172 19.855 0)
(-0.322908 19.8865 0)
(-0.3259 19.9113 0)
(-0.328267 19.931 0)
(-0.330211 19.9466 0)
(-0.331781 19.9589 0)
(-0.333055 19.9686 0)
(-0.334076 19.9762 0)
(-0.334889 19.9821 0)
(-0.335532 19.9866 0)
(-0.336036 19.9901 0)
(-0.336428 19.9928 0)
(-0.336731 19.9948 0)
(-0.336964 19.9963 0)
(-0.337141 19.9975 0)
(-0.337275 19.9983 0)
(-0.337376 19.9989 0)
(-0.337452 19.9994 0)
(-0.337508 19.9997 0)
(-0.33755 20 0)
(-0.337581 20.0002 0)
(-0.337603 20.0003 0)
(-0.33762 20.0004 0)
(-0.337632 20.0004 0)
(-0.33764 20.0005 0)
(-0.337647 20.0005 0)
(-0.337651 20.0005 0)
(-0.337654 20.0006 0)
(-0.337656 20.0006 0)
(-0.337658 20.0006 0)
(-0.337659 20.0006 0)
(-0.33766 20.0006 0)
(-0.337661 20.0006 0)
(-0.337661 20.0006 0)
(-0.337661 20.0006 0)
(-0.337662 20.0006 0)
(-0.337662 20.0006 0)
(-0.337662 20.0006 0)
(-0.337662 20.0006 0)
(-0.337662 20.0006 0)
(-0.337662 20.0006 0)
(-0.337662 20.0006 0)
(-0.337662 20.0006 0)
(-0.337662 20.0006 0)
(-0.337662 20.0006 0)
(-0.337662 20.0006 0)
(-0.337662 20.0006 0)
(-0.337662 20.0006 0)
(-0.337662 20.0006 0)
(-0.337662 20.0006 0)
(-0.337662 20.0006 0)
(-0.337662 20.0006 0)
(-0.337662 20.0006 0)
(-0.337662 20.0006 0)
(-0.337662 20.0006 0)
(-0.337662 20.0006 0)
(-0.337662 20.0006 0)
(-0.337662 20.0006 0)
(-0.337662 20.0006 0)
(-0.337662 20.0006 0)
(-0.337662 20.0006 0)
(-0.337662 20.0006 0)
(-0.337662 20.0006 0)
(-0.337662 20.0006 0)
(-0.337662 20.0006 0)
(-0.337662 20.0006 0)
(-0.337662 20.0006 0)
(-0.337662 20.0006 0)
(-0.337662 20.0006 0)
(-0.337662 20.0006 0)
(-0.337662 20.0006 0)
(-0.337662 20.0006 0)
(-0.337662 20.0006 0)
(-0.337662 20.0006 0)
(-0.337663 20.0006 0)
(-0.337663 20.0006 0)
(-0.337664 20.0006 0)
(-0.337665 20.0006 0)
(-0.337666 20.0006 0)
(-0.337668 20.0006 0)
(-0.337672 20.0006 0)
(-0.337677 20.0005 0)
(-0.337685 20.0005 0)
(-0.337697 20.0005 0)
(-0.337717 20.0004 0)
(-0.337748 20.0003 0)
(-0.3378 20.0001 0)
(-0.337885 19.9999 0)
(-0.338035 19.9995 0)
(-0.338297 19.999 0)
(-0.338778 19.9981 0)
(-0.339628 19.9968 0)
(-0.341215 19.9948 0)
(-0.343614 19.9921 0)
(-0.347204 19.9896 0)
(-0.31507 19.578 0)
(-0.322637 19.6395 0)
(-0.340875 19.7126 0)
(-0.354746 19.7749 0)
(-0.363365 19.8239 0)
(-0.369281 19.862 0)
(-0.373394 19.892 0)
(-0.376691 19.9157 0)
(-0.379294 19.9345 0)
(-0.381433 19.9493 0)
(-0.383159 19.961 0)
(-0.384558 19.9702 0)
(-0.385679 19.9774 0)
(-0.386573 19.983 0)
(-0.387278 19.9873 0)
(-0.387831 19.9907 0)
(-0.388261 19.9932 0)
(-0.388593 19.9951 0)
(-0.388847 19.9966 0)
(-0.389041 19.9976 0)
(-0.389188 19.9984 0)
(-0.389299 19.999 0)
(-0.389381 19.9995 0)
(-0.389443 19.9998 0)
(-0.389488 20 0)
(-0.389522 20.0002 0)
(-0.389546 20.0003 0)
(-0.389564 20.0004 0)
(-0.389577 20.0005 0)
(-0.389586 20.0005 0)
(-0.389593 20.0005 0)
(-0.389598 20.0005 0)
(-0.389601 20.0006 0)
(-0.389604 20.0006 0)
(-0.389605 20.0006 0)
(-0.389606 20.0006 0)
(-0.389607 20.0006 0)
(-0.389608 20.0006 0)
(-0.389608 20.0006 0)
(-0.389609 20.0006 0)
(-0.389609 20.0006 0)
(-0.389609 20.0006 0)
(-0.389609 20.0006 0)
(-0.389609 20.0006 0)
(-0.389609 20.0006 0)
(-0.389609 20.0006 0)
(-0.389609 20.0006 0)
(-0.389609 20.0006 0)
(-0.389609 20.0006 0)
(-0.389609 20.0006 0)
(-0.389609 20.0006 0)
(-0.389609 20.0006 0)
(-0.389609 20.0006 0)
(-0.389609 20.0006 0)
(-0.389609 20.0006 0)
(-0.389609 20.0006 0)
(-0.389609 20.0006 0)
(-0.389609 20.0006 0)
(-0.389609 20.0006 0)
(-0.389609 20.0006 0)
(-0.389609 20.0006 0)
(-0.389609 20.0006 0)
(-0.389609 20.0006 0)
(-0.389609 20.0006 0)
(-0.389609 20.0006 0)
(-0.389609 20.0006 0)
(-0.389609 20.0006 0)
(-0.389609 20.0006 0)
(-0.389609 20.0006 0)
(-0.389609 20.0006 0)
(-0.389609 20.0006 0)
(-0.389609 20.0006 0)
(-0.389609 20.0006 0)
(-0.389609 20.0006 0)
(-0.389609 20.0006 0)
(-0.389609 20.0006 0)
(-0.38961 20.0006 0)
(-0.38961 20.0006 0)
(-0.38961 20.0006 0)
(-0.38961 20.0006 0)
(-0.389611 20.0006 0)
(-0.389611 20.0006 0)
(-0.389612 20.0006 0)
(-0.389614 20.0006 0)
(-0.389616 20.0006 0)
(-0.38962 20.0006 0)
(-0.389626 20.0005 0)
(-0.389634 20.0005 0)
(-0.389648 20.0005 0)
(-0.389669 20.0004 0)
(-0.389703 20.0003 0)
(-0.389759 20.0002 0)
(-0.389851 19.9999 0)
(-0.390011 19.9996 0)
(-0.390291 19.9991 0)
(-0.390806 19.9983 0)
(-0.391715 19.9972 0)
(-0.393423 19.9955 0)
(-0.39603 19.9933 0)
(-0.399991 19.9913 0)
(-0.358115 19.5944 0)
(-0.367545 19.6585 0)
(-0.388493 19.7293 0)
(-0.404045 19.7878 0)
(-0.413411 19.834 0)
(-0.419814 19.8698 0)
(-0.424217 19.8982 0)
(-0.427753 19.9206 0)
(-0.430539 19.9383 0)
(-0.432828 19.9523 0)
(-0.434674 19.9634 0)
(-0.43617 19.9721 0)
(-0.437368 19.9788 0)
(-0.438322 19.9841 0)
(-0.439075 19.9882 0)
(-0.439664 19.9913 0)
(-0.440123 19.9937 0)
(-0.440477 19.9955 0)
(-0.440748 19.9968 0)
(-0.440954 19.9978 0)
(-0.44111 19.9986 0)
(-0.441227 19.9992 0)
(-0.441315 19.9996 0)
(-0.44138 19.9999 0)
(-0.441428 20.0001 0)
(-0.441463 20.0002 0)
(-0.441489 20.0003 0)
(-0.441508 20.0004 0)
(-0.441521 20.0005 0)
(-0.441531 20.0005 0)
(-0.441538 20.0005 0)
(-0.441543 20.0006 0)
(-0.441547 20.0006 0)
(-0.441549 20.0006 0)
(-0.441551 20.0006 0)
(-0.441552 20.0006 0)
(-0.441553 20.0006 0)
(-0.441554 20.0006 0)
(-0.441554 20.0006 0)
(-0.441555 20.0006 0)
(-0.441555 20.0006 0)
(-0.441555 20.0006 0)
(-0.441555 20.0006 0)
(-0.441555 20.0006 0)
(-0.441555 20.0006 0)
(-0.441555 20.0006 0)
(-0.441555 20.0006 0)
(-0.441556 20.0006 0)
(-0.441556 20.0006 0)
(-0.441556 20.0006 0)
(-0.441556 20.0006 0)
(-0.441556 20.0006 0)
(-0.441556 20.0006 0)
(-0.441556 20.0006 0)
(-0.441556 20.0006 0)
(-0.441556 20.0006 0)
(-0.441555 20.0006 0)
(-0.441555 20.0006 0)
(-0.441555 20.0006 0)
(-0.441555 20.0006 0)
(-0.441555 20.0006 0)
(-0.441555 20.0006 0)
(-0.441555 20.0006 0)
(-0.441555 20.0006 0)
(-0.441555 20.0006 0)
(-0.441555 20.0006 0)
(-0.441556 20.0006 0)
(-0.441556 20.0006 0)
(-0.441555 20.0006 0)
(-0.441555 20.0006 0)
(-0.441555 20.0006 0)
(-0.441555 20.0006 0)
(-0.441555 20.0006 0)
(-0.441555 20.0006 0)
(-0.441556 20.0006 0)
(-0.441556 20.0006 0)
(-0.441556 20.0006 0)
(-0.441556 20.0006 0)
(-0.441556 20.0006 0)
(-0.441556 20.0006 0)
(-0.441557 20.0006 0)
(-0.441557 20.0006 0)
(-0.441558 20.0006 0)
(-0.44156 20.0006 0)
(-0.441563 20.0006 0)
(-0.441567 20.0006 0)
(-0.441573 20.0006 0)
(-0.441582 20.0005 0)
(-0.441596 20.0005 0)
(-0.441619 20.0004 0)
(-0.441655 20.0003 0)
(-0.441713 20.0002 0)
(-0.441809 20 0)
(-0.441976 19.9997 0)
(-0.442266 19.9992 0)
(-0.442798 19.9986 0)
(-0.443741 19.9976 0)
(-0.445521 19.9963 0)
(-0.448267 19.9946 0)
(-0.452514 19.9931 0)
(-0.401656 19.6136 0)
(-0.413362 19.6802 0)
(-0.437023 19.748 0)
(-0.454127 19.8022 0)
(-0.464052 19.845 0)
(-0.470818 19.8785 0)
(-0.475414 19.905 0)
(-0.479115 19.926 0)
(-0.482023 19.9426 0)
(-0.484415 19.9557 0)
(-0.486341 19.966 0)
(-0.487901 19.9741 0)
(-0.489149 19.9804 0)
(-0.490142 19.9853 0)
(-0.490925 19.9891 0)
(-0.491539 19.992 0)
(-0.492015 19.9942 0)
(-0.492382 19.9959 0)
(-0.492664 19.9971 0)
(-0.492878 19.9981 0)
(-0.493039 19.9988 0)
(-0.49316 19.9993 0)
(-0.493251 19.9997 0)
(-0.493318 19.9999 0)
(-0.493367 20.0001 0)
(-0.493404 20.0003 0)
(-0.49343 20.0004 0)
(-0.493449 20.0004 0)
(-0.493463 20.0005 0)
(-0.493473 20.0005 0)
(-0.49348 20.0005 0)
(-0.493485 20.0006 0)
(-0.493489 20.0006 0)
(-0.493492 20.0006 0)
(-0.493493 20.0006 0)
(-0.493495 20.0006 0)
(-0.493496 20.0006 0)
(-0.493496 20.0006 0)
(-0.493497 20.0006 0)
(-0.493497 20.0006 0)
(-0.493497 20.0006 0)
(-0.493497 20.0006 0)
(-0.493497 20.0006 0)
(-0.493498 20.0006 0)
(-0.493498 20.0006 0)
(-0.493498 20.0006 0)
(-0.493498 20.0006 0)
(-0.493498 20.0006 0)
(-0.493498 20.0006 0)
(-0.493498 20.0006 0)
(-0.493498 20.0006 0)
(-0.493498 20.0006 0)
(-0.493498 20.0006 0)
(-0.493498 20.0006 0)
(-0.493498 20.0006 0)
(-0.493498 20.0006 0)
(-0.493498 20.0006 0)
(-0.493498 20.0006 0)
(-0.493498 20.0006 0)
(-0.493498 20.0006 0)
(-0.493498 20.0006 0)
(-0.493498 20.0006 0)
(-0.493498 20.0006 0)
(-0.493498 20.0006 0)
(-0.493498 20.0006 0)
(-0.493498 20.0006 0)
(-0.493498 20.0006 0)
(-0.493498 20.0006 0)
(-0.493498 20.0006 0)
(-0.493498 20.0006 0)
(-0.493498 20.0006 0)
(-0.493498 20.0006 0)
(-0.493498 20.0006 0)
(-0.493498 20.0006 0)
(-0.493498 20.0006 0)
(-0.493498 20.0006 0)
(-0.493498 20.0006 0)
(-0.493498 20.0006 0)
(-0.493498 20.0006 0)
(-0.493498 20.0006 0)
(-0.493499 20.0006 0)
(-0.4935 20.0006 0)
(-0.493501 20.0006 0)
(-0.493502 20.0006 0)
(-0.493505 20.0006 0)
(-0.493509 20.0006 0)
(-0.493515 20.0006 0)
(-0.493525 20.0005 0)
(-0.49354 20.0005 0)
(-0.493563 20.0004 0)
(-0.4936 20.0004 0)
(-0.493659 20.0002 0)
(-0.493757 20.0001 0)
(-0.493926 19.9998 0)
(-0.494218 19.9994 0)
(-0.494751 19.9988 0)
(-0.4957 19.998 0)
(-0.497499 19.9971 0)
(-0.50031 19.996 0)
(-0.504738 19.995 0)
(-0.445833 19.6358 0)
(-0.460337 19.7046 0)
(-0.486625 19.7686 0)
(-0.505092 19.8179 0)
(-0.515347 19.8571 0)
(-0.522335 19.8879 0)
(-0.527015 19.9124 0)
(-0.5308 19.9318 0)
(-0.533764 19.9472 0)
(-0.536203 19.9592 0)
(-0.538165 19.9688 0)
(-0.539753 19.9762 0)
(-0.541023 19.982 0)
(-0.542032 19.9865 0)
(-0.542827 19.99 0)
(-0.54345 19.9927 0)
(-0.543933 19.9947 0)
(-0.544305 19.9963 0)
(-0.54459 19.9974 0)
(-0.544806 19.9983 0)
(-0.544969 19.9989 0)
(-0.545091 19.9994 0)
(-0.545182 19.9998 0)
(-0.545249 20 0)
(-0.545299 20.0002 0)
(-0.545335 20.0003 0)
(-0.545361 20.0004 0)
(-0.54538 20.0005 0)
(-0.545394 20.0005 0)
(-0.545404 20.0005 0)
(-0.545411 20.0006 0)
(-0.545416 20.0006 0)
(-0.54542 20.0006 0)
(-0.545422 20.0006 0)
(-0.545424 20.0006 0)
(-0.545425 20.0006 0)
(-0.545426 20.0006 0)
(-0.545427 20.0006 0)
(-0.545427 20.0006 0)
(-0.545427 20.0006 0)
(-0.545428 20.0006 0)
(-0.545428 20.0006 0)
(-0.545428 20.0006 0)
(-0.545428 20.0006 0)
(-0.545428 20.0006 0)
(-0.545428 20.0006 0)
(-0.545428 20.0006 0)
(-0.545428 20.0006 0)
(-0.545428 20.0006 0)
(-0.545428 20.0006 0)
(-0.545428 20.0006 0)
(-0.545428 20.0006 0)
(-0.545428 20.0006 0)
(-0.545428 20.0006 0)
(-0.545428 20.0006 0)
(-0.545428 20.0006 0)
(-0.545428 20.0006 0)
(-0.545428 20.0006 0)
(-0.545428 20.0006 0)
(-0.545428 20.0006 0)
(-0.545428 20.0006 0)
(-0.545428 20.0006 0)
(-0.545428 20.0006 0)
(-0.545428 20.0006 0)
(-0.545428 20.0006 0)
(-0.545428 20.0006 0)
(-0.545428 20.0006 0)
(-0.545428 20.0006 0)
(-0.545428 20.0006 0)
(-0.545428 20.0006 0)
(-0.545428 20.0006 0)
(-0.545428 20.0006 0)
(-0.545428 20.0006 0)
(-0.545428 20.0006 0)
(-0.545428 20.0006 0)
(-0.545428 20.0006 0)
(-0.545428 20.0006 0)
(-0.545428 20.0006 0)
(-0.545429 20.0006 0)
(-0.545429 20.0006 0)
(-0.545429 20.0006 0)
(-0.54543 20.0006 0)
(-0.545431 20.0006 0)
(-0.545433 20.0006 0)
(-0.545435 20.0006 0)
(-0.545439 20.0006 0)
(-0.545446 20.0006 0)
(-0.545455 20.0005 0)
(-0.54547 20.0005 0)
(-0.545494 20.0005 0)
(-0.54553 20.0004 0)
(-0.54559 20.0003 0)
(-0.545687 20.0001 0)
(-0.545853 19.9999 0)
(-0.546139 19.9995 0)
(-0.546659 19.9991 0)
(-0.547584 19.9985 0)
(-0.54935 19.9978 0)
(-0.552142 19.9973 0)
(-0.556627 19.997 0)
(-0.490824 19.6614 0)
(-0.508774 19.732 0)
(-0.537459 19.791 0)
(-0.557019 19.8348 0)
(-0.567331 19.87 0)
(-0.574384 19.898 0)
(-0.57903 19.9204 0)
(-0.582809 19.9381 0)
(-0.585758 19.9521 0)
(-0.588187 19.9631 0)
(-0.590137 19.9717 0)
(-0.591715 19.9785 0)
(-0.592974 19.9838 0)
(-0.593975 19.9879 0)
(-0.594762 19.9911 0)
(-0.595378 19.9935 0)
(-0.595855 19.9953 0)
(-0.596222 19.9967 0)
(-0.596503 19.9978 0)
(-0.596716 19.9986 0)
(-0.596876 19.9991 0)
(-0.596996 19.9996 0)
(-0.597085 19.9999 0)
(-0.59715 20.0001 0)
(-0.597198 20.0002 0)
(-0.597234 20.0004 0)
(-0.597259 20.0004 0)
(-0.597278 20.0005 0)
(-0.597291 20.0005 0)
(-0.5973 20.0006 0)
(-0.597307 20.0006 0)
(-0.597312 20.0006 0)
(-0.597315 20.0006 0)
(-0.597318 20.0006 0)
(-0.597319 20.0006 0)
(-0.597321 20.0006 0)
(-0.597321 20.0006 0)
(-0.597322 20.0006 0)
(-0.597322 20.0006 0)
(-0.597323 20.0006 0)
(-0.597323 20.0006 0)
(-0.597323 20.0006 0)
(-0.597323 20.0006 0)
(-0.597323 20.0006 0)
(-0.597323 20.0006 0)
(-0.597323 20.0006 0)
(-0.597323 20.0006 0)
(-0.597323 20.0006 0)
(-0.597323 20.0006 0)
(-0.597323 20.0006 0)
(-0.597323 20.0006 0)
(-0.597323 20.0006 0)
(-0.597323 20.0006 0)
(-0.597323 20.0006 0)
(-0.597323 20.0006 0)
(-0.597323 20.0006 0)
(-0.597323 20.0006 0)
(-0.597323 20.0006 0)
(-0.597323 20.0006 0)
(-0.597323 20.0006 0)
(-0.597323 20.0006 0)
(-0.597323 20.0006 0)
(-0.597323 20.0006 0)
(-0.597323 20.0006 0)
(-0.597323 20.0006 0)
(-0.597323 20.0006 0)
(-0.597323 20.0006 0)
(-0.597323 20.0006 0)
(-0.597323 20.0006 0)
(-0.597323 20.0006 0)
(-0.597323 20.0006 0)
(-0.597323 20.0006 0)
(-0.597323 20.0006 0)
(-0.597323 20.0006 0)
(-0.597323 20.0006 0)
(-0.597324 20.0006 0)
(-0.597324 20.0006 0)
(-0.597324 20.0006 0)
(-0.597324 20.0006 0)
(-0.597324 20.0006 0)
(-0.597325 20.0006 0)
(-0.597325 20.0006 0)
(-0.597326 20.0006 0)
(-0.597328 20.0006 0)
(-0.597331 20.0006 0)
(-0.597334 20.0006 0)
(-0.597341 20.0006 0)
(-0.59735 20.0006 0)
(-0.597365 20.0005 0)
(-0.597387 20.0005 0)
(-0.597423 20.0004 0)
(-0.597481 20.0003 0)
(-0.597575 20.0002 0)
(-0.597734 20 0)
(-0.598006 19.9997 0)
(-0.598498 19.9993 0)
(-0.599374 19.9989 0)
(-0.60105 19.9985 0)
(-0.603737 19.9986 0)
(-0.608131 19.9988 0)
(-0.536843 19.6912 0)
(-0.559034 19.7622 0)
(-0.589647 19.8149 0)
(-0.609938 19.8527 0)
(-0.619989 19.8837 0)
(-0.626934 19.9088 0)
(-0.63142 19.9288 0)
(-0.6351 19.9447 0)
(-0.637955 19.9573 0)
(-0.640312 19.9671 0)
(-0.642198 19.9749 0)
(-0.643723 19.9809 0)
(-0.644939 19.9856 0)
(-0.645904 19.9893 0)
(-0.646663 19.9921 0)
(-0.647255 19.9943 0)
(-0.647714 19.9959 0)
(-0.648066 19.9972 0)
(-0.648335 19.9981 0)
(-0.648538 19.9988 0)
(-0.648691 19.9993 0)
(-0.648805 19.9997 0)
(-0.648889 20 0)
(-0.648951 20.0002 0)
(-0.648997 20.0003 0)
(-0.64903 20.0004 0)
(-0.649054 20.0005 0)
(-0.649071 20.0005 0)
(-0.649083 20.0005 0)
(-0.649092 20.0006 0)
(-0.649098 20.0006 0)
(-0.649103 20.0006 0)
(-0.649106 20.0006 0)
(-0.649108 20.0006 0)
(-0.64911 20.0006 0)
(-0.649111 20.0006 0)
(-0.649111 20.0006 0)
(-0.649112 20.0006 0)
(-0.649112 20.0006 0)
(-0.649113 20.0006 0)
(-0.649113 20.0006 0)
(-0.649113 20.0006 0)
(-0.649113 20.0006 0)
(-0.649113 20.0006 0)
(-0.649113 20.0006 0)
(-0.649113 20.0006 0)
(-0.649113 20.0006 0)
(-0.649113 20.0006 0)
(-0.649113 20.0006 0)
(-0.649113 20.0006 0)
(-0.649113 20.0006 0)
(-0.649113 20.0006 0)
(-0.649113 20.0006 0)
(-0.649113 20.0006 0)
(-0.649113 20.0006 0)
(-0.649113 20.0006 0)
(-0.649113 20.0006 0)
(-0.649113 20.0006 0)
(-0.649113 20.0006 0)
(-0.649113 20.0006 0)
(-0.649113 20.0006 0)
(-0.649113 20.0006 0)
(-0.649113 20.0006 0)
(-0.649113 20.0006 0)
(-0.649113 20.0006 0)
(-0.649113 20.0006 0)
(-0.649113 20.0006 0)
(-0.649113 20.0006 0)
(-0.649113 20.0006 0)
(-0.649113 20.0006 0)
(-0.649113 20.0006 0)
(-0.649113 20.0006 0)
(-0.649113 20.0006 0)
(-0.649113 20.0006 0)
(-0.649113 20.0006 0)
(-0.649113 20.0006 0)
(-0.649113 20.0006 0)
(-0.649113 20.0006 0)
(-0.649114 20.0006 0)
(-0.649114 20.0006 0)
(-0.649114 20.0006 0)
(-0.649115 20.0006 0)
(-0.649116 20.0006 0)
(-0.649117 20.0006 0)
(-0.64912 20.0006 0)
(-0.649124 20.0006 0)
(-0.649129 20.0006 0)
(-0.649138 20.0006 0)
(-0.649152 20.0005 0)
(-0.649174 20.0005 0)
(-0.649208 20.0005 0)
(-0.649263 20.0004 0)
(-0.649351 20.0002 0)
(-0.649499 20.0001 0)
(-0.64975 19.9998 0)
(-0.650201 19.9995 0)
(-0.651003 19.9993 0)
(-0.652538 19.9992 0)
(-0.65503 19.9997 0)
(-0.659156 20.0005 0)
(-0.584096 19.7257 0)
(-0.611465 19.7952 0)
(-0.643176 19.8402 0)
(-0.663718 19.8715 0)
(-0.673151 19.8981 0)
(-0.679808 19.92 0)
(-0.684 19.9377 0)
(-0.687481 19.9517 0)
(-0.690162 19.9627 0)
(-0.692378 19.9714 0)
(-0.694147 19.9781 0)
(-0.695577 19.9834 0)
(-0.696713 19.9876 0)
(-0.697615 19.9908 0)
(-0.698322 19.9933 0)
(-0.698874 19.9951 0)
(-0.6993 19.9966 0)
(-0.699627 19.9977 0)
(-0.699875 19.9985 0)
(-0.700063 19.9991 0)
(-0.700203 19.9995 0)
(-0.700307 19.9998 0)
(-0.700385 20.0001 0)
(-0.700441 20.0002 0)
(-0.700482 20.0004 0)
(-0.700512 20.0004 0)
(-0.700534 20.0005 0)
(-0.700549 20.0005 0)
(-0.70056 20.0006 0)
(-0.700568 20.0006 0)
(-0.700573 20.0006 0)
(-0.700577 20.0006 0)
(-0.70058 20.0006 0)
(-0.700582 20.0006 0)
(-0.700583 20.0006 0)
(-0.700584 20.0006 0)
(-0.700585 20.0006 0)
(-0.700585 20.0006 0)
(-0.700585 20.0006 0)
(-0.700586 20.0006 0)
(-0.700586 20.0006 0)
(-0.700586 20.0006 0)
(-0.700586 20.0006 0)
(-0.700586 20.0006 0)
(-0.700586 20.0006 0)
(-0.700586 20.0006 0)
(-0.700586 20.0006 0)
(-0.700586 20.0006 0)
(-0.700586 20.0006 0)
(-0.700586 20.0006 0)
(-0.700586 20.0006 0)
(-0.700586 20.0006 0)
(-0.700586 20.0006 0)
(-0.700586 20.0006 0)
(-0.700586 20.0006 0)
(-0.700586 20.0006 0)
(-0.700586 20.0006 0)
(-0.700586 20.0006 0)
(-0.700586 20.0006 0)
(-0.700586 20.0006 0)
(-0.700586 20.0006 0)
(-0.700586 20.0006 0)
(-0.700586 20.0006 0)
(-0.700586 20.0006 0)
(-0.700586 20.0006 0)
(-0.700586 20.0006 0)
(-0.700586 20.0006 0)
(-0.700586 20.0006 0)
(-0.700586 20.0006 0)
(-0.700586 20.0006 0)
(-0.700586 20.0006 0)
(-0.700586 20.0006 0)
(-0.700586 20.0006 0)
(-0.700586 20.0006 0)
(-0.700586 20.0006 0)
(-0.700586 20.0006 0)
(-0.700586 20.0006 0)
(-0.700586 20.0006 0)
(-0.700587 20.0006 0)
(-0.700587 20.0006 0)
(-0.700587 20.0006 0)
(-0.700588 20.0006 0)
(-0.700589 20.0006 0)
(-0.70059 20.0006 0)
(-0.700592 20.0006 0)
(-0.700596 20.0006 0)
(-0.700601 20.0006 0)
(-0.700609 20.0006 0)
(-0.700622 20.0006 0)
(-0.700642 20.0005 0)
(-0.700673 20.0005 0)
(-0.700723 20.0004 0)
(-0.700804 20.0003 0)
(-0.700937 20.0001 0)
(-0.701162 20 0)
(-0.70156 19.9997 0)
(-0.702268 19.9996 0)
(-0.703614 19.9998 0)
(-0.705822 20.0007 0)
(-0.709477 20.002 0)
(-0.632595 19.766 0)
(-0.66616 19.8306 0)
(-0.697592 19.8664 0)
(-0.717781 19.891 0)
(-0.72621 19.913 0)
(-0.732395 19.9317 0)
(-0.73616 19.9469 0)
(-0.739338 19.9589 0)
(-0.741758 19.9683 0)
(-0.743765 19.9757 0)
(-0.745359 19.9815 0)
(-0.746647 19.986 0)
(-0.747668 19.9896 0)
(-0.748477 19.9923 0)
(-0.74911 19.9944 0)
(-0.749602 19.996 0)
(-0.749981 19.9972 0)
(-0.750271 19.9981 0)
(-0.750491 19.9988 0)
(-0.750656 19.9993 0)
(-0.750779 19.9997 0)
(-0.750871 20 0)
(-0.750937 20.0002 0)
(-0.750986 20.0003 0)
(-0.751022 20.0004 0)
(-0.751047 20.0005 0)
(-0.751065 20.0005 0)
(-0.751078 20.0006 0)
(-0.751088 20.0006 0)
(-0.751094 20.0006 0)
(-0.751099 20.0006 0)
(-0.751102 20.0006 0)
(-0.751104 20.0006 0)
(-0.751106 20.0006 0)
(-0.751107 20.0006 0)
(-0.751107 20.0006 0)
(-0.751108 20.0006 0)
(-0.751108 20.0006 0)
(-0.751108 20.0006 0)
(-0.751109 20.0006 0)
(-0.751109 20.0006 0)
(-0.751109 20.0006 0)
(-0.751109 20.0006 0)
(-0.751109 20.0006 0)
(-0.751109 20.0006 0)
(-0.751109 20.0006 0)
(-0.751109 20.0006 0)
(-0.751109 20.0006 0)
(-0.751109 20.0006 0)
(-0.751109 20.0006 0)
(-0.751109 20.0006 0)
(-0.751109 20.0006 0)
(-0.751109 20.0006 0)
(-0.751109 20.0006 0)
(-0.751109 20.0006 0)
(-0.751109 20.0006 0)
(-0.751109 20.0006 0)
(-0.751109 20.0006 0)
(-0.751109 20.0006 0)
(-0.751109 20.0006 0)
(-0.751109 20.0006 0)
(-0.751109 20.0006 0)
(-0.751109 20.0006 0)
(-0.751109 20.0006 0)
(-0.751109 20.0006 0)
(-0.751109 20.0006 0)
(-0.751109 20.0006 0)
(-0.751109 20.0006 0)
(-0.751109 20.0006 0)
(-0.751109 20.0006 0)
(-0.751109 20.0006 0)
(-0.751109 20.0006 0)
(-0.751109 20.0006 0)
(-0.751109 20.0006 0)
(-0.751109 20.0006 0)
(-0.751109 20.0006 0)
(-0.751109 20.0006 0)
(-0.751109 20.0006 0)
(-0.751109 20.0006 0)
(-0.75111 20.0006 0)
(-0.75111 20.0006 0)
(-0.75111 20.0006 0)
(-0.751111 20.0006 0)
(-0.751112 20.0006 0)
(-0.751114 20.0006 0)
(-0.751117 20.0006 0)
(-0.751122 20.0006 0)
(-0.751129 20.0006 0)
(-0.751141 20.0006 0)
(-0.751158 20.0006 0)
(-0.751186 20.0005 0)
(-0.75123 20.0005 0)
(-0.751301 20.0004 0)
(-0.751416 20.0002 0)
(-0.751609 20.0001 0)
(-0.751947 19.9999 0)
(-0.752543 19.9999 0)
(-0.753663 20.0002 0)
(-0.755503 20.0015 0)
(-0.758456 20.0032 0)
(-0.68149 19.8132 0)
(-0.722129 19.868 0)
(-0.751123 19.8931 0)
(-0.770236 19.911 0)
(-0.777269 19.9284 0)
(-0.782807 19.9439 0)
(-0.78601 19.9564 0)
(-0.78878 19.9664 0)
(-0.790851 19.9741 0)
(-0.792577 19.9802 0)
(-0.793937 19.985 0)
(-0.795036 19.9887 0)
(-0.795904 19.9916 0)
(-0.79659 19.9939 0)
(-0.797125 19.9956 0)
(-0.79754 19.9969 0)
(-0.797858 19.9979 0)
(-0.7981 19.9986 0)
(-0.798283 19.9992 0)
(-0.798419 19.9996 0)
(-0.79852 19.9999 0)
(-0.798594 20.0001 0)
(-0.798648 20.0003 0)
(-0.798687 20.0004 0)
(-0.798715 20.0005 0)
(-0.798735 20.0005 0)
(-0.798749 20.0006 0)
(-0.798759 20.0006 0)
(-0.798766 20.0006 0)
(-0.798771 20.0006 0)
(-0.798774 20.0006 0)
(-0.798776 20.0006 0)
(-0.798778 20.0006 0)
(-0.798779 20.0007 0)
(-0.79878 20.0007 0)
(-0.79878 20.0007 0)
(-0.798781 20.0007 0)
(-0.798781 20.0007 0)
(-0.798781 20.0007 0)
(-0.798781 20.0007 0)
(-0.798781 20.0007 0)
(-0.798781 20.0007 0)
(-0.798781 20.0007 0)
(-0.798781 20.0007 0)
(-0.798781 20.0007 0)
(-0.798781 20.0007 0)
(-0.798781 20.0007 0)
(-0.798781 20.0007 0)
(-0.798781 20.0007 0)
(-0.798781 20.0007 0)
(-0.798781 20.0007 0)
(-0.798781 20.0007 0)
(-0.798781 20.0007 0)
(-0.798781 20.0007 0)
(-0.798781 20.0007 0)
(-0.798781 20.0007 0)
(-0.798781 20.0007 0)
(-0.798781 20.0007 0)
(-0.798782 20.0007 0)
(-0.798782 20.0007 0)
(-0.798782 20.0007 0)
(-0.798782 20.0007 0)
(-0.798782 20.0007 0)
(-0.798782 20.0007 0)
(-0.798782 20.0007 0)
(-0.798782 20.0007 0)
(-0.798782 20.0007 0)
(-0.798782 20.0007 0)
(-0.798782 20.0007 0)
(-0.798782 20.0007 0)
(-0.798782 20.0007 0)
(-0.798782 20.0007 0)
(-0.798782 20.0007 0)
(-0.798782 20.0007 0)
(-0.798782 20.0007 0)
(-0.798782 20.0007 0)
(-0.798782 20.0007 0)
(-0.798782 20.0007 0)
(-0.798782 20.0007 0)
(-0.798782 20.0007 0)
(-0.798782 20.0007 0)
(-0.798783 20.0007 0)
(-0.798783 20.0007 0)
(-0.798784 20.0007 0)
(-0.798786 20.0006 0)
(-0.798788 20.0006 0)
(-0.798792 20.0006 0)
(-0.798798 20.0006 0)
(-0.798808 20.0006 0)
(-0.798822 20.0006 0)
(-0.798846 20.0006 0)
(-0.798882 20.0005 0)
(-0.798941 20.0004 0)
(-0.799037 20.0003 0)
(-0.799194 20.0002 0)
(-0.799466 20.0001 0)
(-0.799942 20.0002 0)
(-0.800809 20.0006 0)
(-0.802213 20.002 0)
(-0.804218 20.0039 0)
(-0.726929 19.8691 0)
(-0.774747 19.9063 0)
(-0.798093 19.9196 0)
(-0.815318 19.9312 0)
(-0.820599 19.9442 0)
(-0.825331 19.9564 0)
(-0.827843 19.9662 0)
(-0.8301 19.9741 0)
(-0.831733 19.9802 0)
(-0.833106 19.9849 0)
(-0.834177 19.9886 0)
(-0.835041 19.9915 0)
(-0.835719 19.9938 0)
(-0.836252 19.9955 0)
(-0.836666 19.9969 0)
(-0.836985 19.9979 0)
(-0.837228 19.9987 0)
(-0.837411 19.9992 0)
(-0.837547 19.9997 0)
(-0.837648 20 0)
(-0.837722 20.0002 0)
(-0.837775 20.0004 0)
(-0.837814 20.0005 0)
(-0.837841 20.0006 0)
(-0.83786 20.0007 0)
(-0.837874 20.0007 0)
(-0.837883 20.0007 0)
(-0.83789 20.0007 0)
(-0.837894 20.0008 0)
(-0.837897 20.0008 0)
(-0.837899 20.0008 0)
(-0.8379 20.0008 0)
(-0.837901 20.0008 0)
(-0.837902 20.0008 0)
(-0.837902 20.0008 0)
(-0.837902 20.0008 0)
(-0.837903 20.0008 0)
(-0.837903 20.0008 0)
(-0.837903 20.0008 0)
(-0.837903 20.0008 0)
(-0.837903 20.0008 0)
(-0.837903 20.0008 0)
(-0.837903 20.0008 0)
(-0.837903 20.0008 0)
(-0.837903 20.0008 0)
(-0.837903 20.0008 0)
(-0.837903 20.0008 0)
(-0.837903 20.0008 0)
(-0.837903 20.0008 0)
(-0.837903 20.0008 0)
(-0.837903 20.0008 0)
(-0.837903 20.0008 0)
(-0.837903 20.0008 0)
(-0.837903 20.0008 0)
(-0.837903 20.0008 0)
(-0.837903 20.0008 0)
(-0.837903 20.0008 0)
(-0.837903 20.0008 0)
(-0.837903 20.0008 0)
(-0.837903 20.0008 0)
(-0.837903 20.0008 0)
(-0.837903 20.0008 0)
(-0.837903 20.0008 0)
(-0.837903 20.0008 0)
(-0.837903 20.0008 0)
(-0.837903 20.0008 0)
(-0.837903 20.0008 0)
(-0.837903 20.0008 0)
(-0.837903 20.0008 0)
(-0.837903 20.0008 0)
(-0.837903 20.0008 0)
(-0.837903 20.0008 0)
(-0.837903 20.0008 0)
(-0.837903 20.0008 0)
(-0.837903 20.0008 0)
(-0.837903 20.0008 0)
(-0.837903 20.0008 0)
(-0.837903 20.0008 0)
(-0.837903 20.0008 0)
(-0.837903 20.0008 0)
(-0.837903 20.0008 0)
(-0.837904 20.0008 0)
(-0.837904 20.0008 0)
(-0.837905 20.0008 0)
(-0.837906 20.0008 0)
(-0.837908 20.0008 0)
(-0.837911 20.0008 0)
(-0.837915 20.0008 0)
(-0.837922 20.0008 0)
(-0.837934 20.0007 0)
(-0.837952 20.0007 0)
(-0.83798 20.0007 0)
(-0.838026 20.0006 0)
(-0.838099 20.0005 0)
(-0.838219 20.0005 0)
(-0.838422 20.0004 0)
(-0.838775 20.0005 0)
(-0.839379 20.001 0)
(-0.84031 20.0024 0)
(-0.841161 20.0043 0)
(-0.755224 19.9351 0)
(-0.807982 19.9434 0)
(-0.821253 19.9453 0)
(-0.835729 19.9517 0)
(-0.839002 19.9605 0)
(-0.842788 19.9693 0)
(-0.844496 19.9764 0)
(-0.846142 19.982 0)
(-0.847258 19.9864 0)
(-0.848214 19.9898 0)
(-0.848942 19.9925 0)
(-0.849531 19.9945 0)
(-0.849987 19.9961 0)
(-0.850343 19.9974 0)
(-0.850616 19.9983 0)
(-0.850823 19.9991 0)
(-0.850979 19.9996 0)
(-0.851093 20 0)
(-0.851177 20.0003 0)
(-0.851238 20.0006 0)
(-0.851281 20.0007 0)
(-0.851311 20.0008 0)
(-0.851331 20.0009 0)
(-0.851345 20.001 0)
(-0.851355 20.001 0)
(-0.851361 20.0011 0)
(-0.851365 20.0011 0)
(-0.851368 20.0011 0)
(-0.851369 20.0011 0)
(-0.85137 20.0011 0)
(-0.851371 20.0011 0)
(-0.851371 20.0011 0)
(-0.851371 20.0011 0)
(-0.851371 20.0011 0)
(-0.851371 20.0011 0)
(-0.851371 20.0011 0)
(-0.851371 20.0011 0)
(-0.851371 20.0011 0)
(-0.851371 20.0011 0)
(-0.851371 20.0011 0)
(-0.851371 20.0011 0)
(-0.851371 20.0011 0)
(-0.851371 20.0011 0)
(-0.851371 20.0011 0)
(-0.851371 20.0011 0)
(-0.851371 20.0011 0)
(-0.851371 20.0011 0)
(-0.851371 20.0011 0)
(-0.851371 20.0011 0)
(-0.851371 20.0011 0)
(-0.851371 20.0011 0)
(-0.851371 20.0011 0)
(-0.851371 20.0011 0)
(-0.851371 20.0011 0)
(-0.851371 20.0011 0)
(-0.851371 20.0011 0)
(-0.851371 20.0011 0)
(-0.851371 20.0011 0)
(-0.851371 20.0011 0)
(-0.851371 20.0011 0)
(-0.851371 20.0011 0)
(-0.851371 20.0011 0)
(-0.851371 20.0011 0)
(-0.851371 20.0011 0)
(-0.851371 20.0011 0)
(-0.851371 20.0011 0)
(-0.851371 20.0011 0)
(-0.851371 20.0011 0)
(-0.851371 20.0011 0)
(-0.851371 20.0011 0)
(-0.851371 20.0011 0)
(-0.851371 20.0011 0)
(-0.851371 20.0011 0)
(-0.851371 20.0011 0)
(-0.851371 20.0011 0)
(-0.851371 20.0011 0)
(-0.851371 20.0011 0)
(-0.851371 20.0011 0)
(-0.851371 20.0011 0)
(-0.851371 20.0011 0)
(-0.851371 20.0011 0)
(-0.851371 20.0011 0)
(-0.851372 20.0011 0)
(-0.851372 20.0011 0)
(-0.851373 20.0011 0)
(-0.851374 20.0011 0)
(-0.851376 20.0011 0)
(-0.851379 20.0011 0)
(-0.851383 20.0011 0)
(-0.851391 20.0011 0)
(-0.851403 20.0011 0)
(-0.851422 20.001 0)
(-0.851453 20.001 0)
(-0.851503 20.0009 0)
(-0.851585 20.0009 0)
(-0.851721 20.0008 0)
(-0.851955 20.0009 0)
(-0.852309 20.0014 0)
(-0.852784 20.0026 0)
(-0.852462 20.0042 0)
(-0.720726 20.0024 0)
(-0.770264 19.9753 0)
(-0.768881 19.969 0)
(-0.779695 19.9717 0)
(-0.780935 19.9767 0)
(-0.783622 19.9821 0)
(-0.784456 19.9864 0)
(-0.785413 19.9898 0)
(-0.785964 19.9924 0)
(-0.786462 19.9944 0)
(-0.78682 19.996 0)
(-0.787111 19.9973 0)
(-0.787328 19.9982 0)
(-0.787495 19.999 0)
(-0.787618 19.9995 0)
(-0.787708 20 0)
(-0.787772 20.0003 0)
(-0.787816 20.0005 0)
(-0.787846 20.0007 0)
(-0.787865 20.0009 0)
(-0.787876 20.001 0)
(-0.787883 20.001 0)
(-0.787886 20.0011 0)
(-0.787887 20.0011 0)
(-0.787887 20.0011 0)
(-0.787887 20.0011 0)
(-0.787886 20.0012 0)
(-0.787884 20.0012 0)
(-0.787883 20.0012 0)
(-0.787882 20.0012 0)
(-0.787882 20.0012 0)
(-0.787881 20.0012 0)
(-0.78788 20.0012 0)
(-0.78788 20.0012 0)
(-0.78788 20.0012 0)
(-0.787879 20.0012 0)
(-0.787879 20.0012 0)
(-0.787879 20.0012 0)
(-0.787879 20.0012 0)
(-0.787879 20.0012 0)
(-0.787879 20.0012 0)
(-0.787879 20.0012 0)
(-0.787879 20.0012 0)
(-0.787879 20.0012 0)
(-0.787879 20.0012 0)
(-0.787879 20.0012 0)
(-0.787879 20.0012 0)
(-0.787879 20.0012 0)
(-0.787879 20.0012 0)
(-0.787879 20.0012 0)
(-0.787879 20.0012 0)
(-0.787879 20.0012 0)
(-0.787879 20.0012 0)
(-0.787879 20.0012 0)
(-0.787879 20.0012 0)
(-0.787879 20.0012 0)
(-0.787879 20.0012 0)
(-0.787879 20.0012 0)
(-0.787879 20.0012 0)
(-0.787879 20.0012 0)
(-0.787879 20.0012 0)
(-0.787879 20.0012 0)
(-0.787879 20.0012 0)
(-0.787879 20.0012 0)
(-0.787879 20.0012 0)
(-0.787879 20.0012 0)
(-0.787879 20.0012 0)
(-0.787879 20.0012 0)
(-0.787879 20.0012 0)
(-0.787879 20.0012 0)
(-0.787879 20.0012 0)
(-0.787879 20.0012 0)
(-0.787879 20.0012 0)
(-0.787879 20.0012 0)
(-0.787879 20.0012 0)
(-0.787879 20.0012 0)
(-0.787879 20.0012 0)
(-0.787879 20.0012 0)
(-0.787879 20.0012 0)
(-0.787879 20.0012 0)
(-0.787879 20.0012 0)
(-0.787879 20.0012 0)
(-0.787879 20.0012 0)
(-0.787879 20.0012 0)
(-0.78788 20.0012 0)
(-0.78788 20.0012 0)
(-0.787881 20.0012 0)
(-0.787882 20.0012 0)
(-0.787884 20.0012 0)
(-0.787887 20.0012 0)
(-0.787893 20.0012 0)
(-0.787903 20.0011 0)
(-0.787918 20.0011 0)
(-0.787945 20.0011 0)
(-0.78799 20.001 0)
(-0.788064 20.001 0)
(-0.788193 20.0011 0)
(-0.788336 20.0014 0)
(-0.788457 20.0022 0)
(-0.7874 20.0032 0)
(-0.473684 20.031 0)
(-0.499796 19.9956 0)
(-0.486486 19.9897 0)
(-0.492132 19.9903 0)
(-0.491841 19.9918 0)
(-0.493104 19.9936 0)
(-0.493152 19.9951 0)
(-0.493409 19.9962 0)
(-0.493453 19.9971 0)
(-0.49353 19.9978 0)
(-0.493561 19.9983 0)
(-0.493589 19.9987 0)
(-0.493602 19.999 0)
(-0.493608 19.9993 0)
(-0.493606 19.9995 0)
(-0.493601 19.9996 0)
(-0.493593 19.9997 0)
(-0.493583 19.9998 0)
(-0.493572 19.9998 0)
(-0.493562 19.9999 0)
(-0.493553 19.9999 0)
(-0.493544 19.9999 0)
(-0.493537 20 0)
(-0.493531 20 0)
(-0.493525 20 0)
(-0.493521 20 0)
(-0.493518 20 0)
(-0.493515 20 0)
(-0.493513 20 0)
(-0.493511 20 0)
(-0.49351 20 0)
(-0.493509 20 0)
(-0.493508 20 0)
(-0.493508 20 0)
(-0.493508 20 0)
(-0.493507 20 0)
(-0.493507 20 0)
(-0.493507 20 0)
(-0.493507 20 0)
(-0.493507 20 0)
(-0.493507 20 0)
(-0.493507 20 0)
(-0.493507 20 0)
(-0.493507 20 0)
(-0.493507 20 0)
(-0.493507 20 0)
(-0.493507 20 0)
(-0.493507 20 0)
(-0.493507 20 0)
(-0.493507 20 0)
(-0.493507 20 0)
(-0.493507 20 0)
(-0.493507 20 0)
(-0.493507 20 0)
(-0.493507 20 0)
(-0.493507 20 0)
(-0.493507 20 0)
(-0.493507 20 0)
(-0.493507 20 0)
(-0.493507 20 0)
(-0.493507 20 0)
(-0.493507 20 0)
(-0.493507 20 0)
(-0.493507 20 0)
(-0.493507 20 0)
(-0.493507 20 0)
(-0.493507 20 0)
(-0.493507 20 0)
(-0.493507 20 0)
(-0.493507 20 0)
(-0.493507 20 0)
(-0.493507 20 0)
(-0.493507 20 0)
(-0.493507 20 0)
(-0.493507 20 0)
(-0.493507 20 0)
(-0.493507 20 0)
(-0.493507 20 0)
(-0.493507 20 0)
(-0.493507 20 0)
(-0.493507 20 0)
(-0.493507 20 0)
(-0.493507 20 0)
(-0.493506 20 0)
(-0.493506 20 0)
(-0.493506 20 0)
(-0.493506 20 0)
(-0.493506 20 0)
(-0.493506 20 0)
(-0.493506 20 0)
(-0.493507 20 0)
(-0.493508 20 0)
(-0.49351 20 0)
(-0.493516 20 0)
(-0.493528 20 0)
(-0.493548 19.9999 0)
(-0.49359 20 0)
(-0.493595 20.0001 0)
(-0.493551 20.0004 0)
(-0.492789 20.0007 0)
)
;

boundaryField
{
    inlet
    {
        type            zeroGradient;
    }
    outlet
    {
        type            zeroGradient;
    }
    lowerWall
    {
        type            fixedValue;
        value           uniform (0 20 0);
    }
    upperWall
    {
        type            fixedValue;
        value           uniform (0 20 0);
    }
    frontAndBack
    {
        type            empty;
    }
}


// ************************************************************************* //
