/*--------------------------------*- C++ -*----------------------------------*\
  =========                 |
  \\      /  F ield         | OpenFOAM: The Open Source CFD Toolbox
   \\    /   O peration     | Website:  https://openfoam.org
    \\  /    A nd           | Version:  7
     \\/     M anipulation  |
\*---------------------------------------------------------------------------*/
FoamFile
{
    version     2.0;
    format      ascii;
    class       surfaceScalarField;
    location    "1";
    object      phi;
}
// * * * * * * * * * * * * * * * * * * * * * * * * * * * * * * * * * * * * * //

dimensions      [0 3 -1 0 0 0 0];

internalField   nonuniform List<scalar> 
7860
(
0.00283445
0.00216555
0.00262136
0.000213093
0.00260899
1.23738e-05
0.00260647
2.52031e-06
0.00260916
-2.69654e-06
0.00260787
1.29405e-06
0.00260674
1.1276e-06
0.00260514
1.60052e-06
0.00260388
1.26246e-06
0.00260274
1.13537e-06
0.00260183
9.19201e-07
0.00260105
7.78746e-07
0.0026004
6.45356e-07
0.00259985
5.44392e-07
0.0025994
4.56953e-07
0.00259902
3.81438e-07
0.0025987
3.16562e-07
0.00259844
2.61555e-07
0.00259822
2.15291e-07
0.00259805
1.75699e-07
0.0025979
1.4202e-07
0.00259779
1.12923e-07
0.0025977
8.94016e-08
0.00259763
7.12055e-08
0.00259757
5.53783e-08
0.00259753
4.23518e-08
0.0025975
3.2235e-08
0.00259747
2.43339e-08
0.00259745
1.93402e-08
0.00259744
1.43464e-08
0.00259743
1.00205e-08
0.00259742
7.67208e-09
0.00259742
5.96074e-09
0.00259741
4.02892e-09
0.00259741
3.10782e-09
0.00259741
2.40027e-09
0.00259741
1.81419e-09
0.0025974
7.0784e-10
0.0025974
2.24984e-10
0.0025974
7.20417e-10
0.0025974
1.03089e-09
0.0025974
-2.8248e-10
0.0025974
-6.90507e-10
0.0025974
-4.89093e-10
0.0025974
6.02317e-11
0.0025974
3.59318e-10
0.0025974
7.81225e-11
0.0025974
-4.69563e-10
0.0025974
4.25662e-11
0.0025974
-4.51516e-11
0.0025974
-7.52615e-11
0.0025974
-1.40373e-10
0.0025974
-5.00477e-12
0.0025974
7.29735e-11
0.0025974
1.64657e-10
0.0025974
-3.60677e-10
0.0025974
-3.24732e-10
0.0025974
-1.07486e-10
0.0025974
1.70925e-10
0.0025974
-3.46129e-11
0.0025974
2.46788e-11
0.0025974
-1.75118e-10
0.0025974
7.49897e-11
0.0025974
1.56897e-10
0.0025974
2.61014e-10
0.0025974
-6.44065e-11
0.0025974
-8.75926e-11
0.0025974
-7.74664e-11
0.0025974
1.33307e-10
0.0025974
-4.60838e-11
0.0025974
-1.48872e-11
0.0025974
-1.81559e-10
0.0025974
3.77347e-11
0.0025974
2.33595e-10
0.0025974
2.79116e-10
0.0025974
1.13748e-11
0.0025974
2.50474e-10
0.0025974
2.85164e-10
0.0025974
4.15654e-10
0.0025974
2.51793e-10
0.0025974
2.71931e-10
0.0025974
6.09077e-10
0.0025974
1.17405e-09
0.0025974
1.44301e-09
0.00259739
2.21376e-09
0.00259739
3.23712e-09
0.00259739
4.91173e-09
0.00259738
7.12407e-09
0.00259737
1.01919e-08
0.00259735
1.42155e-08
0.00259733
1.99167e-08
0.00259731
2.66325e-08
0.00259727
3.39858e-08
0.00259724
3.77865e-08
0.0025972
3.38024e-08
0.00259718
2.31878e-08
0.00259708
1.02011e-07
0.00259638
6.96297e-07
0.00259378
2.60325e-06
-1.18923e-06
0.00456786
0.00259769
0.00437559
0.00040536
0.00434676
4.12038e-05
0.00434298
6.30138e-06
0.00434597
-5.68656e-06
0.00434442
2.84413e-06
0.00434276
2.78696e-06
0.00434051
3.8498e-06
0.00433867
3.10816e-06
0.00433702
2.78075e-06
0.00433567
2.26972e-06
0.00433452
1.92669e-06
0.00433356
1.60533e-06
0.00433275
1.35531e-06
0.00433207
1.13872e-06
0.0043315
9.53845e-07
0.00433102
7.96157e-07
0.00433062
6.61007e-07
0.00433029
5.45554e-07
0.00433002
4.45744e-07
0.0043298
3.62557e-07
0.00432962
2.91575e-07
0.00432948
2.31389e-07
0.00432937
1.83379e-07
0.00432928
1.43354e-07
0.00432921
1.10743e-07
0.00432916
8.54622e-08
0.00432912
6.48239e-08
0.00432909
5.00616e-08
0.00432907
3.75913e-08
0.00432905
2.74705e-08
0.00432904
2.06292e-08
0.00432903
1.59019e-08
0.00432902
1.12045e-08
0.00432902
8.5146e-09
0.00432901
6.08485e-09
0.00432901
4.63129e-09
0.00432901
2.85302e-09
0.00432901
1.77465e-09
0.004329
1.49464e-09
0.004329
1.84534e-09
0.004329
1.90857e-10
0.004329
-1.07201e-10
0.004329
-6.80816e-11
0.004329
4.58452e-10
0.004329
8.05263e-10
0.004329
8.77205e-10
0.004329
-2.51649e-10
0.004329
3.09935e-10
0.004329
1.54452e-10
0.004329
3.60739e-10
0.004329
1.59773e-10
0.004329
1.3971e-10
0.004329
-2.04295e-10
0.004329
2.60118e-10
0.004329
-2.84699e-10
0.004329
-8.16716e-11
0.004329
-1.16154e-10
0.004329
2.27585e-10
0.004329
-2.00446e-10
0.004329
1.2446e-10
0.004329
-2.08612e-10
0.004329
1.38575e-10
0.004329
1.84736e-11
0.004329
3.59768e-10
0.004329
-4.33904e-11
0.004329
4.41727e-11
0.004329
-1.15336e-10
0.004329
2.87253e-10
0.004329
-2.06552e-11
0.004329
2.52381e-10
0.004329
-1.13401e-10
0.004329
1.98178e-10
0.004329
4.52617e-10
0.004329
8.04726e-10
0.004329
4.2679e-10
0.004329
7.20778e-10
0.004329
6.12214e-10
0.004329
9.53043e-10
0.004329
8.24813e-10
0.004329
9.92768e-10
0.004329
1.44761e-09
0.00432899
2.78624e-09
0.00432899
3.85144e-09
0.00432899
6.01362e-09
0.00432898
8.58858e-09
0.00432898
1.25857e-08
0.00432897
1.81106e-08
0.00432895
2.58989e-08
0.00432893
3.60471e-08
0.0043289
5.02035e-08
0.00432886
6.72702e-08
0.0043288
8.73094e-08
0.00432874
1.01116e-07
0.00432867
1.05861e-07
0.00432858
1.12409e-07
0.00432826
4.18392e-07
0.00432693
2.02922e-06
0.00432235
7.1845e-06
7.91221e-06
0.00507225
0.00252544
0.00495569
0.000521924
0.00492299
7.38942e-05
0.00492073
8.56479e-06
0.00492255
-7.5112e-06
0.00492139
4.00594e-06
0.0049197
4.47941e-06
0.0049176
5.95678e-06
0.00491579
4.91684e-06
0.00491419
4.375e-06
0.00491287
3.59456e-06
0.00491174
3.05082e-06
0.0049108
2.55089e-06
0.00491
2.15546e-06
0.00490932
1.81425e-06
0.00490875
1.52386e-06
0.00490827
1.27562e-06
0.00490787
1.06216e-06
0.00490754
8.796e-07
0.00490726
7.2058e-07
0.00490704
5.87291e-07
0.00490685
4.74613e-07
0.00490671
3.78012e-07
0.00490659
2.99457e-07
0.0049065
2.35012e-07
0.00490643
1.8272e-07
0.00490637
1.41454e-07
0.00490633
1.07604e-07
0.0049063
8.26465e-08
0.00490627
6.24708e-08
0.00490625
4.63797e-08
0.00490624
3.46149e-08
0.00490623
2.62985e-08
0.00490622
1.88647e-08
0.00490622
1.43795e-08
0.00490621
1.0048e-08
0.00490621
7.4471e-09
0.00490621
5.08126e-09
0.00490621
3.5277e-09
0.0049062
2.36072e-09
0.0049062
2.24095e-09
0.0049062
4.42364e-10
0.0049062
3.78934e-10
0.0049062
5.79433e-10
0.0049062
1.09016e-09
0.0049062
9.67521e-10
0.0049062
1.26447e-09
0.0049062
1.39789e-11
0.0049062
5.21449e-10
0.0049062
3.64077e-10
0.0049062
6.16852e-10
0.0049062
2.35287e-10
0.0049062
1.73817e-10
0.0049062
-5.04053e-10
0.0049062
1.72317e-10
0.0049062
-2.71847e-10
0.0049062
4.79866e-11
0.0049062
-1.69156e-10
0.0049062
2.37422e-10
0.0049062
-2.81075e-10
0.0049062
1.59956e-10
0.0049062
-2.00945e-10
0.0049062
3.13211e-10
0.0049062
-5.82791e-11
0.0049062
2.67564e-10
0.0049062
-1.21208e-10
0.0049062
4.85332e-11
0.0049062
-1.68198e-10
0.0049062
3.98684e-10
0.0049062
-5.84739e-11
0.0049062
4.10216e-10
0.0049062
1.46146e-10
0.0049062
5.95781e-10
0.0049062
8.06561e-10
0.0049062
1.28961e-09
0.0049062
8.90042e-10
0.0049062
1.19896e-09
0.0049062
9.69659e-10
0.0049062
1.34358e-09
0.0049062
1.326e-09
0.0049062
1.82265e-09
0.0049062
2.50709e-09
0.00490619
4.51259e-09
0.00490619
6.40019e-09
0.00490619
9.892e-09
0.00490618
1.41562e-08
0.00490617
2.04239e-08
0.00490616
2.91506e-08
0.00490615
4.17162e-08
0.00490613
5.81989e-08
0.0049061
8.09024e-08
0.00490605
1.08732e-07
0.004906
1.432e-07
0.00490593
1.71952e-07
0.00490583
2.02605e-07
0.00490569
2.58386e-07
0.00490521
8.92944e-07
0.00490359
3.64963e-06
0.00489775
1.30287e-05
2.27421e-05
0.0052101
0.00231533
0.0051398
0.000592231
0.00511272
0.000100975
0.00511158
9.69576e-06
0.00511267
-8.60063e-06
0.00511184
4.83925e-06
0.00511036
5.95778e-06
0.0051086
7.72451e-06
0.00510704
6.47549e-06
0.00510567
5.74465e-06
0.00510452
4.74322e-06
0.00510354
4.02618e-06
0.00510272
3.37518e-06
0.00510202
2.85572e-06
0.00510142
2.40906e-06
0.00510092
2.02757e-06
0.00510049
1.70161e-06
0.00510013
1.42017e-06
0.00509983
1.17965e-06
0.00509958
9.69451e-07
0.00509938
7.91326e-07
0.00509921
6.41278e-07
0.00509908
5.12716e-07
0.00509897
4.06842e-07
0.00509888
3.20184e-07
0.00509882
2.50076e-07
0.00509877
1.93997e-07
0.00509873
1.47952e-07
0.00509869
1.13589e-07
0.00509867
8.62597e-08
0.00509865
6.45556e-08
0.00509864
4.81622e-08
0.00509863
3.62466e-08
0.00509862
2.61477e-08
0.00509862
1.98816e-08
0.00509861
1.40514e-08
0.00509861
1.03873e-08
0.00509861
7.26042e-09
0.00509861
4.9959e-09
0.0050986
3.1305e-09
0.0050986
2.61645e-09
0.0050986
8.49618e-10
0.0050986
8.37634e-10
0.0050986
1.16342e-09
0.0050986
1.71358e-09
0.0050986
1.14359e-09
0.0050986
1.41495e-09
0.0050986
2.5958e-10
0.0050986
7.2864e-10
0.0050986
6.16412e-10
0.0050986
7.53377e-10
0.0050986
1.97301e-10
0.0050986
1.41541e-10
0.0050986
-6.62481e-10
0.0050986
4.38311e-11
0.0050986
-2.81636e-10
0.0050986
6.44254e-11
0.0050986
-2.22589e-10
0.0050986
2.56021e-10
0.0050986
-2.10216e-10
0.0050986
2.13857e-10
0.0050986
-1.94322e-10
0.0050986
4.10142e-10
0.0050986
-6.44722e-11
0.0050986
1.61767e-10
0.0050986
-1.87281e-10
0.0050986
-2.50442e-11
0.0050986
-2.52578e-10
0.0050986
4.56486e-10
0.0050986
2.17217e-11
0.0050986
5.59219e-10
0.0050986
4.21213e-10
0.0050986
9.90488e-10
0.0050986
1.20765e-09
0.0050986
1.68832e-09
0.0050986
1.27545e-09
0.0050986
1.56775e-09
0.0050986
1.32452e-09
0.0050986
1.72347e-09
0.0050986
1.85157e-09
0.0050986
2.62684e-09
0.0050986
3.60786e-09
0.00509859
6.14366e-09
0.00509859
8.77851e-09
0.00509859
1.33279e-08
0.00509858
1.91571e-08
0.00509858
2.75458e-08
0.00509857
3.91335e-08
0.00509855
5.59118e-08
0.00509853
7.81008e-08
0.00509851
1.08577e-07
0.00509847
1.46629e-07
0.00509841
1.96041e-07
0.00509834
2.43618e-07
0.00509823
3.14334e-07
0.00509805
4.43592e-07
0.00509748
1.46082e-06
0.00509583
5.30311e-06
0.00508956
1.92936e-05
3.78187e-05
0.00523344
0.00208189
0.00519436
0.000631312
0.00517371
0.000121623
0.0051734
1.00085e-05
0.00517403
-9.2328e-06
0.00517352
5.35757e-06
0.00517233
7.14699e-06
0.00517094
9.11225e-06
0.00516969
7.72449e-06
0.00516859
6.84365e-06
0.00516766
5.67276e-06
0.00516687
4.81853e-06
0.0051662
4.04862e-06
0.00516562
3.43022e-06
0.00516513
2.89743e-06
0.00516472
2.44551e-06
0.00516436
2.05753e-06
0.00516406
1.72111e-06
0.00516381
1.4333e-06
0.00516359
1.18158e-06
0.00516342
9.66273e-07
0.00516327
7.84725e-07
0.00516316
6.29629e-07
0.00516306
5.00814e-07
0.00516299
3.9534e-07
0.00516293
3.09802e-07
0.00516288
2.40617e-07
0.00516285
1.83957e-07
0.00516282
1.41341e-07
0.0051628
1.07719e-07
0.00516278
8.10994e-08
0.00516277
6.05622e-08
0.00516276
4.53899e-08
0.00516275
3.28145e-08
0.00516275
2.48608e-08
0.00516275
1.77699e-08
0.00516274
1.3253e-08
0.00516274
9.40141e-09
0.00516274
6.38119e-09
0.00516274
3.84839e-09
0.00516274
3.03687e-09
0.00516274
1.44426e-09
0.00516274
1.49348e-09
0.00516274
1.78068e-09
0.00516274
2.32971e-09
0.00516274
1.41473e-09
0.00516274
1.6001e-09
0.00516274
5.64074e-10
0.00516274
1.00334e-09
0.00516274
9.08948e-10
0.00516274
9.07447e-10
0.00516274
1.52345e-10
0.00516274
1.17071e-10
0.00516273
-7.10796e-10
0.00516273
-1.62817e-11
0.00516273
-2.569e-10
0.00516273
1.15038e-10
0.00516273
-2.42414e-10
0.00516273
3.01639e-10
0.00516273
-6.23268e-11
0.00516273
3.18039e-10
0.00516273
-1.92296e-10
0.00516273
4.23282e-10
0.00516273
-1.05219e-10
0.00516273
7.01123e-11
0.00516273
-2.29137e-10
0.00516273
-5.51874e-11
0.00516273
-3.20639e-10
0.00516273
4.75259e-10
0.00516273
1.54946e-10
0.00516273
7.76422e-10
0.00516273
6.97449e-10
0.00516273
1.32584e-09
0.00516273
1.54232e-09
0.00516273
2.01999e-09
0.00516273
1.59795e-09
0.00516273
1.89049e-09
0.00516273
1.65835e-09
0.00516273
2.10159e-09
0.00516273
2.37942e-09
0.00516273
3.39496e-09
0.00516273
4.606e-09
0.00516273
7.55635e-09
0.00516273
1.08439e-08
0.00516272
1.62626e-08
0.00516272
2.3412e-08
0.00516271
3.36382e-08
0.00516271
4.7651e-08
0.00516269
6.79407e-08
0.00516268
9.49395e-08
0.00516265
1.32113e-07
0.00516262
1.79404e-07
0.00516257
2.4359e-07
0.0051625
3.12646e-07
0.00516239
4.32903e-07
0.00516218
6.50883e-07
0.00516159
2.04505e-06
0.00516003
6.87002e-06
0.00515414
2.51782e-05
5.09505e-05
0.00522271
0.00185918
0.0052067
0.000647323
0.00519199
0.000136333
0.00519223
9.77146e-06
0.00519259
-9.58943e-06
0.00519234
5.60038e-06
0.00519146
8.0306e-06
0.00519045
1.01207e-05
0.00518952
8.65835e-06
0.0051887
7.66672e-06
0.00518799
6.37712e-06
0.00518739
5.42195e-06
0.00518687
4.56552e-06
0.00518643
3.87396e-06
0.00518605
3.27753e-06
0.00518572
2.77255e-06
0.00518544
2.33843e-06
0.0051852
1.96034e-06
0.005185
1.63618e-06
0.00518482
1.35269e-06
0.00518468
1.10836e-06
0.00518457
9.01673e-07
0.00518447
7.25634e-07
0.00518439
5.78538e-07
0.00518433
4.57412e-07
0.00518428
3.59446e-07
0.00518424
2.79886e-07
0.00518421
2.14548e-07
0.00518419
1.65054e-07
0.00518417
1.26128e-07
0.00518415
9.54302e-08
0.00518414
7.13039e-08
0.00518414
5.34032e-08
0.00518413
3.86797e-08
0.00518413
2.92344e-08
0.00518412
2.10542e-08
0.00518412
1.58306e-08
0.00518412
1.13061e-08
0.00518412
7.64377e-09
0.00518412
4.50778e-09
0.00518411
3.5312e-09
0.00518411
2.15705e-09
0.00518411
2.27001e-09
0.00518411
2.32385e-09
0.00518411
2.84966e-09
0.00518411
1.71283e-09
0.00518411
1.84823e-09
0.00518411
8.89467e-10
0.00518411
1.30425e-09
0.00518411
1.15099e-09
0.00518411
1.05778e-09
0.00518411
1.04109e-10
0.00518411
1.201e-10
0.00518411
-6.97128e-10
0.00518411
-2.09241e-11
0.00518411
-2.4855e-10
0.00518411
1.9661e-10
0.00518411
-2.51048e-10
0.00518411
3.51304e-10
0.00518411
7.29087e-11
0.00518411
4.47522e-10
0.00518411
-2.10691e-10
0.00518411
3.78061e-10
0.00518411
-1.81459e-10
0.00518411
1.32722e-11
0.00518411
-2.6255e-10
0.00518411
-1.06852e-11
0.00518411
-3.6063e-10
0.00518411
4.88565e-10
0.00518411
3.08174e-10
0.00518411
1.05025e-09
0.00518411
9.64292e-10
0.00518411
1.6134e-09
0.00518411
1.78849e-09
0.00518411
2.31151e-09
0.00518411
1.8819e-09
0.00518411
2.20084e-09
0.00518411
1.97086e-09
0.00518411
2.47348e-09
0.00518411
2.85121e-09
0.00518411
4.08586e-09
0.00518411
5.42609e-09
0.00518411
8.68415e-09
0.00518411
1.25068e-08
0.0051841
1.86389e-08
0.0051841
2.68512e-08
0.0051841
3.85724e-08
0.00518409
5.45125e-08
0.00518408
7.75754e-08
0.00518407
1.08422e-07
0.00518405
1.51138e-07
0.00518402
2.06461e-07
0.00518398
2.84688e-07
0.00518392
3.75689e-07
0.0051838
5.5038e-07
0.00518359
8.61484e-07
0.00518302
2.61549e-06
0.00518164
8.24915e-06
0.00517659
3.02236e-05
6.15838e-05
0.00520403
0.00165515
0.00520559
0.000645758
0.00519622
0.000145711
0.00519681
9.17837e-06
0.00519699
-9.76591e-06
0.00519698
5.60888e-06
0.00519639
8.6173e-06
0.00519574
1.07736e-05
0.00519511
9.28984e-06
0.00519455
8.2254e-06
0.00519406
6.86329e-06
0.00519364
5.84183e-06
0.00519328
4.92944e-06
0.00519296
4.18936e-06
0.00519269
3.55045e-06
0.00519245
3.00904e-06
0.00519225
2.54365e-06
0.00519207
2.13685e-06
0.00519192
1.78702e-06
0.00519179
1.48114e-06
0.00519168
1.21605e-06
0.0051916
9.90941e-07
0.00519152
7.99654e-07
0.00519146
6.39094e-07
0.00519141
5.06037e-07
0.00519137
3.98345e-07
0.00519134
3.10888e-07
0.00519132
2.39057e-07
0.0051913
1.84191e-07
0.00519129
1.40985e-07
0.00519127
1.07071e-07
0.00519126
8.00283e-08
0.00519126
5.99773e-08
0.00519125
4.36074e-08
0.00519125
3.28148e-08
0.00519125
2.37237e-08
0.00519125
1.79083e-08
0.00519124
1.28403e-08
0.00519124
8.7241e-09
0.00519124
5.10745e-09
0.00519124
4.0304e-09
0.00519124
2.8801e-09
0.00519124
3.05398e-09
0.00519124
2.75708e-09
0.00519124
3.20432e-09
0.00519124
1.97716e-09
0.00519124
2.11424e-09
0.00519124
1.19982e-09
0.00519124
1.55777e-09
0.00519124
1.29069e-09
0.00519124
1.14873e-09
0.00519124
6.19057e-11
0.00519124
1.36568e-10
0.00519124
-6.63055e-10
0.00519124
-2.27257e-11
0.00519124
-2.72038e-10
0.00519124
2.76847e-10
0.00519124
-2.42677e-10
0.00519124
3.7773e-10
0.00519124
1.51482e-10
0.00519124
5.54307e-10
0.00519124
-2.29095e-10
0.00519124
3.00129e-10
0.00519124
-2.73928e-10
0.00519124
-3.118e-11
0.00519124
-3.04932e-10
0.00519124
7.83675e-11
0.00519124
-3.39515e-10
0.00519124
5.08254e-10
0.00519124
4.65448e-10
0.00519124
1.35341e-09
0.00519124
1.23939e-09
0.00519124
1.86726e-09
0.00519124
1.97055e-09
0.00519124
2.56274e-09
0.00519124
2.14714e-09
0.00519124
2.49655e-09
0.00519124
2.26319e-09
0.00519124
2.81218e-09
0.00519124
3.23989e-09
0.00519124
4.65069e-09
0.00519124
6.04423e-09
0.00519123
9.49445e-09
0.00519123
1.37349e-08
0.00519123
2.04299e-08
0.00519123
2.93438e-08
0.00519123
4.2284e-08
0.00519122
5.96367e-08
0.00519121
8.47456e-08
0.0051912
1.18469e-07
0.00519119
1.65518e-07
0.00519117
2.27507e-07
0.00519113
3.18415e-07
0.00519108
4.31014e-07
0.00519097
6.60104e-07
0.00519077
1.06176e-06
0.00519025
3.1331e-06
0.00518912
9.38227e-06
0.00518512
3.42199e-05
6.96212e-05
0.00518542
0.00146973
0.00520062
0.000630557
0.00519596
0.000150375
0.00519676
8.37595e-06
0.0051968
-9.80495e-06
0.00519698
5.42824e-06
0.00519667
8.92685e-06
0.00519635
1.11011e-05
0.005196
9.63889e-06
0.00519569
8.53684e-06
0.00519541
7.14328e-06
0.00519516
6.08761e-06
0.00519494
5.14735e-06
0.00519475
4.38144e-06
0.00519458
3.71931e-06
0.00519443
3.15736e-06
0.0051943
2.67445e-06
0.00519419
2.25121e-06
0.00519409
1.88594e-06
0.005194
1.56653e-06
0.00519393
1.28865e-06
0.00519387
1.0518e-06
0.00519382
8.50753e-07
0.00519378
6.81385e-07
0.00519374
5.40302e-07
0.00519371
4.25921e-07
0.00519369
3.3312e-07
0.00519367
2.57013e-07
0.00519366
1.98357e-07
0.00519365
1.51955e-07
0.00519364
1.15665e-07
0.00519363
8.65072e-08
0.00519363
6.49127e-08
0.00519363
4.73559e-08
0.00519362
3.55607e-08
0.00519362
2.57963e-08
0.00519362
1.94232e-08
0.00519362
1.39402e-08
0.00519362
9.56017e-09
0.00519362
5.67218e-09
0.00519362
4.47887e-09
0.00519362
3.52764e-09
0.00519362
3.74494e-09
0.00519361
3.07873e-09
0.00519361
3.38451e-09
0.00519361
2.19276e-09
0.00519361
2.34345e-09
0.00519361
1.47147e-09
0.00519361
1.71644e-09
0.00519361
1.32731e-09
0.00519361
1.15047e-09
0.00519361
3.29653e-11
0.00519361
1.50296e-10
0.00519361
-6.13941e-10
0.00519361
-5.12402e-11
0.00519361
-3.14718e-10
0.00519361
3.29463e-10
0.00519361
-2.07887e-10
0.00519361
3.61894e-10
0.00519361
1.58635e-10
0.00519361
6.02222e-10
0.00519361
-2.29365e-10
0.00519361
2.14901e-10
0.00519361
-3.39159e-10
0.00519361
-7.59091e-11
0.00519361
-3.51786e-10
0.00519361
1.69516e-10
0.00519361
-2.40141e-10
0.00519361
5.42566e-10
0.00519361
6.12472e-10
0.00519361
1.63864e-09
0.00519361
1.53145e-09
0.00519361
2.09954e-09
0.00519361
2.1253e-09
0.00519361
2.77282e-09
0.00519361
2.40786e-09
0.00519361
2.76771e-09
0.00519361
2.53655e-09
0.00519361
3.08377e-09
0.00519361
3.52099e-09
0.00519361
5.04046e-09
0.00519361
6.46386e-09
0.00519361
9.98558e-09
0.00519361
1.45334e-08
0.00519361
2.16502e-08
0.00519361
3.09909e-08
0.00519361
4.46394e-08
0.0051936
6.30182e-08
0.0051936
8.94462e-08
0.00519359
1.25093e-07
0.00519358
1.75234e-07
0.00519357
2.42372e-07
0.00519354
3.44077e-07
0.0051935
4.76465e-07
0.0051934
7.55829e-07
0.00519322
1.23862e-06
0.00519279
3.56667e-06
0.00519193
1.02366e-05
0.00518907
3.708e-05
7.50898e-05
0.00516896
0.00130077
0.00519493
0.000604582
0.00519441
0.000150896
0.00519531
7.47441e-06
0.00519523
-9.71852e-06
0.00519555
5.10434e-06
0.00519549
8.98397e-06
0.00519546
1.11345e-05
0.00519537
9.7279e-06
0.00519529
8.62003e-06
0.0051952
7.23131e-06
0.00519512
6.17034e-06
0.00519504
5.22766e-06
0.00519496
4.45653e-06
0.00519489
3.78869e-06
0.00519483
3.221e-06
0.00519477
2.73328e-06
0.00519472
2.30503e-06
0.00519467
1.93406e-06
0.00519463
1.6095e-06
0.00519459
1.32645e-06
0.00519456
1.08433e-06
0.00519453
8.78823e-07
0.0051945
7.05219e-07
0.00519449
5.59878e-07
0.00519447
4.41896e-07
0.00519446
3.46355e-07
0.00519445
2.68119e-07
0.00519444
2.07287e-07
0.00519443
1.58872e-07
0.00519442
1.21069e-07
0.00519442
9.06532e-08
0.00519442
6.81295e-08
0.00519441
4.98923e-08
0.00519441
3.73554e-08
0.00519441
2.70626e-08
0.00519441
2.02949e-08
0.00519441
1.46193e-08
0.00519441
1.01435e-08
0.00519441
6.23841e-09
0.00519441
4.89953e-09
0.00519441
4.02781e-09
0.00519441
4.27456e-09
0.00519441
3.30194e-09
0.00519441
3.43212e-09
0.00519441
2.36714e-09
0.00519441
2.51337e-09
0.00519441
1.68149e-09
0.00519441
1.78509e-09
0.00519441
1.29801e-09
0.00519441
1.0949e-09
0.00519441
2.95141e-11
0.00519441
1.66149e-10
0.00519441
-5.50798e-10
0.00519441
-9.93177e-11
0.00519441
-3.72345e-10
0.00519441
3.42083e-10
0.00519441
-1.54934e-10
0.00519441
3.09518e-10
0.00519441
1.06421e-10
0.00519441
5.89105e-10
0.00519441
-2.08182e-10
0.00519441
1.44616e-10
0.00519441
-3.55867e-10
0.00519441
-1.04814e-10
0.00519441
-3.95404e-10
0.00519441
2.36671e-10
0.00519441
-7.89836e-11
0.0051944
6.03242e-10
0.0051944
7.35192e-10
0.0051944
1.86844e-09
0.0051944
1.8262e-09
0.0051944
2.32461e-09
0.0051944
2.28607e-09
0.0051944
2.95962e-09
0.0051944
2.66709e-09
0.0051944
3.00751e-09
0.0051944
2.77534e-09
0.0051944
3.26627e-09
0.0051944
3.67135e-09
0.0051944
5.22504e-09
0.0051944
6.69978e-09
0.0051944
1.01995e-08
0.0051944
1.49298e-08
0.0051944
2.2249e-08
0.0051944
3.18062e-08
0.0051944
4.57651e-08
0.0051944
6.46467e-08
0.0051944
9.17004e-08
0.00519439
1.28352e-07
0.00519439
1.80327e-07
0.00519438
2.50962e-07
0.00519436
3.61047e-07
0.00519433
5.10057e-07
0.00519425
8.32068e-07
0.00519411
1.38118e-06
0.00519378
3.89418e-06
0.00519323
1.07935e-05
0.00519153
3.87811e-05
7.80846e-05
0.00515491
0.00114586
0.00518951
0.000569982
0.00519262
0.000147781
0.00519355
6.5503e-06
0.00519333
-9.50294e-06
0.00519376
4.67986e-06
0.00519393
8.81519e-06
0.00519415
1.09046e-05
0.0051943
9.58e-06
0.00519443
8.49451e-06
0.00519452
7.14247e-06
0.00519459
6.10193e-06
0.00519463
5.17955e-06
0.00519467
4.42177e-06
0.00519469
3.7641e-06
0.00519471
3.20426e-06
0.00519472
2.72344e-06
0.00519472
2.3007e-06
0.00519472
1.93321e-06
0.00519472
1.61138e-06
0.00519472
1.33033e-06
0.00519471
1.08908e-06
0.00519471
8.84136e-07
0.0051947
7.10699e-07
0.0051947
5.64856e-07
0.00519469
4.4628e-07
0.00519469
3.50538e-07
0.00519469
2.72186e-07
0.00519468
2.1079e-07
0.00519468
1.61618e-07
0.00519468
1.2322e-07
0.00519468
9.23897e-08
0.00519468
6.95229e-08
0.00519467
5.10761e-08
0.00519467
3.82136e-08
0.00519467
2.76317e-08
0.00519467
2.05872e-08
0.00519467
1.4857e-08
0.00519467
1.04052e-08
0.00519467
6.62317e-09
0.00519467
5.20251e-09
0.00519467
4.3225e-09
0.00519467
4.60886e-09
0.00519467
3.44122e-09
0.00519467
3.41903e-09
0.00519467
2.52498e-09
0.00519467
2.66397e-09
0.00519467
1.83461e-09
0.00519467
1.81296e-09
0.00519467
1.23586e-09
0.00519467
1.00937e-09
0.00519467
1.2309e-11
0.00519467
1.5836e-10
0.00519467
-5.15185e-10
0.00519467
-1.56776e-10
0.00519467
-4.61361e-10
0.00519467
3.02274e-10
0.00519467
-1.15947e-10
0.00519467
2.23022e-10
0.00519467
-8.87685e-12
0.00519467
5.22909e-10
0.00519467
-1.92728e-10
0.00519467
1.04398e-10
0.00519467
-3.37111e-10
0.00519467
-9.92353e-11
0.00519467
-4.47835e-10
0.00519467
2.37341e-10
0.00519467
6.7332e-11
0.00519467
6.75112e-10
0.00519467
8.22701e-10
0.00519467
2.05631e-09
0.00519467
2.13121e-09
0.00519467
2.57902e-09
0.00519467
2.47224e-09
0.00519467
3.14384e-09
0.00519467
2.90894e-09
0.00519467
3.20839e-09
0.00519467
2.94639e-09
0.00519467
3.35172e-09
0.00519467
3.67897e-09
0.00519467
5.19049e-09
0.00519467
6.71868e-09
0.00519467
1.01581e-08
0.00519467
1.49347e-08
0.00519467
2.23039e-08
0.00519467
3.18137e-08
0.00519467
4.56925e-08
0.00519467
6.4569e-08
0.00519467
9.15835e-08
0.00519467
1.28349e-07
0.00519467
1.80904e-07
0.00519467
2.53265e-07
0.00519466
3.68849e-07
0.00519464
5.30206e-07
0.00519459
8.84445e-07
0.00519449
1.48124e-06
0.00519428
4.10097e-06
0.00519403
1.10439e-05
0.00519347
3.93413e-05
7.87465e-05
0.00514307
0.00100279
0.00518462
0.000528426
0.00519092
0.00014148
0.00519182
5.65201e-06
0.00519147
-9.14888e-06
0.00519196
4.19213e-06
0.00519232
8.44722e-06
0.00519279
1.04411e-05
0.00519315
9.21831e-06
0.00519346
8.1799e-06
0.00519371
6.89222e-06
0.00519392
5.89471e-06
0.00519409
5.01272e-06
0.00519423
4.28495e-06
0.00519434
3.65174e-06
0.00519443
3.11213e-06
0.0051945
2.64888e-06
0.00519456
2.24127e-06
0.00519461
1.88581e-06
0.00519465
1.57405e-06
0.00519468
1.30162e-06
0.0051947
1.06701e-06
0.00519472
8.6734e-07
0.00519473
6.98251e-07
0.00519474
5.55602e-07
0.00519474
4.39355e-07
0.00519475
3.45792e-07
0.00519475
2.69184e-07
0.00519475
2.08811e-07
0.00519476
1.60189e-07
0.00519476
1.22163e-07
0.00519476
9.171e-08
0.00519476
6.90646e-08
0.00519476
5.07779e-08
0.00519476
3.80209e-08
0.00519476
2.74572e-08
0.00519476
2.03763e-08
0.00519476
1.47035e-08
0.00519476
1.04159e-08
0.00519476
6.85331e-09
0.00519476
5.37629e-09
0.00519476
4.37625e-09
0.00519476
4.72595e-09
0.00519476
3.49064e-09
0.00519476
3.36308e-09
0.00519476
2.60587e-09
0.00519476
2.74745e-09
0.00519476
1.8709e-09
0.00519476
1.80087e-09
0.00519476
1.19715e-09
0.00519476
9.90086e-10
0.00519476
3.84715e-11
0.00519476
1.89265e-10
0.00519476
-4.75373e-10
0.00519476
-1.81412e-10
0.00519476
-5.67785e-10
0.00519476
2.19621e-10
0.00519476
-9.00377e-11
0.00519476
1.7585e-10
0.00519476
-1.2604e-10
0.00519476
4.64895e-10
0.00519476
-1.83367e-10
0.00519476
9.42811e-11
0.00519476
-3.09645e-10
0.00519476
-4.69719e-11
0.00519476
-4.73879e-10
0.00519476
2.17401e-10
0.00519476
2.0156e-10
0.00519476
7.83109e-10
0.00519476
8.64386e-10
0.00519476
2.1612e-09
0.00519476
2.37656e-09
0.00519476
2.83635e-09
0.00519476
2.66283e-09
0.00519476
3.31907e-09
0.00519476
3.10481e-09
0.00519476
3.356e-09
0.00519476
3.02148e-09
0.00519476
3.34296e-09
0.00519476
3.55287e-09
0.00519476
4.9883e-09
0.00519476
6.55647e-09
0.00519476
9.88892e-09
0.00519476
1.45591e-08
0.00519476
2.1805e-08
0.00519476
3.10226e-08
0.00519476
4.4466e-08
0.00519476
6.2863e-08
0.00519477
8.92202e-08
0.00519477
1.25241e-07
0.00519477
1.77132e-07
0.00519478
2.49366e-07
0.00519478
3.67206e-07
0.00519477
5.35796e-07
0.00519475
9.09821e-07
0.0051947
1.53318e-06
0.00519462
4.17862e-06
0.00519467
1.0988e-05
0.00519521
3.8808e-05
7.72439e-05
0.00513315
0.000869646
0.00518033
0.000481244
0.00518941
0.000132397
0.00519026
4.8066e-06
0.00518976
-8.64758e-06
0.00519028
3.67213e-06
0.00519082
7.90604e-06
0.00519148
9.77231e-06
0.00519204
8.66577e-06
0.00519252
7.69572e-06
0.00519292
6.49618e-06
0.00519325
5.5614e-06
0.00519353
4.73737e-06
0.00519376
4.05446e-06
0.00519395
3.45852e-06
0.00519411
2.95025e-06
0.00519425
2.51424e-06
0.00519436
2.13039e-06
0.00519445
1.79483e-06
0.00519452
1.49991e-06
0.00519458
1.24208e-06
0.00519463
1.01945e-06
0.00519467
8.29499e-07
0.0051947
6.68672e-07
0.00519472
5.32768e-07
0.00519474
4.21632e-07
0.00519475
3.32409e-07
0.00519476
2.59272e-07
0.00519477
2.0145e-07
0.00519477
1.547e-07
0.00519478
1.1802e-07
0.00519478
8.86687e-08
0.00519478
6.67674e-08
0.00519478
4.90031e-08
0.00519479
3.67716e-08
0.00519479
2.65411e-08
0.00519479
1.96661e-08
0.00519479
1.41479e-08
0.00519479
1.01019e-08
0.00519479
6.83345e-09
0.00519479
5.39464e-09
0.00519479
4.22487e-09
0.00519479
4.65782e-09
0.00519479
3.49964e-09
0.00519479
3.33024e-09
0.00519479
2.65751e-09
0.00519479
2.81265e-09
0.00519479
1.84091e-09
0.00519479
1.7523e-09
0.00519479
1.15519e-09
0.00519479
9.83988e-10
0.00519479
3.64154e-11
0.00519479
1.90616e-10
0.00519479
-4.64977e-10
0.00519479
-1.69013e-10
0.00519479
-6.76903e-10
0.00519479
9.32921e-11
0.00519479
-1.0062e-10
0.00519479
1.5177e-10
0.00519479
-2.3063e-10
0.00519479
4.04967e-10
0.00519479
-1.87806e-10
0.00519479
9.75076e-11
0.00519479
-3.01756e-10
0.00519479
1.24979e-11
0.00519479
-5.08846e-10
0.00519479
1.34922e-10
0.00519479
2.64954e-10
0.00519479
9.21694e-10
0.00519479
9.20311e-10
0.00519479
2.24142e-09
0.00519479
2.5865e-09
0.00519479
3.08933e-09
0.00519479
2.84258e-09
0.00519479
3.46075e-09
0.00519479
3.22777e-09
0.00519479
3.42778e-09
0.00519479
2.99135e-09
0.00519479
3.24572e-09
0.00519479
3.32463e-09
0.00519479
4.63953e-09
0.00519479
6.20879e-09
0.00519479
9.39419e-09
0.00519479
1.3805e-08
0.00519479
2.0742e-08
0.00519479
2.94538e-08
0.00519479
4.21599e-08
0.0051948
5.96425e-08
0.0051948
8.47685e-08
0.00519481
1.19223e-07
0.00519482
1.69225e-07
0.00519483
2.39451e-07
0.00519484
3.56073e-07
0.00519485
5.26214e-07
0.00519485
9.06327e-07
0.00519485
1.53387e-06
0.0051949
4.12434e-06
0.00519526
1.06336e-05
0.00519682
3.72497e-05
7.37631e-05
0.00512488
0.000744769
0.00517661
0.000429513
0.0051881
0.000120905
0.00518888
4.02609e-06
0.00518823
-7.99432e-06
0.00518876
3.14416e-06
0.00518945
7.21648e-06
0.00519029
8.92514e-06
0.00519101
7.94492e-06
0.00519165
7.06133e-06
0.00519217
5.97009e-06
0.00519262
5.11515e-06
0.00519299
4.36425e-06
0.00519331
3.73932e-06
0.00519357
3.19195e-06
0.0051938
2.7249e-06
0.00519399
2.32476e-06
0.00519415
1.97235e-06
0.00519428
1.66376e-06
0.00519438
1.39183e-06
0.00519447
1.15395e-06
0.00519454
9.48149e-07
0.0051946
7.72062e-07
0.00519465
6.23082e-07
0.00519468
4.97198e-07
0.00519471
3.93803e-07
0.00519473
3.1086e-07
0.00519475
2.42796e-07
0.00519476
1.88957e-07
0.00519477
1.45355e-07
0.00519478
1.10945e-07
0.00519478
8.33647e-08
0.00519479
6.27003e-08
0.00519479
4.58363e-08
0.00519479
3.45047e-08
0.00519479
2.49423e-08
0.0051948
1.84654e-08
0.0051948
1.32146e-08
0.0051948
9.47683e-09
0.0051948
6.54548e-09
0.0051948
5.24137e-09
0.0051948
3.93342e-09
0.0051948
4.44381e-09
0.0051948
3.48975e-09
0.0051948
3.30841e-09
0.0051948
2.65711e-09
0.0051948
2.82536e-09
0.0051948
1.77192e-09
0.0051948
1.67816e-09
0.0051948
1.13902e-09
0.0051948
1.00772e-09
0.0051948
3.50835e-11
0.0051948
1.67335e-10
0.0051948
-4.65133e-10
0.0051948
-1.1411e-10
0.0051948
-7.42718e-10
0.0051948
-4.94621e-11
0.0051948
-1.11364e-10
0.0051948
1.73023e-10
0.0051948
-2.83958e-10
0.0051948
3.44938e-10
0.0051948
-2.11294e-10
0.0051948
8.52267e-11
0.0051948
-3.25708e-10
0.0051948
5.60599e-11
0.0051948
-5.16681e-10
0.0051948
3.06439e-11
0.0051948
2.79665e-10
0.0051948
1.07644e-09
0.0051948
1.00328e-09
0.0051948
2.27634e-09
0.0051948
2.73349e-09
0.0051948
3.2954e-09
0.0051948
2.98373e-09
0.0051948
3.53642e-09
0.0051948
3.26581e-09
0.0051948
3.41024e-09
0.0051948
2.87107e-09
0.0051948
3.06904e-09
0.0051948
3.03261e-09
0.0051948
4.18338e-09
0.0051948
5.68278e-09
0.0051948
8.66777e-09
0.0051948
1.26879e-08
0.0051948
1.91274e-08
0.0051948
2.71586e-08
0.00519481
3.88751e-08
0.00519481
5.50528e-08
0.00519482
7.8411e-08
0.00519483
1.10527e-07
0.00519484
1.57445e-07
0.00519485
2.2381e-07
0.00519488
3.35646e-07
0.0051949
5.01385e-07
0.00519493
8.73364e-07
0.00519498
1.48249e-06
0.00519517
3.94042e-06
0.00519581
9.99566e-06
0.00519831
3.47508e-05
6.85029e-05
0.00511804
0.000626732
0.00517343
0.000374118
0.00518699
0.000107348
0.0051877
3.31236e-06
0.0051869
-7.19015e-06
0.00518742
2.62589e-06
0.00518823
6.40192e-06
0.00518923
7.9251e-06
0.0051901
7.07793e-06
0.00519086
6.29596e-06
0.0051915
5.32988e-06
0.00519205
4.56942e-06
0.00519251
3.90462e-06
0.0051929
3.3491e-06
0.00519323
2.86016e-06
0.00519351
2.44293e-06
0.00519375
2.08623e-06
0.00519395
1.77195e-06
0.00519412
1.49654e-06
0.00519425
1.25311e-06
0.00519437
1.03987e-06
0.00519446
8.55244e-07
0.00519454
6.96825e-07
0.0051946
5.62899e-07
0.00519464
4.49924e-07
0.00519468
3.56705e-07
0.00519471
2.81798e-07
0.00519473
2.20283e-07
0.00519475
1.71729e-07
0.00519476
1.32441e-07
0.00519477
1.01135e-07
0.00519478
7.59318e-08
0.00519479
5.69926e-08
0.00519479
4.14341e-08
0.00519479
3.12974e-08
0.0051948
2.27163e-08
0.0051948
1.68022e-08
0.0051948
1.1941e-08
0.0051948
8.57042e-09
0.0051948
6.02815e-09
0.0051948
4.94001e-09
0.0051948
3.58777e-09
0.0051948
4.14913e-09
0.0051948
3.48309e-09
0.0051948
3.30155e-09
0.0051948
2.61761e-09
0.0051948
2.78864e-09
0.0051948
1.71305e-09
0.0051948
1.58694e-09
0.0051948
1.13512e-09
0.0051948
1.03438e-09
0.0051948
3.07494e-11
0.0051948
1.14075e-10
0.0051948
-4.66301e-10
0.0051948
-2.67349e-11
0.0051948
-7.28261e-10
0.0051948
-1.76423e-10
0.0051948
-1.10706e-10
0.0051948
2.30256e-10
0.0051948
-2.9242e-10
0.0051948
2.67714e-10
0.0051948
-2.55628e-10
0.0051948
4.09889e-11
0.0051948
-3.80282e-10
0.0051948
5.29387e-11
0.0051948
-4.93222e-10
0.0051948
-6.92796e-11
0.0051948
2.64675e-10
0.0051948
1.23647e-09
0.0051948
1.14132e-09
0.0051948
2.28131e-09
0.0051948
2.81009e-09
0.0051948
3.42563e-09
0.0051948
3.06623e-09
0.0051948
3.52617e-09
0.0051948
3.22168e-09
0.0051948
3.30907e-09
0.0051948
2.69116e-09
0.0051948
2.83149e-09
0.0051948
2.7074e-09
0.0051948
3.65024e-09
0.0051948
4.9928e-09
0.0051948
7.704e-09
0.0051948
1.12379e-08
0.00519481
1.70044e-08
0.00519481
2.42087e-08
0.00519481
3.47297e-08
0.00519482
4.92576e-08
0.00519483
7.03474e-08
0.00519484
9.94092e-08
0.00519485
1.42104e-07
0.00519488
2.02835e-07
0.00519491
3.06379e-07
0.00519494
4.61775e-07
0.00519501
8.11573e-07
0.00519511
1.38045e-06
0.00519542
3.6336e-06
0.00519632
9.09575e-06
0.00519966
3.14082e-05
6.16713e-05
0.00511245
0.000514282
0.00517077
0.000315803
0.00518606
9.2053e-05
0.00518671
2.6609e-06
0.00518577
-6.24242e-06
0.00518626
2.12869e-06
0.00518718
5.48417e-06
0.00518831
6.79646e-06
0.0051893
6.08654e-06
0.00519018
5.41867e-06
0.00519092
4.59163e-06
0.00519155
3.93804e-06
0.00519208
3.37023e-06
0.00519254
2.89385e-06
0.00519292
2.47176e-06
0.00519325
2.11165e-06
0.00519354
1.80492e-06
0.00519377
1.53447e-06
0.00519397
1.29753e-06
0.00519414
1.0874e-06
0.00519427
9.02905e-07
0.00519439
7.43205e-07
0.00519448
6.05873e-07
0.00519455
4.898e-07
0.00519461
3.9217e-07
0.00519465
3.11309e-07
0.00519469
2.46051e-07
0.00519472
1.92416e-07
0.00519474
1.50289e-07
0.00519475
1.16306e-07
0.00519477
8.88406e-08
0.00519478
6.65443e-08
0.00519478
4.98227e-08
0.00519479
3.59811e-08
0.00519479
2.72658e-08
0.0051948
1.99168e-08
0.0051948
1.47166e-08
0.0051948
1.03739e-08
0.0051948
7.43603e-09
0.0051948
5.32901e-09
0.0051948
4.53746e-09
0.0051948
3.25456e-09
0.0051948
3.83598e-09
0.0051948
3.47254e-09
0.0051948
3.29811e-09
0.0051948
2.53354e-09
0.0051948
2.69305e-09
0.0051948
1.68558e-09
0.0051948
1.49728e-09
0.0051948
1.1205e-09
0.0051948
1.05122e-09
0.0051948
2.99969e-11
0.0051948
5.34864e-11
0.0051948
-4.57027e-10
0.0051948
8.33847e-11
0.0051948
-6.23148e-10
0.0051948
-2.53541e-10
0.0051948
-9.53446e-11
0.0051948
3.08316e-10
0.0051948
-2.7488e-10
0.0051948
1.58669e-10
0.0051948
-3.29503e-10
0.0051948
-3.82933e-11
0.0051948
-4.607e-10
0.0051948
-1.45647e-12
0.0051948
-4.3898e-10
0.0051948
-1.20139e-10
0.0051948
2.50508e-10
0.0051948
1.39439e-09
0.0051948
1.33575e-09
0.0051948
2.27245e-09
0.0051948
2.81365e-09
0.0051948
3.46925e-09
0.0051948
3.08264e-09
0.0051948
3.43378e-09
0.0051948
3.11014e-09
0.0051948
3.15063e-09
0.0051948
2.48453e-09
0.0051948
2.55363e-09
0.0051948
2.36263e-09
0.0051948
3.06116e-09
0.0051948
4.15187e-09
0.00519481
6.51016e-09
0.00519481
9.49487e-09
0.00519481
1.44459e-08
0.00519481
2.06898e-08
0.00519482
2.98468e-08
0.00519483
4.24244e-08
0.00519483
6.07876e-08
0.00519485
8.61454e-08
0.00519487
1.23567e-07
0.00519489
1.77026e-07
0.00519493
2.68983e-07
0.00519498
4.08377e-07
0.00519507
7.2275e-07
0.00519522
1.23112e-06
0.00519564
3.21447e-06
0.00519678
7.9609e-06
0.00520086
2.73281e-05
5.34832e-05
0.00510798
0.000406306
0.00516858
0.000255197
0.00518531
7.53293e-05
0.0051859
2.06347e-06
0.00518483
-5.16464e-06
0.0051853
1.65822e-06
0.0051863
4.48346e-06
0.00518753
5.56238e-06
0.00518863
4.99213e-06
0.0051896
4.44839e-06
0.00519042
3.77158e-06
0.00519112
3.23507e-06
0.00519172
2.77318e-06
0.00519223
2.38395e-06
0.00519266
2.03572e-06
0.00519303
1.73876e-06
0.00519335
1.48741e-06
0.00519362
1.26555e-06
0.00519385
1.07142e-06
0.00519403
8.98673e-07
0.00519419
7.46458e-07
0.00519432
6.14802e-07
0.00519442
5.01511e-07
0.00519451
4.05672e-07
0.00519458
3.25355e-07
0.00519463
2.5872e-07
0.00519467
2.04581e-07
0.0051947
1.5999e-07
0.00519473
1.25245e-07
0.00519475
9.73472e-08
0.00519476
7.43631e-08
0.00519477
5.5429e-08
0.00519478
4.14033e-08
0.00519479
2.9663e-08
0.00519479
2.25431e-08
0.00519479
1.65911e-08
0.0051948
1.22627e-08
0.0051948
8.56983e-09
0.0051948
6.14485e-09
0.0051948
4.50626e-09
0.0051948
4.07735e-09
0.0051948
2.95743e-09
0.0051948
3.53698e-09
0.0051948
3.42343e-09
0.0051948
3.27656e-09
0.0051948
2.39753e-09
0.0051948
2.53324e-09
0.0051948
1.67877e-09
0.0051948
1.42718e-09
0.0051948
1.071e-09
0.0051948
1.05069e-09
0.0051948
4.31086e-11
0.0051948
1.82324e-11
0.0051948
-4.30426e-10
0.0051948
2.01878e-10
0.0051948
-4.45766e-10
0.0051948
-2.61652e-10
0.0051948
-7.95469e-11
0.0051948
3.79074e-10
0.0051948
-2.65711e-10
0.0051948
1.37268e-11
0.0051948
-4.41038e-10
0.0051948
-1.4154e-10
0.0051948
-5.56546e-10
0.0051948
-9.2967e-11
0.0051948
-3.62468e-10
0.0051948
-8.64009e-11
0.0051948
2.63491e-10
0.0051948
1.54255e-09
0.0051948
1.56733e-09
0.0051948
2.26739e-09
0.0051948
2.74903e-09
0.0051948
3.43448e-09
0.0051948
3.03863e-09
0.0051948
3.28302e-09
0.0051948
2.95104e-09
0.0051948
2.97012e-09
0.0051948
2.27641e-09
0.0051948
2.25208e-09
0.0051948
1.99426e-09
0.0051948
2.42881e-09
0.00519481
3.18199e-09
0.00519481
5.11157e-09
0.00519481
7.50615e-09
0.00519481
1.15421e-08
0.00519482
1.66931e-08
0.00519482
2.43432e-08
0.00519483
3.47165e-08
0.00519484
4.99495e-08
0.00519486
7.10307e-08
0.00519488
1.02254e-07
0.00519491
1.46981e-07
0.00519495
2.24407e-07
0.00519502
3.42677e-07
0.00519513
6.09734e-07
0.00519532
1.03962e-06
0.00519584
2.6969e-06
0.00519718
6.62302e-06
0.00520188
2.2624e-05
4.41585e-05
0.00510451
0.000301793
0.00516686
0.000192848
0.00518472
5.74753e-05
0.00518527
1.5099e-06
0.00518408
-3.97585e-06
0.00518452
1.21519e-06
0.00518559
3.41846e-06
0.00518691
4.24509e-06
0.00518808
3.81572e-06
0.00518913
3.40394e-06
0.00519001
2.88606e-06
0.00519077
2.47475e-06
0.00519142
2.12582e-06
0.00519197
1.83001e-06
0.00519245
1.56123e-06
0.00519286
1.33219e-06
0.0051932
1.14056e-06
0.0051935
9.71115e-07
0.00519374
8.23215e-07
0.00519395
6.91132e-07
0.00519412
5.74164e-07
0.00519427
4.7306e-07
0.00519438
3.86213e-07
0.00519447
3.12567e-07
0.00519455
2.51083e-07
0.00519461
2.0017e-07
0.00519465
1.58449e-07
0.00519469
1.2387e-07
0.00519472
9.72484e-08
0.00519474
7.60089e-08
0.00519476
5.80505e-08
0.00519477
4.28706e-08
0.00519478
3.1964e-08
0.00519478
2.26564e-08
0.00519479
1.72687e-08
0.00519479
1.2799e-08
0.0051948
9.50442e-09
0.0051948
6.58829e-09
0.0051948
4.75748e-09
0.0051948
3.6011e-09
0.0051948
3.57718e-09
0.0051948
2.6783e-09
0.0051948
3.24445e-09
0.0051948
3.29051e-09
0.0051948
3.20447e-09
0.0051948
2.20778e-09
0.0051948
2.30785e-09
0.0051948
1.66604e-09
0.0051948
1.38612e-09
0.0051948
9.75347e-10
0.0051948
1.023e-09
0.0051948
7.35803e-11
0.0051948
2.94421e-11
0.0051948
-3.87217e-10
0.0051948
3.11822e-10
0.0051948
-2.31826e-10
0.0051948
-2.01667e-10
0.0051948
-8.04853e-11
0.0051948
4.1088e-10
0.0051948
-2.91554e-10
0.0051948
-1.60007e-10
0.0051948
-5.85005e-10
0.0051948
-2.47443e-10
0.0051948
-6.47374e-10
0.0051948
-1.94479e-10
0.0051948
-2.74615e-10
0.0051948
4.23443e-11
0.0051948
3.19495e-10
0.0051948
1.66938e-09
0.0051948
1.80589e-09
0.0051948
2.28467e-09
0.0051948
2.63761e-09
0.0051948
3.34165e-09
0.0051948
2.95282e-09
0.0051948
3.10619e-09
0.0051948
2.76433e-09
0.0051948
2.79471e-09
0.0051948
2.0795e-09
0.0051948
1.93424e-09
0.0051948
1.58846e-09
0.0051948
1.75744e-09
0.00519481
2.11303e-09
0.00519481
3.54992e-09
0.00519481
5.32406e-09
0.00519481
8.38603e-09
0.00519482
1.23118e-08
0.00519482
1.83246e-08
0.00519483
2.62921e-08
0.00519484
3.806e-08
0.00519486
5.43829e-08
0.00519488
7.86374e-08
0.00519492
1.13401e-07
0.00519497
1.73816e-07
0.00519504
2.66593e-07
0.00519518
4.76265e-07
0.00519541
8.12589e-07
0.005196
2.0974e-06
0.00519751
5.11796e-06
0.00520272
1.74149e-05
3.39208e-05
0.00510198
0.000199815
0.00516558
0.000129243
0.00518428
3.87805e-05
0.0051848
9.89244e-07
0.00518352
-2.6997e-06
0.00518394
7.96271e-07
0.00518505
2.30652e-06
0.00518643
2.86604e-06
0.00518767
2.5781e-06
0.00518877
2.30399e-06
0.00518971
1.95142e-06
0.00519051
1.67139e-06
0.00519119
1.44062e-06
0.00519178
1.24279e-06
0.00519229
1.05768e-06
0.00519272
9.00125e-07
0.00519309
7.71417e-07
0.0051934
6.57322e-07
0.00519367
5.58202e-07
0.00519389
4.69233e-07
0.00519407
3.89849e-07
0.00519422
3.21198e-07
0.00519435
2.62582e-07
0.00519445
2.12658e-07
0.00519453
1.71114e-07
0.00519459
1.37017e-07
0.00519464
1.08768e-07
0.00519468
8.49588e-08
0.00519471
6.69741e-08
0.00519473
5.27854e-08
0.00519475
4.02923e-08
0.00519476
2.92077e-08
0.00519477
2.17395e-08
0.00519478
1.51286e-08
0.00519479
1.15812e-08
0.00519479
8.62855e-09
0.0051948
6.50846e-09
0.0051948
4.48386e-09
0.0051948
3.30955e-09
0.0051948
2.63151e-09
0.0051948
3.02226e-09
0.0051948
2.3742e-09
0.0051948
2.9193e-09
0.0051948
3.03726e-09
0.0051948
3.04469e-09
0.0051948
1.9696e-09
0.0051948
2.01734e-09
0.0051948
1.61385e-09
0.0051948
1.36738e-09
0.0051948
8.4176e-10
0.0051948
9.57587e-10
0.0051948
1.18017e-10
0.0051948
8.798e-11
0.0051948
-3.33037e-10
0.0051948
3.94015e-10
0.0051948
-2.04153e-11
0.0051948
-9.59477e-11
0.0051948
-1.09131e-10
0.0051948
3.76444e-10
0.0051948
-3.61627e-10
0.0051948
-3.47089e-10
0.0051948
-7.443e-10
0.0051948
-3.38071e-10
0.0051948
-7.07808e-10
0.0051948
-2.79807e-10
0.0051948
-1.83683e-10
0.0051948
2.48258e-10
0.0051948
4.23826e-10
0.0051948
1.76218e-09
0.0051948
2.01895e-09
0.0051948
2.3335e-09
0.0051948
2.51179e-09
0.0051948
3.21203e-09
0.0051948
2.8486e-09
0.0051948
2.93152e-09
0.0051948
2.566e-09
0.0051948
2.63174e-09
0.0051948
1.89285e-09
0.0051948
1.59763e-09
0.0051948
1.13123e-09
0.0051948
1.0468e-09
0.00519481
9.81802e-10
0.00519481
1.87812e-09
0.00519481
3.00391e-09
0.00519481
5.06384e-09
0.00519482
7.64213e-09
0.00519483
1.18913e-08
0.00519483
1.73085e-08
0.00519485
2.53589e-08
0.00519486
3.65471e-08
0.00519489
5.3238e-08
0.00519493
7.70744e-08
0.00519498
1.18556e-07
0.00519507
1.82405e-07
0.00519522
3.26814e-07
0.00519547
5.57839e-07
0.00519613
1.4346e-06
0.00519777
3.48476e-06
0.00520336
1.18239e-05
2.29965e-05
0.00510032
9.94967e-05
0.00516474
6.48237e-05
0.00518399
1.95283e-05
0.00518449
4.90368e-07
0.00518315
-1.36337e-06
0.00518356
3.95066e-07
0.0051847
1.16393e-06
0.00518612
1.44611e-06
0.0051874
1.29977e-06
0.00518853
1.16713e-06
0.0051895
9.84023e-07
0.00519033
8.39327e-07
0.00519104
7.30103e-07
0.00519165
6.33166e-07
0.00519218
5.34561e-07
0.00519263
4.50889e-07
0.00519301
3.87241e-07
0.00519334
3.30507e-07
0.00519361
2.81874e-07
0.00519384
2.37643e-07
0.00519404
1.97466e-07
0.0051942
1.62579e-07
0.00519432
1.33334e-07
0.00519443
1.08206e-07
0.00519451
8.73267e-08
0.00519458
7.07142e-08
0.00519463
5.66767e-08
0.00519467
4.41709e-08
0.00519471
3.51191e-08
0.00519473
2.82229e-08
0.00519475
2.15214e-08
0.00519476
1.48171e-08
0.00519477
1.09707e-08
0.00519478
7.24259e-09
0.00519479
5.61797e-09
0.00519479
4.19552e-09
0.00519479
3.34212e-09
0.0051948
2.29877e-09
0.0051948
1.81106e-09
0.0051948
1.59608e-09
0.0051948
2.37924e-09
0.0051948
1.99955e-09
0.0051948
2.5165e-09
0.0051948
2.65056e-09
0.0051948
2.7707e-09
0.0051948
1.69619e-09
0.0051948
1.67079e-09
0.0051948
1.49383e-09
0.0051948
1.35021e-09
0.0051948
6.92485e-10
0.0051948
8.45888e-10
0.0051948
1.63923e-10
0.0051948
1.73663e-10
0.0051948
-2.7781e-10
0.0051948
4.3188e-10
0.0051948
1.56724e-10
0.0051948
2.2624e-11
0.0051948
-1.65995e-10
0.0051948
2.63056e-10
0.0051948
-4.67344e-10
0.0051948
-5.26142e-10
0.0051948
-8.93709e-10
0.0051948
-4.05223e-10
0.0051948
-7.1869e-10
0.0051948
-3.33534e-10
0.0051948
-9.82126e-11
0.0051948
4.90281e-10
0.0051948
5.68648e-10
0.0051948
1.81044e-09
0.0051948
2.17987e-09
0.0051948
2.41157e-09
0.0051948
2.4066e-09
0.0051948
3.06289e-09
0.0051948
2.74457e-09
0.0051948
2.77566e-09
0.0051948
2.36533e-09
0.0051948
2.46771e-09
0.0051948
1.70426e-09
0.0051948
1.23528e-09
0.0051948
6.16823e-10
0.00519481
2.98107e-10
0.00519481
-1.72088e-10
0.00519481
1.54046e-10
0.00519481
6.01863e-10
0.00519481
1.65059e-09
0.00519482
2.78408e-09
0.00519483
5.14824e-09
0.00519484
7.92759e-09
0.00519485
1.21009e-08
0.00519487
1.7897e-08
0.00519489
2.66195e-08
0.00519493
3.88691e-08
0.00519499
6.01086e-08
0.00519508
9.26703e-08
0.00519524
1.66408e-07
0.00519551
2.84111e-07
0.00519622
7.2873e-07
0.00519794
1.76481e-06
0.00520379
5.97667e-06
1.16134e-05
0.0050995
-3.43561e-10
0.00516432
3.32317e-09
0.00518385
-1.91156e-09
0.00518434
2.25467e-09
0.00518297
3.57105e-09
0.00518336
3.12678e-09
0.00518452
6.18911e-09
0.00518596
5.79911e-09
0.00518726
1.08427e-09
0.00518841
1.18293e-08
0.0051894
2.12745e-10
0.00519024
-7.1032e-09
0.00519097
6.83984e-09
0.00519159
1.2124e-08
0.00519212
1.48136e-09
0.00519258
-7.05355e-09
0.00519297
-4.56387e-09
0.0051933
-2.86865e-09
0.00519359
-1.12804e-10
0.00519382
1.17919e-09
0.00519402
1.05063e-09
0.00519418
6.35051e-10
0.00519431
1.26203e-09
0.00519442
1.51964e-09
0.00519451
1.66644e-09
0.00519457
2.77907e-09
0.00519463
3.33424e-09
0.00519467
2.42655e-09
0.0051947
2.41497e-09
0.00519473
2.91651e-09
0.00519475
2.21176e-09
0.00519476
9.48715e-11
0.00519477
-8.68556e-11
0.00519478
-8.37559e-10
0.00519479
-4.79837e-10
0.00519479
-3.66882e-10
0.00519479
7.44293e-11
0.0051948
6.26561e-11
0.0051948
2.60142e-10
0.0051948
4.85318e-10
0.0051948
1.61977e-09
0.0051948
1.52412e-09
0.0051948
2.01102e-09
0.0051948
2.14336e-09
0.0051948
2.37804e-09
0.0051948
1.40265e-09
0.0051948
1.29039e-09
0.0051948
1.2903e-09
0.0051948
1.30807e-09
0.0051948
5.52238e-10
0.0051948
6.8791e-10
0.0051948
1.9202e-10
0.0051948
2.56824e-10
0.0051948
-2.3211e-10
0.0051948
4.20052e-10
0.0051948
2.80335e-10
0.0051948
1.24283e-10
0.0051948
-2.42869e-10
0.0051948
7.95207e-11
0.0051948
-5.88756e-10
0.0051948
-6.72654e-10
0.0051948
-1.00871e-09
0.0051948
-4.50742e-10
0.0051948
-6.78193e-10
0.0051948
-3.54435e-10
0.0051948
-3.06228e-11
0.0051948
7.17523e-10
0.0051948
7.3366e-10
0.0051948
1.81063e-09
0.0051948
2.27083e-09
0.0051948
2.5062e-09
0.0051948
2.3484e-09
0.0051948
2.90733e-09
0.0051948
2.64751e-09
0.0051948
2.64251e-09
0.0051948
2.16417e-09
0.0051948
2.2775e-09
0.0051948
1.4954e-09
0.0051948
8.44195e-10
0.0051948
5.30115e-11
0.00519481
-4.8025e-10
0.00519481
-1.312e-09
0.00519481
-1.56568e-09
0.00519481
-1.82798e-09
0.00519481
-1.78837e-09
0.00519482
-2.15799e-09
0.00519483
-1.78475e-09
0.00519484
-1.67973e-09
0.00519485
-1.44464e-09
0.00519487
-1.16889e-09
0.0051949
-6.21505e-10
0.00519494
-2.9192e-10
0.005195
5.10884e-11
0.00519509
1.30113e-10
0.00519525
4.41212e-10
0.00519554
7.43418e-10
0.00519626
1.02984e-09
0.00519803
1.05966e-09
0.005204
9.11022e-10
6.28242e-10
0.0050995
-9.94973e-05
0.00516432
-6.48172e-05
0.00518385
-1.95323e-05
0.00518434
-4.85975e-07
0.00518297
1.37037e-06
0.00518336
-3.89e-07
0.00518452
-1.15158e-06
0.00518596
-1.43463e-06
0.00518726
-1.29768e-06
0.00518841
-1.14352e-06
0.0051894
-9.83683e-07
0.00519024
-8.53574e-07
0.00519097
-7.16573e-07
0.00519159
-6.09249e-07
0.00519212
-5.31851e-07
0.00519258
-4.65145e-07
0.00519297
-3.96475e-07
0.0051933
-3.36262e-07
0.00519359
-2.82025e-07
0.00519382
-2.3526e-07
0.00519402
-1.95322e-07
0.00519418
-1.61189e-07
0.00519431
-1.30791e-07
0.00519442
-1.05076e-07
0.00519451
-8.39062e-08
0.00519457
-6.52392e-08
0.00519463
-5.00882e-08
0.00519467
-3.9347e-08
0.0051947
-3.03673e-08
0.00519473
-2.25022e-08
0.00519475
-1.71337e-08
0.00519476
-1.45644e-08
0.00519477
-1.11566e-08
0.00519478
-8.94138e-09
0.00519479
-6.56418e-09
0.00519479
-4.92187e-09
0.00519479
-3.2197e-09
0.0051948
-2.19861e-09
0.0051948
-1.33557e-09
0.0051948
-7.00841e-10
0.0051948
7.42978e-10
0.0051948
9.43614e-10
0.0051948
1.41298e-09
0.0051948
1.54933e-09
0.0051948
1.88864e-09
0.0051948
1.10134e-09
0.0051948
9.11516e-10
0.0051948
1.00494e-09
0.0051948
1.21812e-09
0.0051948
4.37079e-10
0.0051948
4.97251e-10
0.0051948
1.83552e-10
0.0051948
3.14644e-10
0.0051948
-2.02712e-10
0.0051948
3.69429e-10
0.0051948
3.44642e-10
0.0051948
1.92813e-10
0.0051948
-3.26435e-10
0.0051948
-1.44062e-10
0.0051948
-7.04691e-10
0.0051948
-7.64445e-10
0.0051948
-1.07516e-09
0.0051948
-4.83697e-10
0.0051948
-6.06117e-10
0.0051948
-3.53173e-10
0.0051948
3.0656e-12
0.0051948
8.85272e-10
0.0051948
8.91319e-10
0.0051948
1.77044e-09
0.0051948
2.28547e-09
0.0051948
2.59925e-09
0.0051948
2.34678e-09
0.0051948
2.75654e-09
0.0051948
2.55096e-09
0.0051948
2.52641e-09
0.0051948
1.95875e-09
0.0051948
2.03816e-09
0.0051948
1.24894e-09
0.0051948
4.32144e-10
0.0051948
-5.3766e-10
0.00519481
-1.26948e-09
0.00519481
-2.40866e-09
0.00519481
-3.23112e-09
0.00519481
-4.23639e-09
0.00519481
-5.19445e-09
0.00519482
-7.07681e-09
0.00519483
-8.76684e-09
0.00519484
-1.13297e-08
0.00519485
-1.49969e-08
0.00519487
-2.02361e-08
0.0051949
-2.78681e-08
0.00519494
-3.94568e-08
0.005195
-5.99943e-08
0.00519509
-9.23873e-08
0.00519525
-1.65506e-07
0.00519554
-2.82622e-07
0.00519626
-7.26713e-07
0.00519803
-1.76273e-06
0.005204
-5.97488e-06
-1.16121e-05
0.00510032
-0.000199815
0.00516474
-0.000129237
0.00518399
-3.87853e-05
0.00518449
-9.85172e-07
0.00518315
2.7063e-06
0.00518356
-7.90734e-07
0.0051847
-2.2943e-06
0.00518612
-2.85488e-06
0.0051874
-2.57625e-06
0.00518853
-2.28058e-06
0.0051895
-1.95132e-06
0.00519033
-1.68573e-06
0.00519104
-1.4275e-06
0.00519165
-1.21978e-06
0.00519218
-1.05565e-06
0.00519263
-9.14778e-07
0.00519301
-7.80922e-07
0.00519334
-6.63111e-07
0.00519361
-5.5814e-07
0.00519384
-4.66783e-07
0.00519404
-3.8758e-07
0.0051942
-3.19485e-07
0.00519432
-2.59981e-07
0.00519443
-2.09272e-07
0.00519451
-1.67463e-07
0.00519458
-1.3179e-07
0.00519463
-1.02406e-07
0.00519467
-8.02116e-08
0.00519471
-6.24262e-08
0.00519473
-4.73835e-08
0.00519475
-3.6005e-08
0.00519476
-2.8782e-08
0.00519477
-2.19431e-08
0.00519478
-1.68876e-08
0.00519479
-1.24816e-08
0.00519479
-9.33807e-09
0.00519479
-6.45482e-09
0.0051948
-4.44873e-09
0.0051948
-2.94209e-09
0.0051948
-1.9377e-09
0.0051948
-2.14623e-10
0.0051948
2.82189e-10
0.0051948
7.66267e-10
0.0051948
9.14026e-10
0.0051948
1.3456e-09
0.0051948
8.00293e-10
0.0051948
5.7509e-10
0.0051948
6.57484e-10
0.0051948
1.06784e-09
0.0051948
3.48854e-10
0.0051948
2.99751e-10
0.0051948
1.27233e-10
0.0051948
3.4134e-10
0.0051948
-1.88793e-10
0.0051948
3.04823e-10
0.0051948
3.56171e-10
0.0051948
2.29195e-10
0.0051948
-4.01821e-10
0.0051948
-3.64663e-10
0.0051948
-8.01151e-10
0.0051948
-7.89205e-10
0.0051948
-1.09439e-09
0.0051948
-5.16669e-10
0.0051948
-5.37879e-10
0.0051948
-3.45565e-10
0.0051948
-1.03735e-11
0.0051948
9.68861e-10
0.0051948
1.01618e-09
0.0051948
1.70952e-09
0.0051948
2.23035e-09
0.0051948
2.67249e-09
0.0051948
2.39233e-09
0.0051948
2.6205e-09
0.0051948
2.43979e-09
0.0051948
2.4165e-09
0.0051948
1.74384e-09
0.0051948
1.74085e-09
0.0051948
9.55691e-10
0.0051948
1.89235e-11
0.0051948
-1.12121e-09
0.00519481
-2.04184e-09
0.00519481
-3.44267e-09
0.00519481
-4.8033e-09
0.00519481
-6.58005e-09
0.00519481
-8.51304e-09
0.00519482
-1.18645e-08
0.00519483
-1.56363e-08
0.00519484
-2.08247e-08
0.00519485
-2.82678e-08
0.00519487
-3.88855e-08
0.00519489
-5.44985e-08
0.00519493
-7.76737e-08
0.00519499
-1.18409e-07
0.00519508
-1.82061e-07
0.00519524
-3.25859e-07
0.00519551
-5.56351e-07
0.00519622
-1.43271e-06
0.00519794
-3.48279e-06
0.00520379
-1.18222e-05
-2.29952e-05
0.00510198
-0.000301793
0.00516558
-0.000192843
0.00518428
-5.74809e-05
0.0051848
-1.50628e-06
0.00518352
3.98184e-06
0.00518394
-1.21043e-06
0.00518505
-3.4065e-06
0.00518643
-4.23446e-06
0.00518767
-3.81422e-06
0.00518877
-3.38093e-06
0.00518971
-2.88633e-06
0.00519051
-2.48918e-06
0.0051912
-2.11328e-06
0.00519178
-1.80825e-06
0.00519229
-1.56009e-06
0.00519272
-1.34735e-06
0.00519309
-1.15037e-06
0.0051934
-9.76905e-07
0.00519367
-8.22836e-07
0.00519389
-6.88582e-07
0.00519407
-5.71706e-07
0.00519422
-4.70921e-07
0.00519435
-3.83505e-07
0.00519445
-3.08806e-07
0.00519453
-2.47143e-07
0.00519459
-1.95345e-07
0.00519464
-1.52428e-07
0.00519468
-1.19222e-07
0.00519471
-9.29545e-08
0.00519473
-7.10828e-08
0.00519475
-5.39123e-08
0.00519476
-4.2205e-08
0.00519477
-3.21458e-08
0.00519478
-2.44815e-08
0.00519479
-1.8079e-08
0.00519479
-1.3493e-08
0.0051948
-9.5342e-09
0.0051948
-6.63035e-09
0.0051948
-4.49531e-09
0.0051948
-3.16918e-09
0.0051948
-1.18567e-09
0.0051948
-4.1288e-10
0.0051948
1.3321e-10
0.0051948
2.85894e-10
0.0051948
8.00603e-10
0.0051948
5.04296e-10
0.0051948
3.14871e-10
0.0051948
2.82751e-10
0.0051948
8.58011e-10
0.0051948
2.76856e-10
0.0051948
1.27345e-10
0.0051948
2.48674e-11
0.0051948
3.47527e-10
0.0051948
-1.80254e-10
0.0051948
2.56201e-10
0.0051948
3.30716e-10
0.0051948
2.47609e-10
0.0051948
-4.54985e-10
0.0051948
-5.39983e-10
0.0051948
-8.7472e-10
0.0051948
-7.50932e-10
0.0051948
-1.08162e-09
0.0051948
-5.62332e-10
0.0051948
-5.10357e-10
0.0051948
-3.43898e-10
0.0051948
-7.1921e-11
0.0051948
9.70869e-10
0.0051948
1.09441e-09
0.0051948
1.65546e-09
0.0051948
2.12501e-09
0.0051948
2.71067e-09
0.0051948
2.45994e-09
0.0051948
2.50553e-09
0.0051948
2.29824e-09
0.0051948
2.30051e-09
0.0051948
1.5182e-09
0.0051948
1.39687e-09
0.0051948
6.19924e-10
0.0051948
-3.6795e-10
0.0051948
-1.65928e-09
0.00519481
-2.7658e-09
0.00519481
-4.40388e-09
0.00519481
-6.25606e-09
0.00519481
-8.81958e-09
0.00519481
-1.1691e-08
0.00519482
-1.64152e-08
0.00519483
-2.22167e-08
0.00519483
-2.99543e-08
0.00519485
-4.09689e-08
0.00519486
-5.67063e-08
0.00519489
-7.99053e-08
0.00519493
-1.1402e-07
0.00519498
-1.73626e-07
0.00519507
-2.66171e-07
0.00519522
-4.75237e-07
0.00519547
-8.11117e-07
0.00519613
-2.09566e-06
0.00519777
-5.11615e-06
0.00520336
-1.74134e-05
-3.39197e-05
0.00510451
-0.000406305
0.00516686
-0.000255192
0.00518471
-7.53356e-05
0.00518527
-2.06033e-06
0.00518408
5.16987e-06
0.00518452
-1.65436e-06
0.00518559
-4.47196e-06
0.00518691
-5.55245e-06
0.00518808
-4.99102e-06
0.00518913
-4.42607e-06
0.00519001
-3.7723e-06
0.00519077
-3.2495e-06
0.00519142
-2.76126e-06
0.00519198
-2.36352e-06
0.00519245
-2.03541e-06
0.00519286
-1.75436e-06
0.0051932
-1.49741e-06
0.0051935
-1.27125e-06
0.00519374
-1.07067e-06
0.00519395
-8.96001e-07
0.00519412
-7.43779e-07
0.00519427
-6.12265e-07
0.00519438
-4.98653e-07
0.00519447
-4.0149e-07
0.00519455
-3.21181e-07
0.00519461
-2.54424e-07
0.00519465
-1.98973e-07
0.00519469
-1.55444e-07
0.00519472
-1.21172e-07
0.00519474
-9.29831e-08
0.00519476
-7.04068e-08
0.00519477
-5.451e-08
0.00519478
-4.14766e-08
0.00519478
-3.15149e-08
0.00519479
-2.32093e-08
0.00519479
-1.72724e-08
0.0051948
-1.23537e-08
0.0051948
-8.66438e-09
0.0051948
-5.91288e-09
0.0051948
-4.31513e-09
0.0051948
-2.09174e-09
0.0051948
-1.08339e-09
0.0051948
-4.27397e-10
0.0051948
-2.92197e-10
0.0051948
2.98718e-10
0.0051948
2.16034e-10
0.0051948
1.44409e-10
0.0051948
-7.75425e-11
0.0051948
6.01499e-10
0.0051948
2.05212e-10
0.0051948
8.27683e-12
0.0051948
-1.06935e-10
0.0051948
3.51121e-10
0.0051948
-1.60291e-10
0.0051948
2.47586e-10
0.0051948
2.88559e-10
0.0051948
2.65932e-10
0.0051948
-4.74844e-10
0.0051948
-6.42202e-10
0.0051948
-9.31268e-10
0.0051948
-6.72067e-10
0.0051948
-1.05867e-09
0.0051948
-6.29757e-10
0.0051948
-5.45758e-10
0.0051948
-3.49777e-10
0.0051948
-1.63414e-10
0.0051948
9.18565e-10
0.0051948
1.12816e-09
0.0051948
1.6341e-09
0.0051948
1.99765e-09
0.0051948
2.70185e-09
0.0051948
2.51543e-09
0.0051948
2.40993e-09
0.0051948
2.11749e-09
0.0051948
2.16739e-09
0.0051948
1.28824e-09
0.0051948
1.03589e-09
0.0051948
2.60546e-10
0.0051948
-7.01566e-10
0.0051948
-2.11847e-09
0.00519481
-3.41352e-09
0.00519481
-5.28817e-09
0.00519481
-7.57483e-09
0.00519481
-1.09146e-08
0.00519481
-1.46735e-08
0.00519482
-2.06274e-08
0.00519482
-2.83276e-08
0.00519483
-3.85007e-08
0.00519484
-5.28196e-08
0.00519486
-7.33085e-08
0.00519488
-1.03515e-07
0.00519492
-1.47629e-07
0.00519497
-2.24179e-07
0.00519504
-3.42188e-07
0.00519518
-6.08633e-07
0.0051954
-1.0382e-06
0.005196
-2.69533e-06
0.00519751
-6.62136e-06
0.00520272
-2.26226e-05
-4.41573e-05
0.00510798
-0.000514281
0.00516858
-0.000315799
0.00518531
-9.20594e-05
0.0051859
-2.65825e-06
0.00518483
6.24685e-06
0.0051853
-2.12572e-06
0.0051863
-5.47332e-06
0.00518753
-6.7873e-06
0.00518863
-6.08578e-06
0.0051896
-5.39728e-06
0.00519042
-4.5928e-06
0.00519112
-3.95229e-06
0.00519172
-3.35888e-06
0.00519223
-2.8746e-06
0.00519266
-2.472e-06
0.00519304
-2.12747e-06
0.00519335
-1.81485e-06
0.00519362
-1.53997e-06
0.00519385
-1.29642e-06
0.00519404
-1.08459e-06
0.00519419
-9.00023e-07
0.00519432
-7.40407e-07
0.00519442
-6.02838e-07
0.00519451
-4.85234e-07
0.00519458
-3.8791e-07
0.00519463
-3.07613e-07
0.00519467
-2.40889e-07
0.0051947
-1.87973e-07
0.00519473
-1.46354e-07
0.00519475
-1.12514e-07
0.00519476
-8.50906e-08
0.00519477
-6.54044e-08
0.00519478
-4.96774e-08
0.00519479
-3.77728e-08
0.00519479
-2.77357e-08
0.00519479
-2.05704e-08
0.0051948
-1.48113e-08
0.0051948
-1.04614e-08
0.0051948
-7.11655e-09
0.0051948
-5.29128e-09
0.0051948
-2.86774e-09
0.0051948
-1.67652e-09
0.0051948
-8.79104e-10
0.0051948
-7.89588e-10
0.0051948
-1.32739e-10
0.0051948
-6.33445e-11
0.0051948
5.10568e-11
0.0051948
-3.84894e-10
0.0051948
3.19319e-10
0.0051948
1.20065e-10
0.0051948
-4.22013e-11
0.0051948
-2.41304e-10
0.0051948
3.64724e-10
0.0051948
-1.12839e-10
0.0051948
2.87881e-10
0.0051948
2.48295e-10
0.0051948
2.95028e-10
0.0051948
-4.56026e-10
0.0051948
-6.65945e-10
0.0051948
-9.81041e-10
0.0051948
-5.88529e-10
0.0051948
-1.04451e-09
0.0051948
-7.20356e-10
0.0051948
-6.40523e-10
0.0051948
-3.51056e-10
0.0051948
-2.49791e-10
0.0051948
8.50768e-10
0.0051948
1.13138e-09
0.0051948
1.65802e-09
0.0051948
1.87713e-09
0.0051948
2.63705e-09
0.0051948
2.52405e-09
0.0051948
2.32209e-09
0.0051948
1.89969e-09
0.0051948
2.00948e-09
0.0051948
1.06938e-09
0.0051948
6.99779e-10
0.0051948
-9.23844e-11
0.0051948
-9.64558e-10
0.0051948
-2.47867e-09
0.0051948
-3.96746e-09
0.00519481
-6.09265e-09
0.00519481
-8.75175e-09
0.00519481
-1.28184e-08
0.00519481
-1.73999e-08
0.00519482
-2.44067e-08
0.00519482
-3.37998e-08
0.00519483
-4.62479e-08
0.00519484
-6.3558e-08
0.00519485
-8.83323e-08
0.00519488
-1.24801e-07
0.00519491
-1.77704e-07
0.00519495
-2.68742e-07
0.00519502
-4.07854e-07
0.00519513
-7.21599e-07
0.00519532
-1.22979e-06
0.00519584
-3.21305e-06
0.00519718
-7.95938e-06
0.00520188
-2.73267e-05
-5.34821e-05
0.00511245
-0.00062673
0.00517077
-0.000374116
0.00518606
-0.000107354
0.00518671
-3.31021e-06
0.00518576
7.19388e-06
0.00518626
-2.62367e-06
0.00518718
-6.39184e-06
0.00518831
-7.91665e-06
0.0051893
-7.07738e-06
0.00519018
-6.27566e-06
0.00519092
-5.33146e-06
0.00519155
-4.58325e-06
0.00519208
-3.89377e-06
0.00519254
-3.3308e-06
0.00519293
-2.86054e-06
0.00519326
-2.45863e-06
0.00519354
-2.0958e-06
0.00519377
-1.77714e-06
0.00519397
-1.49515e-06
0.00519414
-1.25013e-06
0.00519427
-1.03685e-06
0.00519439
-8.52391e-07
0.00519448
-6.93627e-07
0.00519455
-5.58064e-07
0.00519461
-4.4577e-07
0.00519465
-3.53593e-07
0.00519469
-2.77091e-07
0.00519472
-2.15971e-07
0.00519474
-1.67857e-07
0.00519476
-1.29163e-07
0.00519477
-9.76131e-08
0.00519478
-7.46271e-08
0.00519478
-5.65316e-08
0.00519479
-4.30467e-08
0.00519479
-3.15344e-08
0.0051948
-2.32924e-08
0.0051948
-1.68197e-08
0.0051948
-1.1941e-08
0.0051948
-8.05439e-09
0.0051948
-6.0349e-09
0.0051948
-3.48014e-09
0.0051948
-2.15936e-09
0.0051948
-1.21494e-09
0.0051948
-1.19106e-09
0.0051948
-4.86416e-10
0.0051948
-3.3387e-10
0.0051948
4.18282e-14
0.0051948
-6.13966e-10
0.0051948
3.50831e-11
0.0051948
1.28157e-11
0.0051948
-3.04628e-11
0.0051948
-3.52011e-10
0.0051948
3.87197e-10
0.0051948
-3.32472e-11
0.0051948
3.67228e-10
0.0051948
2.20991e-10
0.0051948
3.33351e-10
0.0051948
-4.02208e-10
0.0051948
-6.26919e-10
0.0051948
-1.03261e-09
0.0051948
-5.37541e-10
0.0051948
-1.04781e-09
0.0051948
-8.24442e-10
0.0051948
-7.66898e-10
0.0051948
-3.2824e-10
0.0051948
-2.9101e-10
0.0051948
8.01404e-10
0.0051948
1.12093e-09
0.0051948
1.72083e-09
0.0051948
1.78527e-09
0.0051948
2.51284e-09
0.0051948
2.45993e-09
0.0051948
2.22485e-09
0.0051948
1.65926e-09
0.0051948
1.82734e-09
0.0051948
8.82771e-10
0.0051948
4.32507e-10
0.0051948
-4.04654e-10
0.0051948
-1.15705e-09
0.0051948
-2.73862e-09
0.0051948
-4.42227e-09
0.0051948
-6.80994e-09
0.00519481
-9.7779e-09
0.00519481
-1.4475e-08
0.00519481
-1.98007e-08
0.00519481
-2.76686e-08
0.00519482
-3.84895e-08
0.00519483
-5.29947e-08
0.00519483
-7.29489e-08
0.00519485
-1.01455e-07
0.00519487
-1.43297e-07
0.00519489
-2.03542e-07
0.00519493
-3.06161e-07
0.00519498
-4.61263e-07
0.00519507
-8.10413e-07
0.00519522
-1.37927e-06
0.00519564
-3.63226e-06
0.00519678
-9.0943e-06
0.00520086
-3.14069e-05
-6.16703e-05
0.00511804
-0.000744767
0.00517343
-0.000429511
0.00518699
-0.000120909
0.0051877
-4.02448e-06
0.0051869
7.99753e-06
0.00518741
-3.14251e-06
0.00518823
-7.20723e-06
0.00518923
-8.91721e-06
0.0051901
-7.94438e-06
0.00519086
-7.04217e-06
0.0051915
-5.97195e-06
0.00519205
-5.12833e-06
0.00519251
-4.3539e-06
0.0051929
-3.72184e-06
0.00519323
-3.1921e-06
0.00519351
-2.74014e-06
0.00519375
-2.33373e-06
0.00519395
-1.97718e-06
0.00519412
-1.66221e-06
0.00519425
-1.38869e-06
0.00519437
-1.15091e-06
0.00519446
-9.45444e-07
0.00519454
-7.6877e-07
0.0051946
-6.1815e-07
0.00519464
-4.93317e-07
0.00519468
-3.91167e-07
0.00519471
-3.06595e-07
0.00519473
-2.38689e-07
0.00519475
-1.85129e-07
0.00519476
-1.4249e-07
0.00519477
-1.07663e-07
0.00519478
-8.19504e-08
0.00519479
-6.18683e-08
0.00519479
-4.71539e-08
0.00519479
-3.4499e-08
0.0051948
-2.5363e-08
0.0051948
-1.83166e-08
0.0051948
-1.30489e-08
0.0051948
-8.70912e-09
0.0051948
-6.51997e-09
0.0051948
-3.92897e-09
0.0051948
-2.52597e-09
0.0051948
-1.44953e-09
0.0051948
-1.49328e-09
0.0051948
-7.66154e-10
0.0051948
-5.93126e-10
0.0051948
-4.93359e-11
0.0051948
-7.55821e-10
0.0051948
-2.25281e-10
0.0051948
-1.13714e-10
0.0051948
2.39112e-11
0.0051948
-4.22562e-10
0.0051948
4.06766e-10
0.0051948
6.95882e-11
0.0051948
4.63051e-10
0.0051948
2.08497e-10
0.0051948
3.70058e-10
0.0051948
-3.26887e-10
0.0051948
-5.54695e-10
0.0051948
-1.08984e-09
0.0051948
-5.44804e-10
0.0051948
-1.06435e-09
0.0051948
-9.21349e-10
0.0051948
-8.84787e-10
0.0051948
-2.66019e-10
0.0051948
-2.59186e-10
0.0051948
7.89307e-10
0.0051948
1.10645e-09
0.0051948
1.79686e-09
0.0051948
1.72747e-09
0.0051948
2.33385e-09
0.0051948
2.31264e-09
0.0051948
2.10369e-09
0.0051948
1.41645e-09
0.0051948
1.62907e-09
0.0051948
7.45689e-10
0.0051948
2.58615e-10
0.0051948
-6.49632e-10
0.0051948
-1.29415e-09
0.0051948
-2.91473e-09
0.0051948
-4.78105e-09
0.0051948
-7.42385e-09
0.0051948
-1.0635e-08
0.00519481
-1.58233e-08
0.00519481
-2.17977e-08
0.00519481
-3.03413e-08
0.00519481
-4.22898e-08
0.00519482
-5.85668e-08
0.00519483
-8.07871e-08
0.00519484
-1.12391e-07
0.00519485
-1.58587e-07
0.00519488
-2.24532e-07
0.0051949
-3.35485e-07
0.00519494
-5.00925e-07
0.00519501
-8.72241e-07
0.00519511
-1.4815e-06
0.00519541
-3.93913e-06
0.00519631
-9.99425e-06
0.00519966
-3.47496e-05
-6.8502e-05
0.00512488
-0.000869643
0.00517661
-0.000481243
0.0051881
-0.0001324
0.00518888
-4.80564e-06
0.00518823
8.65053e-06
0.00518875
-3.67086e-06
0.00518944
-7.89757e-06
0.00519029
-9.76464e-06
0.00519101
-8.66504e-06
0.00519165
-7.67762e-06
0.00519218
-6.49814e-06
0.00519262
-5.57377e-06
0.00519299
-4.72765e-06
0.00519331
-4.03788e-06
0.00519358
-3.45826e-06
0.0051938
-2.96474e-06
0.00519399
-2.52248e-06
0.00519415
-2.13491e-06
0.00519428
-1.79325e-06
0.00519439
-1.49665e-06
0.00519447
-1.23914e-06
0.00519454
-1.01703e-06
0.0051946
-8.26229e-07
0.00519465
-6.63834e-07
0.00519468
-5.29242e-07
0.00519471
-4.19292e-07
0.00519473
-3.28553e-07
0.00519475
-2.55495e-07
0.00519476
-1.97718e-07
0.00519477
-1.52132e-07
0.00519478
-1.14963e-07
0.00519478
-8.7184e-08
0.00519479
-6.55617e-08
0.00519479
-4.99578e-08
0.00519479
-3.6547e-08
0.00519479
-2.67329e-08
0.0051948
-1.92707e-08
0.0051948
-1.37665e-08
0.0051948
-9.09471e-09
0.0051948
-6.76077e-09
0.0051948
-4.22986e-09
0.0051948
-2.78977e-09
0.0051948
-1.60473e-09
0.0051948
-1.69963e-09
0.0051948
-9.76743e-10
0.0051948
-8.35045e-10
0.0051948
-1.27289e-10
0.0051948
-8.19066e-10
0.0051948
-4.41282e-10
0.0051948
-2.56183e-10
0.0051948
9.40697e-11
0.0051948
-4.45467e-10
0.0051948
4.09875e-10
0.0051948
1.7755e-10
0.0051948
5.54845e-10
0.0051948
2.06308e-10
0.0051948
3.92304e-10
0.0051948
-2.51325e-10
0.0051948
-4.75644e-10
0.0051948
-1.14873e-09
0.0051948
-6.0925e-10
0.0051948
-1.08176e-09
0.0051948
-9.84628e-10
0.0051948
-9.56416e-10
0.0051948
-1.57568e-10
0.0051948
-1.50479e-10
0.0051948
8.06693e-10
0.0051948
1.08006e-09
0.0051948
1.84926e-09
0.0051948
1.69347e-09
0.0051948
2.11512e-09
0.0051948
2.08811e-09
0.0051948
1.95482e-09
0.0051948
1.19024e-09
0.0051948
1.42104e-09
0.0051948
6.62584e-10
0.0051948
1.8148e-10
0.0051948
-8.20049e-10
0.0051948
-1.40078e-09
0.0051948
-3.03166e-09
0.0051948
-5.04715e-09
0.0051948
-7.91077e-09
0.0051948
-1.12934e-08
0.0051948
-1.68054e-08
0.0051948
-2.33108e-08
0.0051948
-3.2366e-08
0.00519481
-4.51317e-08
0.00519481
-6.28238e-08
0.00519482
-8.68925e-08
0.00519483
-1.20891e-07
0.00519484
-1.70307e-07
0.00519485
-2.40165e-07
0.00519487
-3.55981e-07
0.0051949
-5.25825e-07
0.00519493
-9.05277e-07
0.00519498
-1.53308e-06
0.00519517
-4.12309e-06
0.00519581
-1.06322e-05
0.0051983
-3.72486e-05
-7.37624e-05
0.00513315
-0.00100279
0.00518033
-0.000528426
0.00518941
-0.000141481
0.00519026
-5.65177e-06
0.00518975
9.15178e-06
0.00519027
-4.19114e-06
0.00519082
-8.43941e-06
0.00519148
-1.04335e-05
0.00519204
-9.21732e-06
0.00519252
-8.16279e-06
0.00519292
-6.89404e-06
0.00519325
-5.90613e-06
0.00519353
-5.00384e-06
0.00519376
-4.26955e-06
0.00519395
-3.6511e-06
0.00519411
-3.1257e-06
0.00519425
-2.65637e-06
0.00519436
-2.24555e-06
0.00519445
-1.8843e-06
0.00519452
-1.57075e-06
0.00519458
-1.29885e-06
0.00519463
-1.06491e-06
0.00519467
-8.64226e-07
0.0051947
-6.9368e-07
0.00519472
-5.52412e-07
0.00519474
-4.37112e-07
0.00519475
-3.42291e-07
0.00519476
-2.65898e-07
0.00519477
-2.0528e-07
0.00519477
-1.57817e-07
0.00519478
-1.19279e-07
0.00519478
-9.01774e-08
0.00519478
-6.75284e-08
0.00519479
-5.1381e-08
0.00519479
-3.76332e-08
0.00519479
-2.73936e-08
0.00519479
-1.96725e-08
0.00519479
-1.40938e-08
0.00519479
-9.22867e-09
0.00519479
-6.79184e-09
0.00519479
-4.40363e-09
0.00519479
-2.97327e-09
0.00519479
-1.69736e-09
0.00519479
-1.81341e-09
0.00519479
-1.11803e-09
0.00519479
-1.04858e-09
0.00519479
-2.42899e-10
0.00519479
-8.23518e-10
0.00519479
-5.93499e-10
0.00519479
-4.07583e-10
0.00519479
1.47591e-10
0.00519479
-4.29916e-10
0.00519479
3.87273e-10
0.00519479
2.64558e-10
0.00519479
6.28628e-10
0.00519479
2.07256e-10
0.00519479
3.9499e-10
0.00519479
-1.94774e-10
0.00519479
-4.02105e-10
0.00519479
-1.19193e-09
0.00519479
-7.05469e-10
0.00519479
-1.07971e-09
0.00519479
-9.93292e-10
0.00519479
-9.71156e-10
0.00519479
-2.3746e-11
0.00519479
5.32491e-12
0.00519479
8.36815e-10
0.00519479
1.03184e-09
0.00519479
1.85207e-09
0.00519479
1.67205e-09
0.00519479
1.89083e-09
0.00519479
1.8147e-09
0.00519479
1.78761e-09
0.00519479
1.00331e-09
0.00519479
1.21655e-09
0.00519479
6.14587e-10
0.00519479
1.81582e-10
0.00519479
-9.21477e-10
0.00519479
-1.49998e-09
0.00519479
-3.10867e-09
0.00519479
-5.21552e-09
0.00519479
-8.23606e-09
0.00519479
-1.17123e-08
0.00519479
-1.73786e-08
0.00519479
-2.42736e-08
0.00519479
-3.36969e-08
0.00519479
-4.69759e-08
0.0051948
-6.56569e-08
0.0051948
-9.10987e-08
0.00519481
-1.26731e-07
0.00519482
-1.78136e-07
0.00519483
-2.5004e-07
0.00519484
-3.67166e-07
0.00519485
-5.35468e-07
0.00519485
-9.0886e-07
0.00519485
-1.53259e-06
0.0051949
-4.17741e-06
0.00519526
-1.09866e-05
0.00519682
-3.8807e-05
-7.72433e-05
0.00514307
-0.00114586
0.00518462
-0.000569982
0.00519092
-0.000147782
0.00519182
-6.55082e-06
0.00519147
9.50583e-06
0.00519195
-4.6791e-06
0.00519232
-8.80788e-06
0.00519279
-1.0897e-05
0.00519315
-9.57881e-06
0.00519347
-8.47837e-06
0.00519372
-7.14386e-06
0.00519392
-6.11235e-06
0.00519409
-5.17173e-06
0.00519423
-4.40793e-06
0.00519434
-3.76326e-06
0.00519443
-3.21677e-06
0.0051945
-2.73017e-06
0.00519456
-2.30482e-06
0.00519461
-1.9318e-06
0.00519465
-1.60813e-06
0.00519468
-1.32774e-06
0.0051947
-1.08722e-06
0.00519472
-8.81291e-07
0.00519473
-7.06529e-07
0.00519474
-5.61917e-07
0.00519475
-4.43985e-07
0.00519475
-3.47329e-07
0.00519475
-2.6955e-07
0.00519476
-2.07591e-07
0.00519476
-1.59371e-07
0.00519476
-1.20437e-07
0.00519476
-9.08232e-08
0.00519476
-6.77233e-08
0.00519476
-5.14054e-08
0.00519476
-3.77364e-08
0.00519476
-2.73565e-08
0.00519476
-1.95389e-08
0.00519476
-1.40353e-08
0.00519476
-9.11301e-09
0.00519476
-6.63108e-09
0.00519476
-4.44789e-09
0.00519476
-3.09542e-09
0.00519476
-1.74724e-09
0.00519476
-1.83959e-09
0.00519476
-1.18444e-09
0.00519476
-1.21062e-09
0.00519476
-3.70779e-10
0.00519476
-7.7521e-10
0.00519476
-6.4617e-10
0.00519476
-5.18034e-10
0.00519476
2.01899e-10
0.00519476
-3.58849e-10
0.00519476
3.65965e-10
0.00519476
3.29352e-10
0.00519476
6.87845e-10
0.00519476
2.1124e-10
0.00519476
3.81924e-10
0.00519476
-1.63791e-10
0.00519476
-3.41257e-10
0.00519476
-1.20376e-09
0.00519476
-8.02353e-10
0.00519476
-1.04509e-09
0.00519476
-9.29741e-10
0.00519476
-9.3685e-10
0.00519476
9.72398e-11
0.00519476
1.50286e-10
0.00519476
8.43259e-10
0.00519476
9.4006e-10
0.00519476
1.77011e-09
0.00519476
1.62045e-09
0.00519476
1.66615e-09
0.00519476
1.5115e-09
0.00519476
1.5963e-09
0.00519476
8.44313e-10
0.00519476
1.01318e-09
0.00519476
5.61251e-10
0.00519476
2.08777e-10
0.00519476
-9.79955e-10
0.00519476
-1.6027e-09
0.00519476
-3.15171e-09
0.00519476
-5.27178e-09
0.00519476
-8.36446e-09
0.00519476
-1.18497e-08
0.00519476
-1.75218e-08
0.00519476
-2.46435e-08
0.00519476
-3.42952e-08
0.00519476
-4.77956e-08
0.00519476
-6.69795e-08
0.00519477
-9.32438e-08
0.00519477
-1.29704e-07
0.00519477
-1.81798e-07
0.00519478
-2.5386e-07
0.00519478
-3.68814e-07
0.00519477
-5.29905e-07
0.00519475
-8.83565e-07
0.00519469
-1.48078e-06
0.00519462
-4.09984e-06
0.00519467
-1.10425e-05
0.00519521
-3.93404e-05
-7.8746e-05
0.00515491
-0.00130076
0.00518951
-0.000604582
0.00519262
-0.000150896
0.00519355
-7.47559e-06
0.00519333
9.72121e-06
0.00519375
-5.10381e-06
0.00519392
-8.97699e-06
0.00519416
-1.11271e-05
0.0051943
-9.72676e-06
0.00519443
-8.60496e-06
0.00519452
-7.23203e-06
0.00519459
-6.17968e-06
0.00519464
-5.221e-06
0.00519467
-4.44454e-06
0.0051947
-3.78788e-06
0.00519471
-3.23233e-06
0.00519472
-2.73927e-06
0.00519472
-2.30899e-06
0.00519473
-1.93267e-06
0.00519472
-1.60637e-06
0.00519472
-1.32398e-06
0.00519472
-1.0825e-06
0.00519471
-8.76309e-07
0.0051947
-7.01538e-07
0.0051947
-5.57106e-07
0.0051947
-4.39494e-07
0.00519469
-3.43385e-07
0.00519469
-2.66241e-07
0.00519468
-2.04546e-07
0.00519468
-1.56721e-07
0.00519468
-1.18347e-07
0.00519468
-8.90638e-08
0.00519468
-6.61419e-08
0.00519468
-5.00622e-08
0.00519467
-3.68757e-08
0.00519467
-2.66469e-08
0.00519467
-1.88987e-08
0.00519467
-1.36291e-08
0.00519467
-8.81174e-09
0.00519467
-6.35443e-09
0.00519467
-4.39171e-09
0.00519467
-3.16028e-09
0.00519467
-1.76928e-09
0.00519467
-1.79023e-09
0.00519467
-1.18813e-09
0.00519467
-1.32309e-09
0.00519467
-5.11034e-10
0.00519467
-7.2232e-10
0.00519467
-6.40641e-10
0.00519467
-6.13824e-10
0.00519467
2.13949e-10
0.00519467
-2.72789e-10
0.00519467
3.33877e-10
0.00519467
3.57585e-10
0.00519467
7.27819e-10
0.00519467
2.19061e-10
0.00519467
3.53499e-10
0.00519467
-1.47692e-10
0.00519467
-2.71042e-10
0.00519467
-1.14346e-09
0.00519467
-8.49458e-10
0.00519467
-9.73495e-10
0.00519467
-8.03831e-10
0.00519467
-8.66551e-10
0.00519467
1.76447e-10
0.00519467
2.50215e-10
0.00519467
8.14603e-10
0.00519467
8.19682e-10
0.00519467
1.63918e-09
0.00519467
1.56457e-09
0.00519467
1.491e-09
0.00519467
1.24178e-09
0.00519467
1.42206e-09
0.00519467
7.30388e-10
0.00519467
8.23386e-10
0.00519467
4.79004e-10
0.00519467
2.26981e-10
0.00519467
-1.00639e-09
0.00519467
-1.69734e-09
0.00519467
-3.13869e-09
0.00519467
-5.18788e-09
0.00519467
-8.27264e-09
0.00519467
-1.16993e-08
0.00519467
-1.7243e-08
0.00519467
-2.44171e-08
0.00519467
-3.41226e-08
0.00519467
-4.75608e-08
0.00519467
-6.67197e-08
0.00519467
-9.31687e-08
0.00519467
-1.29612e-07
0.00519467
-1.81074e-07
0.00519467
-2.51445e-07
0.00519466
-3.60969e-07
0.00519464
-5.09741e-07
0.00519459
-8.31245e-07
0.00519449
-1.38077e-06
0.00519428
-3.89315e-06
0.00519403
-1.07921e-05
0.00519347
-3.87802e-05
-7.80843e-05
0.00516896
-0.00146972
0.00519493
-0.000630558
0.00519441
-0.000150374
0.00519531
-8.37764e-06
0.00519523
9.80703e-06
0.00519555
-5.42793e-06
0.00519549
-8.92013e-06
0.00519546
-1.10945e-05
0.00519537
-9.63813e-06
0.00519529
-8.52311e-06
0.0051952
-7.14328e-06
0.00519512
-6.09577e-06
0.00519504
-5.14183e-06
0.00519497
-4.37143e-06
0.0051949
-3.71868e-06
0.00519483
-3.1674e-06
0.00519477
-2.67967e-06
0.00519472
-2.25492e-06
0.00519467
-1.88444e-06
0.00519463
-1.5636e-06
0.00519459
-1.28626e-06
0.00519456
-1.04978e-06
0.00519453
-8.4857e-07
0.0051945
-6.78234e-07
0.00519449
-5.37654e-07
0.00519447
-4.23441e-07
0.00519446
-3.30359e-07
0.00519445
-2.55885e-07
0.00519444
-1.96145e-07
0.00519443
-1.49893e-07
0.00519443
-1.13023e-07
0.00519442
-8.49043e-08
0.00519442
-6.28261e-08
0.00519442
-4.74319e-08
0.00519441
-3.51106e-08
0.00519441
-2.53642e-08
0.00519441
-1.78229e-08
0.00519441
-1.28326e-08
0.00519441
-8.26273e-09
0.00519441
-5.88796e-09
0.00519441
-4.17353e-09
0.00519441
-3.14339e-09
0.00519441
-1.76663e-09
0.00519441
-1.67049e-09
0.00519441
-1.12586e-09
0.00519441
-1.35474e-09
0.00519441
-6.15104e-10
0.00519441
-6.40069e-10
0.00519441
-5.45494e-10
0.00519441
-6.32339e-10
0.00519441
2.26629e-10
0.00519441
-1.44089e-10
0.00519441
3.20142e-10
0.00519441
3.6654e-10
0.00519441
7.49205e-10
0.00519441
2.41368e-10
0.00519441
3.20932e-10
0.00519441
-1.3883e-10
0.00519441
-1.96615e-10
0.00519441
-1.01283e-09
0.00519441
-8.33459e-10
0.00519441
-8.65e-10
0.00519441
-6.53962e-10
0.00519441
-8.03529e-10
0.0051944
1.65924e-10
0.0051944
2.67722e-10
0.0051944
7.38061e-10
0.0051944
6.60593e-10
0.0051944
1.43201e-09
0.0051944
1.45606e-09
0.0051944
1.3208e-09
0.0051944
9.84608e-10
0.0051944
1.22588e-09
0.00519441
6.23393e-10
0.00519441
6.29987e-10
0.00519441
3.33879e-10
0.00519441
1.94631e-10
0.00519441
-1.01297e-09
0.00519441
-1.76448e-09
0.00519441
-3.04803e-09
0.00519441
-4.92288e-09
0.00519441
-7.91311e-09
0.00519441
-1.12335e-08
0.0051944
-1.65414e-08
0.0051944
-2.3605e-08
0.0051944
-3.3152e-08
0.0051944
-4.62255e-08
0.0051944
-6.4807e-08
0.0051944
-9.07321e-08
0.00519439
-1.26278e-07
0.00519439
-1.75811e-07
0.00519438
-2.42722e-07
0.00519436
-3.43924e-07
0.00519433
-4.76108e-07
0.00519425
-7.55039e-07
0.00519411
-1.23817e-06
0.00519378
-3.56576e-06
0.00519323
-1.02354e-05
0.00519153
-3.70792e-05
-7.50896e-05
0.00518542
-0.00165514
0.00520062
-0.000645759
0.00519596
-0.000145711
0.00519676
-9.18041e-06
0.0051968
9.76699e-06
0.00519698
-5.60874e-06
0.00519667
-8.61094e-06
0.00519635
-1.07682e-05
0.005196
-9.2898e-06
0.00519569
-8.21341e-06
0.00519541
-6.86283e-06
0.00519516
-5.84885e-06
0.00519494
-4.92499e-06
0.00519475
-4.18132e-06
0.00519458
-3.55007e-06
0.00519443
-3.01772e-06
0.0051943
-2.54818e-06
0.00519419
-2.1402e-06
0.00519409
-1.7853e-06
0.005194
-1.47854e-06
0.00519393
-1.21374e-06
0.00519387
-9.88555e-07
0.00519382
-7.9776e-07
0.00519378
-6.36486e-07
0.00519374
-5.03525e-07
0.00519371
-3.95868e-07
0.00519369
-3.08329e-07
0.00519368
-2.38522e-07
0.00519366
-1.8248e-07
0.00519365
-1.39015e-07
0.00519364
-1.04588e-07
0.00519364
-7.84268e-08
0.00519363
-5.78569e-08
0.00519363
-4.35951e-08
0.00519362
-3.24194e-08
0.00519362
-2.33553e-08
0.00519362
-1.63127e-08
0.00519362
-1.17489e-08
0.00519362
-7.59376e-09
0.00519362
-5.35003e-09
0.00519362
-3.84365e-09
0.00519362
-3.03114e-09
0.00519362
-1.74428e-09
0.00519362
-1.50469e-09
0.00519362
-1.01933e-09
0.00519362
-1.31283e-09
0.00519362
-6.78924e-10
0.00519362
-5.5682e-10
0.00519362
-4.16573e-10
0.00519361
-6.03843e-10
0.00519361
2.09251e-10
0.00519361
-1.36505e-11
0.00519361
3.041e-10
0.00519361
3.45123e-10
0.00519361
7.4031e-10
0.00519361
2.73239e-10
0.00519361
2.90161e-10
0.00519361
-1.14684e-10
0.00519361
-1.034e-10
0.00519361
-8.04348e-10
0.00519361
-7.521e-10
0.00519361
-7.37552e-10
0.00519361
-5.08215e-10
0.00519361
-7.64662e-10
0.00519361
6.13309e-11
0.00519361
1.99534e-10
0.00519361
6.30344e-10
0.00519361
5.0615e-10
0.00519361
1.19396e-09
0.00519361
1.31599e-09
0.00519361
1.16184e-09
0.00519361
7.65123e-10
0.00519361
1.01613e-09
0.00519361
5.17519e-10
0.00519361
4.36187e-10
0.00519361
1.29904e-10
0.00519361
1.01556e-10
0.00519361
-9.9415e-10
0.00519361
-1.77275e-09
0.00519361
-2.86459e-09
0.00519361
-4.50893e-09
0.00519361
-7.32196e-09
0.00519361
-1.04809e-08
0.00519361
-1.54236e-08
0.00519361
-2.21112e-08
0.00519361
-3.1339e-08
0.00519361
-4.37257e-08
0.0051936
-6.11767e-08
0.0051936
-8.58361e-08
0.00519359
-1.19572e-07
0.00519358
-1.65934e-07
0.00519357
-2.27728e-07
0.00519354
-3.18194e-07
0.00519349
-4.30627e-07
0.0051934
-6.59341e-07
0.00519322
-1.06121e-06
0.00519279
-3.13232e-06
0.00519193
-9.38126e-06
0.00518907
-3.42191e-05
-6.96211e-05
0.00520403
-0.00185917
0.00520559
-0.000647324
0.00519621
-0.000136333
0.00519681
-9.77384e-06
0.00519698
9.58936e-06
0.00519698
-5.60038e-06
0.00519639
-8.02492e-06
0.00519574
-1.01169e-05
0.00519511
-8.65915e-06
0.00519455
-7.65695e-06
0.00519406
-6.37672e-06
0.00519364
-5.42795e-06
0.00519328
-4.56212e-06
0.00519297
-3.86781e-06
0.00519269
-3.27737e-06
0.00519245
-2.77993e-06
0.00519225
-2.34242e-06
0.00519207
-1.96324e-06
0.00519192
-1.63422e-06
0.00519179
-1.35058e-06
0.00519169
-1.10619e-06
0.0051916
-8.9884e-07
0.00519152
-7.24015e-07
0.00519146
-5.76521e-07
0.00519141
-4.55057e-07
0.00519137
-3.57073e-07
0.00519134
-2.77594e-07
0.00519132
-2.14413e-07
0.0051913
-1.63736e-07
0.00519129
-1.24303e-07
0.00519127
-9.32577e-08
0.00519127
-6.98029e-08
0.00519126
-5.13824e-08
0.00519125
-3.86203e-08
0.00519125
-2.89423e-08
0.00519125
-2.08465e-08
0.00519125
-1.44215e-08
0.00519124
-1.03742e-08
0.00519124
-6.77365e-09
0.00519124
-4.74508e-09
0.00519124
-3.42069e-09
0.00519124
-2.81498e-09
0.00519124
-1.69101e-09
0.00519124
-1.32057e-09
0.00519124
-8.79879e-10
0.00519124
-1.19909e-09
0.00519124
-6.83314e-10
0.00519124
-4.70115e-10
0.00519124
-2.71934e-10
0.00519124
-5.36683e-10
0.00519124
1.62845e-10
0.00519124
9.1478e-11
0.00519124
2.76569e-10
0.00519124
2.79318e-10
0.00519124
6.91076e-10
0.00519124
3.05323e-10
0.00519124
2.68712e-10
0.00519124
-7.56826e-11
0.00519124
8.2038e-13
0.00519124
-5.47395e-10
0.00519124
-6.15717e-10
0.00519124
-6.16102e-10
0.00519124
-3.89304e-10
0.00519124
-7.53375e-10
0.00519124
-1.13839e-10
0.00519124
6.72856e-11
0.00519124
5.03793e-10
0.00519124
3.67722e-10
0.00519124
9.42503e-10
0.00519124
1.1356e-09
0.00519124
9.9764e-10
0.00519124
5.68123e-10
0.00519124
7.84287e-10
0.00519124
4.02176e-10
0.00519124
2.53925e-10
0.00519124
-1.0272e-10
0.00519124
-3.30112e-11
0.00519124
-9.40865e-10
0.00519124
-1.69257e-09
0.00519124
-2.59246e-09
0.00519124
-3.95643e-09
0.00519124
-6.50811e-09
0.00519124
-9.45817e-09
0.00519123
-1.39215e-08
0.00519123
-2.00147e-08
0.00519123
-2.85883e-08
0.00519123
-3.99249e-08
0.00519122
-5.58098e-08
0.00519121
-7.84385e-08
0.0051912
-1.09416e-07
0.00519119
-1.51434e-07
0.00519117
-2.06587e-07
0.00519113
-2.84431e-07
0.00519108
-3.75329e-07
0.00519097
-5.49661e-07
0.00519077
-8.60827e-07
0.00519025
-2.61481e-06
0.00518912
-8.24836e-06
0.00518512
-3.02228e-05
-6.15838e-05
0.00522271
-0.00208188
0.0052067
-0.000631313
0.00519199
-0.000121623
0.00519223
-1.00113e-05
0.00519258
9.23182e-06
0.00519234
-5.35773e-06
0.00519146
-7.14237e-06
0.00519045
-9.10995e-06
0.00518952
-7.726e-06
0.0051887
-6.83644e-06
0.00518799
-5.67285e-06
0.00518739
-4.82368e-06
0.00518687
-4.04629e-06
0.00518643
-3.42581e-06
0.00518605
-2.89735e-06
0.00518572
-2.45169e-06
0.00518544
-2.06109e-06
0.0051852
-1.7235e-06
0.005185
-1.43117e-06
0.00518483
-1.18007e-06
0.00518468
-9.64229e-07
0.00518457
-7.81445e-07
0.00518447
-6.28212e-07
0.00518439
-4.99223e-07
0.00518433
-3.93199e-07
0.00518428
-3.0784e-07
0.00518424
-2.3867e-07
0.00518421
-1.84032e-07
0.00518419
-1.40253e-07
0.00518417
-1.06084e-07
0.00518416
-7.93395e-08
0.00518415
-5.92787e-08
0.00518414
-4.35677e-08
0.00518413
-3.2647e-08
0.00518413
-2.45273e-08
0.00518412
-1.77389e-08
0.00518412
-1.21719e-08
0.00518412
-8.74557e-09
0.00518412
-5.81275e-09
0.00518412
-4.08355e-09
0.00518412
-2.9118e-09
0.00518412
-2.48586e-09
0.00518412
-1.57052e-09
0.00518411
-1.13271e-09
0.00518411
-7.10989e-10
0.00518411
-1.01706e-09
0.00518411
-6.07682e-10
0.00518411
-3.69906e-10
0.00518411
-1.15834e-10
0.00518411
-4.35144e-10
0.00518411
1.07555e-10
0.00518411
1.61102e-10
0.00518411
2.54026e-10
0.00518411
1.75502e-10
0.00518411
6.07238e-10
0.00518411
3.29121e-10
0.00518411
2.67892e-10
0.00518411
-2.87431e-11
0.00518411
1.01767e-10
0.00518411
-2.86524e-10
0.00518411
-4.45745e-10
0.00518411
-5.20011e-10
0.00518411
-3.00862e-10
0.00518411
-7.47785e-10
0.00518411
-3.06975e-10
0.00518411
-8.73844e-11
0.00518411
3.80719e-10
0.00518411
2.50913e-10
0.00518411
7.0197e-10
0.00518411
9.09998e-10
0.00518411
8.27046e-10
0.00518411
3.83864e-10
0.00518411
5.34492e-10
0.00518411
2.78659e-10
0.00518411
1.06966e-10
0.00518411
-3.10996e-10
0.00518411
-1.64323e-10
0.00518411
-8.39465e-10
0.00518411
-1.49708e-09
0.00518411
-2.23898e-09
0.00518411
-3.30352e-09
0.00518411
-5.50502e-09
0.00518411
-8.1847e-09
0.00518411
-1.2051e-08
0.0051841
-1.72813e-08
0.0051841
-2.48647e-08
0.0051841
-3.48566e-08
0.00518409
-4.86875e-08
0.00518408
-6.85386e-08
0.00518407
-9.57843e-08
0.00518405
-1.32336e-07
0.00518402
-1.79483e-07
0.00518398
-2.4332e-07
0.00518391
-3.12378e-07
0.0051838
-4.32254e-07
0.00518359
-6.50132e-07
0.00518302
-2.04445e-06
0.00518164
-6.86943e-06
0.00517659
-2.51774e-05
-5.09505e-05
0.00523345
-0.00231533
0.00519436
-0.000592231
0.00517371
-0.000100975
0.0051734
-9.69896e-06
0.00517403
8.59913e-06
0.00517352
-4.83959e-06
0.00517233
-5.95421e-06
0.00517094
-7.72321e-06
0.00516969
-6.47739e-06
0.00516859
-5.74e-06
0.00516767
-4.74377e-06
0.00516687
-4.03038e-06
0.0051662
-3.37378e-06
0.00516563
-2.85268e-06
0.00516514
-2.40877e-06
0.00516472
-2.03251e-06
0.00516436
-1.70463e-06
0.00516406
-1.42197e-06
0.00516381
-1.17754e-06
0.00516359
-9.68509e-07
0.00516342
-7.89382e-07
0.00516328
-6.37843e-07
0.00516316
-5.11611e-07
0.00516306
-4.05659e-07
0.00516299
-3.18362e-07
0.00516293
-2.48725e-07
0.00516288
-1.92458e-07
0.00516285
-1.48118e-07
0.00516282
-1.12589e-07
0.0051628
-8.48245e-08
0.00516278
-6.32543e-08
0.00516277
-4.72087e-08
0.00516276
-3.46463e-08
0.00516276
-2.59049e-08
0.00516275
-1.94349e-08
0.00516275
-1.41312e-08
0.00516274
-9.60881e-09
0.00516274
-6.88199e-09
0.00516274
-4.6739e-09
0.00516274
-3.32555e-09
0.00516274
-2.29881e-09
0.00516274
-2.03516e-09
0.00516274
-1.34205e-09
0.00516274
-9.26707e-10
0.00516274
-5.13352e-10
0.00516274
-7.87519e-10
0.00516274
-4.5836e-10
0.00516274
-2.47891e-10
0.00516274
4.71978e-11
0.00516274
-3.02326e-10
0.00516273
7.05388e-11
0.00516273
1.96458e-10
0.00516273
2.67269e-10
0.00516273
7.74044e-11
0.00516273
5.1231e-10
0.00516273
3.45324e-10
0.00516273
2.93078e-10
0.00516273
2.06223e-11
0.00516273
1.84456e-10
0.00516273
-6.78242e-11
0.00516273
-2.68092e-10
0.00516273
-4.52569e-10
0.00516273
-2.32496e-10
0.00516273
-7.08811e-10
0.00516273
-4.56094e-10
0.00516273
-2.14564e-10
0.00516273
2.87668e-10
0.00516273
1.62134e-10
0.00516273
5.01647e-10
0.00516273
6.57209e-10
0.00516273
6.54457e-10
0.00516273
2.15924e-10
0.00516273
2.83992e-10
0.00516273
1.55299e-10
0.00516273
1.51739e-11
0.00516273
-4.43496e-10
0.00516273
-2.42727e-10
0.00516273
-6.81462e-10
0.00516273
-1.18354e-09
0.00516273
-1.80284e-09
0.00516273
-2.57956e-09
0.00516273
-4.34418e-09
0.00516273
-6.66522e-09
0.00516273
-9.84187e-09
0.00516273
-1.39781e-08
0.00516272
-2.02751e-08
0.00516271
-2.85462e-08
0.00516271
-3.98649e-08
0.00516269
-5.62145e-08
0.00516268
-7.87473e-08
0.00516265
-1.08741e-07
0.00516262
-1.46696e-07
0.00516257
-1.9576e-07
0.0051625
-2.43504e-07
0.00516238
-3.13841e-07
0.00516218
-4.42821e-07
0.00516159
-1.46025e-06
0.00516003
-5.30267e-06
0.00515414
-1.92929e-05
-3.78187e-05
0.0052101
-0.00252543
0.0051398
-0.000521924
0.00511272
-7.38939e-05
0.00511158
-8.56744e-06
0.00511267
7.50968e-06
0.00511184
-4.00658e-06
0.00511036
-4.47663e-06
0.0051086
-5.9559e-06
0.00510704
-4.91856e-06
0.00510567
-4.37246e-06
0.00510452
-3.59514e-06
0.00510354
-3.05381e-06
0.00510272
-2.55023e-06
0.00510202
-2.15334e-06
0.00510142
-1.81361e-06
0.00510092
-1.52745e-06
0.00510049
-1.27777e-06
0.00510013
-1.06327e-06
0.00509983
-8.77792e-07
0.00509959
-7.20078e-07
0.00509938
-5.85427e-07
0.00509921
-4.71503e-07
0.00509908
-3.77288e-07
0.00509897
-2.98556e-07
0.00509889
-2.33404e-07
0.00509882
-1.81873e-07
0.00509877
-1.40391e-07
0.00509873
-1.07848e-07
0.00509869
-8.16875e-08
0.00509867
-6.12443e-08
0.00509865
-4.55638e-08
0.00509864
-3.40464e-08
0.00509863
-2.49537e-08
0.00509862
-1.8562e-08
0.00509862
-1.38074e-08
0.00509861
-1.01313e-08
0.00509861
-6.81731e-09
0.00509861
-4.84047e-09
0.00509861
-3.36224e-09
0.00509861
-2.44462e-09
0.0050986
-1.57812e-09
0.0050986
-1.44973e-09
0.0050986
-9.92345e-10
0.0050986
-6.80811e-10
0.0050986
-2.79454e-10
0.0050986
-5.14652e-10
0.0050986
-2.84606e-10
0.0050986
-1.25356e-10
0.0050986
1.96045e-10
0.0050986
-1.54081e-10
0.0050986
6.06557e-11
0.0050986
2.09314e-10
0.0050986
3.08121e-10
0.0050986
1.61628e-11
0.0050986
4.06234e-10
0.0050986
3.53238e-10
0.0050986
3.35481e-10
0.0050986
5.45615e-11
0.0050986
2.09933e-10
0.0050986
7.56925e-11
0.0050986
-1.18724e-10
0.0050986
-4.04001e-10
0.0050986
-1.63116e-10
0.0050986
-5.85376e-10
0.0050986
-5.00998e-10
0.0050986
-2.67194e-10
0.0050986
2.46126e-10
0.0050986
1.21765e-10
0.0050986
3.38128e-10
0.0050986
4.01324e-10
0.0050986
4.84729e-10
0.0050986
7.24417e-11
0.0050986
4.89882e-11
0.0050986
4.54734e-11
0.0050986
-8.92674e-12
0.0050986
-4.66669e-10
0.0050986
-2.46336e-10
0.0050986
-4.63282e-10
0.0050986
-7.8511e-10
0.0050986
-1.3002e-09
0.0050986
-1.81857e-09
0.0050986
-3.06645e-09
0.0050986
-4.91888e-09
0.00509859
-7.33602e-09
0.00509859
-1.02039e-08
0.00509858
-1.49128e-08
0.00509858
-2.11456e-08
0.00509857
-2.95371e-08
0.00509855
-4.17089e-08
0.00509853
-5.86111e-08
0.0050985
-8.10179e-08
0.00509847
-1.08792e-07
0.00509841
-1.42881e-07
0.00509834
-1.71989e-07
0.00509823
-2.02318e-07
0.00509805
-2.57639e-07
0.00509748
-8.92396e-07
0.00509582
-3.64931e-06
0.00508956
-1.30281e-05
-2.2742e-05
0.00507225
-0.00259768
0.00495569
-0.000405359
0.00492299
-4.12025e-05
0.00492073
-6.30249e-06
0.00492255
5.68503e-06
0.00492139
-2.84483e-06
0.0049197
-2.78476e-06
0.0049176
-3.84966e-06
0.00491579
-3.10946e-06
0.00491419
-2.77932e-06
0.00491287
-2.26973e-06
0.00491174
-1.92854e-06
0.0049108
-1.60593e-06
0.00491
-1.35432e-06
0.00490932
-1.13785e-06
0.00490875
-9.56035e-07
0.00490827
-7.97548e-07
0.00490787
-6.61905e-07
0.00490754
-5.44499e-07
0.00490726
-4.45396e-07
0.00490704
-3.61242e-07
0.00490685
-2.89831e-07
0.00490671
-2.3126e-07
0.00490659
-1.826e-07
0.0049065
-1.42138e-07
0.00490643
-1.10452e-07
0.00490637
-8.50943e-08
0.00490633
-6.53046e-08
0.0049063
-4.92031e-08
0.00490627
-3.65602e-08
0.00490625
-2.71288e-08
0.00490624
-2.04462e-08
0.00490623
-1.5039e-08
0.00490622
-1.10867e-08
0.00490622
-8.03345e-09
0.00490621
-5.94596e-09
0.00490621
-4.00393e-09
0.00490621
-2.81933e-09
0.00490621
-2.02401e-09
0.00490621
-1.5157e-09
0.0049062
-8.7088e-10
0.0049062
-8.48265e-10
0.0049062
-5.87441e-10
0.0049062
-3.84213e-10
0.0049062
-7.03732e-11
0.0049062
-2.68384e-10
0.0049062
-1.587e-10
0.0049062
-3.98769e-11
0.0049062
2.52317e-10
0.0049062
-7.3625e-11
0.0049062
4.19993e-13
0.0049062
1.271e-10
0.0049062
2.73877e-10
0.0049062
-1.84065e-11
0.0049062
2.45575e-10
0.0049062
2.87548e-10
0.0049062
3.27967e-10
0.0049062
7.95991e-11
0.0049062
1.69179e-10
0.0049062
1.08704e-10
0.0049062
-3.2183e-11
0.0049062
-3.26186e-10
0.0049062
-8.19468e-11
0.0049062
-3.7554e-10
0.0049062
-4.36107e-10
0.0049062
-2.42468e-10
0.0049062
1.98612e-10
0.0049062
8.43555e-11
0.0049062
1.76309e-10
0.0049062
1.55866e-10
0.0049062
2.94839e-10
0.0049062
-1.3552e-11
0.0049062
-9.23979e-11
0.0049062
-1.43839e-11
0.0049062
1.33394e-11
0.0049062
-3.70583e-10
0.0049062
-1.70731e-10
0.0049062
-2.28147e-10
0.0049062
-4.10347e-10
0.0049062
-7.8529e-10
0.0049062
-1.08224e-09
0.0049062
-1.76827e-09
0.0049062
-2.99414e-09
0.00490619
-4.56613e-09
0.00490619
-6.14258e-09
0.00490618
-9.03729e-09
0.00490618
-1.30031e-08
0.00490616
-1.8205e-08
0.00490615
-2.57392e-08
0.00490613
-3.63188e-08
0.00490609
-5.03156e-08
0.00490605
-6.7301e-08
0.004906
-8.701e-08
0.00490593
-1.01318e-07
0.00490583
-1.05873e-07
0.00490568
-1.11799e-07
0.00490521
-4.17927e-07
0.00490359
-2.02909e-06
0.00489775
-7.18427e-06
-7.91199e-06
0.00456786
-0.00216555
0.0043756
-0.000213091
0.00434676
-1.23719e-05
0.00434298
-2.52099e-06
0.00434597
2.69506e-06
0.00434442
-1.29376e-06
0.00434276
-1.12665e-06
0.00434051
-1.60267e-06
0.00433867
-1.26373e-06
0.00433702
-1.13424e-06
0.00433567
-9.18778e-07
0.00433452
-7.80075e-07
0.00433356
-6.47386e-07
0.00433275
-5.44752e-07
0.00433207
-4.56266e-07
0.0043315
-3.82534e-07
0.00433102
-3.17793e-07
0.00433062
-2.62611e-07
0.00433029
-2.15033e-07
0.00433002
-1.75461e-07
0.0043298
-1.42006e-07
0.00432962
-1.13241e-07
0.00432948
-8.99175e-08
0.00432937
-7.07768e-08
0.00432928
-5.47245e-08
0.00432921
-4.22875e-08
0.00432916
-3.26602e-08
0.00432912
-2.52549e-08
0.00432909
-1.87867e-08
0.00432907
-1.34833e-08
0.00432905
-9.87327e-09
0.00432904
-7.90591e-09
0.00432903
-6.21955e-09
0.00432902
-4.52339e-09
0.00432902
-2.90848e-09
0.00432901
-2.03994e-09
0.00432901
-1.57326e-09
0.00432901
-1.38015e-09
0.00432901
-1.07377e-09
0.004329
-6.30501e-10
0.004329
-1.53357e-10
0.004329
-3.13464e-10
0.004329
-4.07378e-10
0.004329
-2.25679e-10
0.004329
1.0812e-10
0.004329
-1.02512e-10
0.004329
-3.17907e-10
0.004329
-2.55646e-10
0.004329
3.90922e-11
0.004329
-1.68037e-10
0.004329
-2.13334e-10
0.004329
-2.08637e-10
0.004329
-8.70184e-11
0.004329
-1.09662e-10
0.004329
8.26588e-11
0.004329
1.32097e-10
0.004329
1.45627e-10
0.004329
-1.29345e-11
0.004329
5.7876e-11
0.004329
8.37608e-11
0.004329
-1.54569e-11
0.004329
-1.98012e-10
0.004329
2.32948e-11
0.004329
-1.27157e-10
0.004329
-3.12921e-10
0.004329
-2.48233e-10
0.004329
3.72008e-11
0.004329
-3.63325e-12
0.004329
-2.83413e-11
0.004329
-2.50701e-11
0.004329
1.24735e-10
0.004329
-4.19288e-11
0.004329
-8.41461e-11
0.004329
9.64023e-12
0.004329
2.69011e-11
0.004329
-2.50874e-10
0.004329
-1.17645e-10
0.004329
-6.67279e-11
0.004329
-2.03667e-10
0.004329
-3.91499e-10
0.004329
-4.23432e-10
0.004329
-5.53419e-10
0.004329
-1.04522e-09
0.00432899
-1.71885e-09
0.00432899
-2.23863e-09
0.00432898
-3.42014e-09
0.00432898
-5.17533e-09
0.00432897
-7.27054e-09
0.00432895
-1.01812e-08
0.00432893
-1.44864e-08
0.0043289
-2.01089e-08
0.00432886
-2.66916e-08
0.0043288
-3.39386e-08
0.00432874
-3.81233e-08
0.00432867
-3.40391e-08
0.00432858
-2.29231e-08
0.00432826
-1.01952e-07
0.00432693
-6.966e-07
0.00432235
-2.60335e-06
1.18942e-06
0.00283445
0.00262136
0.00260899
0.00260647
0.00260917
0.00260787
0.00260675
0.00260514
0.00260388
0.00260275
0.00260183
0.00260105
0.0026004
0.00259986
0.0025994
0.00259902
0.0025987
0.00259844
0.00259822
0.00259805
0.0025979
0.00259779
0.0025977
0.00259763
0.00259757
0.00259753
0.0025975
0.00259747
0.00259745
0.00259744
0.00259743
0.00259742
0.00259742
0.00259741
0.00259741
0.00259741
0.00259741
0.0025974
0.0025974
0.0025974
0.0025974
0.0025974
0.0025974
0.0025974
0.0025974
0.0025974
0.0025974
0.0025974
0.0025974
0.0025974
0.0025974
0.0025974
0.0025974
0.0025974
0.0025974
0.0025974
0.0025974
0.0025974
0.0025974
0.0025974
0.0025974
0.0025974
0.0025974
0.0025974
0.0025974
0.0025974
0.0025974
0.0025974
0.0025974
0.0025974
0.0025974
0.0025974
0.0025974
0.0025974
0.0025974
0.0025974
0.0025974
0.0025974
0.0025974
0.0025974
0.0025974
0.0025974
0.0025974
0.0025974
0.00259739
0.00259739
0.00259739
0.00259738
0.00259737
0.00259735
0.00259733
0.00259731
0.00259727
0.00259723
0.0025972
0.00259718
0.00259708
0.00259638
0.00259378
)
;

boundaryField
{
    inlet
    {
        type            calculated;
        value           nonuniform List<scalar> 
40
(
-0.005
-0.005
-0.005
-0.005
-0.005
-0.005
-0.005
-0.005
-0.005
-0.005
-0.005
-0.005
-0.005
-0.005
-0.005
-0.005
-0.005
-0.005
-0.005
-0.005
-0.005
-0.005
-0.005
-0.005
-0.005
-0.005
-0.005
-0.005
-0.005
-0.005
-0.005
-0.005
-0.005
-0.005
-0.005
-0.005
-0.005
-0.005
-0.005
-0.005
)
;
    }
    outlet
    {
        type            calculated;
        value           nonuniform List<scalar> 
40
(
0.00259497
0.00431325
0.00488292
0.00507448
0.00514101
0.00516596
0.00517709
0.00518361
0.00518853
0.00519281
0.00519671
0.0052003
0.00520357
0.00520649
0.00520904
0.00521121
0.00521296
0.00521428
0.00521517
0.00521562
0.00521562
0.00521517
0.00521428
0.00521296
0.00521121
0.00520904
0.00520649
0.00520357
0.0052003
0.00519671
0.00519281
0.00518853
0.00518361
0.00517708
0.00516596
0.00514101
0.00507448
0.00488292
0.00431325
0.00259497
)
;
    }
    lowerWall
    {
        type            calculated;
        value           uniform 0;
    }
    upperWall
    {
        type            calculated;
        value           uniform 0;
    }
    frontAndBack
    {
        type            empty;
        value           nonuniform 0();
    }
}


// ************************************************************************* //
