/*--------------------------------*- C++ -*----------------------------------*\
  =========                 |
  \\      /  F ield         | OpenFOAM: The Open Source CFD Toolbox
   \\    /   O peration     | Website:  https://openfoam.org
    \\  /    A nd           | Version:  7
     \\/     M anipulation  |
\*---------------------------------------------------------------------------*/
FoamFile
{
    version     2.0;
    format      ascii;
    class       volVectorField;
    location    "1";
    object      U;
}
// * * * * * * * * * * * * * * * * * * * * * * * * * * * * * * * * * * * * * //

dimensions      [0 1 -1 0 0 0 0];

internalField   nonuniform List<vector> 
4000
(
(0.53757 0.0563933 0)
(0.552202 0.00359664 0)
(0.517076 -0.00176394 0)
(0.522898 -0.00200088 0)
(0.521079 -0.00213055 0)
(0.522008 -0.00203748 0)
(0.521396 -0.00204443 0)
(0.521239 -0.00203447 0)
(0.520888 -0.00204381 0)
(0.52067 -0.00204758 0)
(0.520454 -0.00205314 0)
(0.520289 -0.00205677 0)
(0.520144 -0.00206025 0)
(0.520026 -0.00206285 0)
(0.519925 -0.00206499 0)
(0.519841 -0.00206675 0)
(0.519771 -0.00206824 0)
(0.519713 -0.00206949 0)
(0.519665 -0.00207053 0)
(0.519626 -0.0020714 0)
(0.519594 -0.00207212 0)
(0.519569 -0.00207275 0)
(0.519549 -0.00207325 0)
(0.519533 -0.00207363 0)
(0.51952 -0.00207396 0)
(0.51951 -0.00207422 0)
(0.519503 -0.00207444 0)
(0.519497 -0.0020746 0)
(0.519493 -0.0020747 0)
(0.519489 -0.0020748 0)
(0.519487 -0.00207489 0)
(0.519485 -0.00207494 0)
(0.519484 -0.00207497 0)
(0.519483 -0.00207501 0)
(0.519482 -0.00207503 0)
(0.519482 -0.00207505 0)
(0.519481 -0.00207505 0)
(0.519481 -0.00207508 0)
(0.519481 -0.00207509 0)
(0.519481 -0.00207508 0)
(0.51948 -0.00207507 0)
(0.51948 -0.0020751 0)
(0.51948 -0.00207511 0)
(0.51948 -0.0020751 0)
(0.51948 -0.00207509 0)
(0.51948 -0.00207508 0)
(0.51948 -0.00207509 0)
(0.51948 -0.0020751 0)
(0.51948 -0.00207509 0)
(0.51948 -0.00207509 0)
(0.51948 -0.00207509 0)
(0.51948 -0.0020751 0)
(0.51948 -0.00207509 0)
(0.51948 -0.00207509 0)
(0.51948 -0.00207509 0)
(0.51948 -0.0020751 0)
(0.51948 -0.0020751 0)
(0.51948 -0.0020751 0)
(0.51948 -0.00207509 0)
(0.51948 -0.00207509 0)
(0.51948 -0.00207509 0)
(0.51948 -0.0020751 0)
(0.51948 -0.00207509 0)
(0.51948 -0.00207509 0)
(0.51948 -0.00207509 0)
(0.51948 -0.00207509 0)
(0.51948 -0.00207509 0)
(0.51948 -0.00207509 0)
(0.51948 -0.00207509 0)
(0.51948 -0.00207509 0)
(0.51948 -0.00207509 0)
(0.51948 -0.0020751 0)
(0.51948 -0.00207509 0)
(0.51948 -0.00207509 0)
(0.51948 -0.00207509 0)
(0.51948 -0.00207509 0)
(0.51948 -0.00207509 0)
(0.51948 -0.00207509 0)
(0.51948 -0.00207508 0)
(0.51948 -0.00207509 0)
(0.51948 -0.00207509 0)
(0.51948 -0.00207508 0)
(0.51948 -0.00207506 0)
(0.519479 -0.00207506 0)
(0.519479 -0.00207504 0)
(0.519478 -0.00207502 0)
(0.519478 -0.00207497 0)
(0.519476 -0.00207492 0)
(0.519475 -0.00207485 0)
(0.519472 -0.00207476 0)
(0.519469 -0.00207463 0)
(0.519464 -0.00207448 0)
(0.519458 -0.00207434 0)
(0.51945 -0.00207433 0)
(0.519443 -0.00207462 0)
(0.519435 -0.00207526 0)
(0.519442 -0.00207437 0)
(0.51936 -0.00206118 0)
(0.519227 -0.00202117 0)
(0.518637 -0.00215158 0)
(0.864939 0.128443 0)
(0.911602 0.016004 0)
(0.861978 0.000988119 0)
(0.871366 -6.97536e-05 0)
(0.867973 -0.000504259 0)
(0.869558 -0.000189035 0)
(0.868593 -0.000199833 0)
(0.868416 -0.000161618 0)
(0.867893 -0.000190423 0)
(0.867583 -0.00020248 0)
(0.867264 -0.000221656 0)
(0.867022 -0.000234499 0)
(0.866807 -0.000246742 0)
(0.866632 -0.000256327 0)
(0.866481 -0.000264332 0)
(0.866356 -0.000270871 0)
(0.866251 -0.000276452 0)
(0.866163 -0.000281203 0)
(0.86609 -0.000285218 0)
(0.86603 -0.000288669 0)
(0.865981 -0.000291553 0)
(0.865941 -0.000294018 0)
(0.865909 -0.000296068 0)
(0.865884 -0.000297676 0)
(0.865864 -0.000299039 0)
(0.865849 -0.000300148 0)
(0.865837 -0.000301006 0)
(0.865828 -0.000301699 0)
(0.865821 -0.000302172 0)
(0.865815 -0.000302595 0)
(0.865812 -0.000302947 0)
(0.865809 -0.000303167 0)
(0.865806 -0.00030332 0)
(0.865805 -0.000303481 0)
(0.865804 -0.000303565 0)
(0.865803 -0.00030364 0)
(0.865802 -0.000303688 0)
(0.865802 -0.000303761 0)
(0.865801 -0.000303798 0)
(0.865801 -0.000303788 0)
(0.865801 -0.000303768 0)
(0.865801 -0.000303847 0)
(0.865801 -0.000303867 0)
(0.8658 -0.00030386 0)
(0.8658 -0.00030383 0)
(0.8658 -0.000303812 0)
(0.8658 -0.000303819 0)
(0.8658 -0.000303863 0)
(0.8658 -0.000303833 0)
(0.8658 -0.00030384 0)
(0.8658 -0.000303835 0)
(0.8658 -0.000303842 0)
(0.8658 -0.000303839 0)
(0.8658 -0.000303844 0)
(0.8658 -0.00030383 0)
(0.8658 -0.00030386 0)
(0.8658 -0.000303853 0)
(0.8658 -0.000303848 0)
(0.8658 -0.000303832 0)
(0.8658 -0.000303848 0)
(0.8658 -0.000303839 0)
(0.8658 -0.000303853 0)
(0.8658 -0.000303836 0)
(0.8658 -0.000303837 0)
(0.8658 -0.000303825 0)
(0.8658 -0.000303844 0)
(0.8658 -0.000303843 0)
(0.8658 -0.000303847 0)
(0.8658 -0.000303831 0)
(0.8658 -0.000303844 0)
(0.8658 -0.000303837 0)
(0.8658 -0.000303851 0)
(0.8658 -0.000303837 0)
(0.8658 -0.000303825 0)
(0.8658 -0.000303815 0)
(0.8658 -0.000303832 0)
(0.8658 -0.000303818 0)
(0.8658 -0.00030382 0)
(0.8658 -0.000303808 0)
(0.8658 -0.000303817 0)
(0.8658 -0.000303814 0)
(0.865799 -0.000303794 0)
(0.865799 -0.000303746 0)
(0.865799 -0.000303716 0)
(0.865798 -0.000303645 0)
(0.865797 -0.00030356 0)
(0.865796 -0.000303421 0)
(0.865794 -0.000303235 0)
(0.865792 -0.000302975 0)
(0.865788 -0.000302636 0)
(0.865783 -0.000302162 0)
(0.865775 -0.000301602 0)
(0.865766 -0.000300977 0)
(0.865753 -0.000300637 0)
(0.865741 -0.000300852 0)
(0.865723 -0.000301411 0)
(0.865717 -0.000293302 0)
(0.865544 -0.000239535 0)
(0.865251 -7.33952e-05 0)
(0.863184 -0.000219121 0)
(0.960343 0.135884 0)
(1.02537 0.0244326 0)
(0.976343 0.00334622 0)
(0.987432 0.000826922 0)
(0.983118 0.000104626 0)
(0.985019 0.000610423 0)
(0.98394 0.000617335 0)
(0.983839 0.000682199 0)
(0.983307 0.000635709 0)
(0.983017 0.000613158 0)
(0.9827 0.000579478 0)
(0.982465 0.000556223 0)
(0.982253 0.000534471 0)
(0.98208 0.000517171 0)
(0.981932 0.000502479 0)
(0.981807 0.000490406 0)
(0.981702 0.000480103 0)
(0.981613 0.000471264 0)
(0.98154 0.000463719 0)
(0.981479 0.000457181 0)
(0.981429 0.000451729 0)
(0.981388 0.000447107 0)
(0.981355 0.000443169 0)
(0.981329 0.000440011 0)
(0.981308 0.000437417 0)
(0.981292 0.000435298 0)
(0.98128 0.000433627 0)
(0.98127 0.000432258 0)
(0.981262 0.000431267 0)
(0.981257 0.00043045 0)
(0.981253 0.000429793 0)
(0.981249 0.000429329 0)
(0.981247 0.000429006 0)
(0.981245 0.000428702 0)
(0.981244 0.000428524 0)
(0.981243 0.000428354 0)
(0.981242 0.000428254 0)
(0.981242 0.000428153 0)
(0.981241 0.000428088 0)
(0.981241 0.00042805 0)
(0.981241 0.000428055 0)
(0.981241 0.000427968 0)
(0.981241 0.000427962 0)
(0.98124 0.000427968 0)
(0.98124 0.000427994 0)
(0.98124 0.000427999 0)
(0.98124 0.000428008 0)
(0.98124 0.000427948 0)
(0.98124 0.000427977 0)
(0.98124 0.000427969 0)
(0.98124 0.000427981 0)
(0.98124 0.000427965 0)
(0.98124 0.000427963 0)
(0.98124 0.000427938 0)
(0.98124 0.000427968 0)
(0.98124 0.000427941 0)
(0.98124 0.000427954 0)
(0.98124 0.000427948 0)
(0.98124 0.000427967 0)
(0.98124 0.000427943 0)
(0.98124 0.000427963 0)
(0.98124 0.000427945 0)
(0.98124 0.000427967 0)
(0.98124 0.000427954 0)
(0.98124 0.000427971 0)
(0.98124 0.00042795 0)
(0.98124 0.000427958 0)
(0.98124 0.000427948 0)
(0.98124 0.000427973 0)
(0.98124 0.000427952 0)
(0.98124 0.000427971 0)
(0.98124 0.000427955 0)
(0.98124 0.000427975 0)
(0.98124 0.000427986 0)
(0.98124 0.000428007 0)
(0.98124 0.000427986 0)
(0.98124 0.000428002 0)
(0.98124 0.000427994 0)
(0.98124 0.000428012 0)
(0.98124 0.000428008 0)
(0.98124 0.000428025 0)
(0.981239 0.000428053 0)
(0.981239 0.000428136 0)
(0.981239 0.000428208 0)
(0.981238 0.000428349 0)
(0.981237 0.000428517 0)
(0.981236 0.000428772 0)
(0.981234 0.000429126 0)
(0.981231 0.000429631 0)
(0.981227 0.000430291 0)
(0.981222 0.000431203 0)
(0.981215 0.000432307 0)
(0.981205 0.000433633 0)
(0.981192 0.000434618 0)
(0.981177 0.000435273 0)
(0.981151 0.000436415 0)
(0.981131 0.000458839 0)
(0.980907 0.000569115 0)
(0.98054 0.000943204 0)
(0.977592 0.00117813 0)
(0.984986 0.123265 0)
(1.05953 0.0286589 0)
(1.01378 0.00469516 0)
(1.02594 0.00070336 0)
(1.02102 -0.000183327 0)
(1.02314 0.000445607 0)
(1.02202 0.00048558 0)
(1.02202 0.000569492 0)
(1.02153 0.000510239 0)
(1.02129 0.000477264 0)
(1.02101 0.000430727 0)
(1.02081 0.000397475 0)
(1.02063 0.0003667 0)
(1.02048 0.000341813 0)
(1.02034 0.000320352 0)
(1.02023 0.000303308 0)
(1.02014 0.000288751 0)
(1.02006 0.000276209 0)
(1.02 0.000265492 0)
(1.01994 0.000256141 0)
(1.0199 0.000248256 0)
(1.01986 0.000241607 0)
(1.01983 0.000235911 0)
(1.0198 0.000231248 0)
(1.01979 0.000227425 0)
(1.01977 0.000224329 0)
(1.01976 0.000221873 0)
(1.01975 0.000219859 0)
(1.01974 0.000218364 0)
(1.01974 0.000217168 0)
(1.01973 0.000216218 0)
(1.01973 0.000215511 0)
(1.01973 0.000215004 0)
(1.01973 0.000214565 0)
(1.01972 0.000214298 0)
(1.01972 0.000214045 0)
(1.01972 0.000213887 0)
(1.01972 0.000213747 0)
(1.01972 0.000213651 0)
(1.01972 0.000213574 0)
(1.01972 0.00021356 0)
(1.01972 0.000213471 0)
(1.01972 0.000213469 0)
(1.01972 0.000213481 0)
(1.01972 0.000213507 0)
(1.01972 0.00021349 0)
(1.01972 0.000213505 0)
(1.01972 0.000213445 0)
(1.01972 0.00021347 0)
(1.01972 0.000213462 0)
(1.01972 0.000213472 0)
(1.01972 0.000213448 0)
(1.01972 0.000213446 0)
(1.01972 0.000213408 0)
(1.01972 0.000213443 0)
(1.01972 0.000213423 0)
(1.01972 0.00021344 0)
(1.01972 0.000213428 0)
(1.01972 0.00021345 0)
(1.01972 0.000213425 0)
(1.01972 0.000213448 0)
(1.01972 0.000213428 0)
(1.01972 0.000213456 0)
(1.01972 0.000213434 0)
(1.01972 0.000213449 0)
(1.01972 0.00021343 0)
(1.01972 0.000213439 0)
(1.01972 0.000213427 0)
(1.01972 0.000213459 0)
(1.01972 0.000213437 0)
(1.01972 0.000213462 0)
(1.01972 0.000213451 0)
(1.01972 0.000213477 0)
(1.01972 0.000213487 0)
(1.01972 0.000213511 0)
(1.01972 0.000213491 0)
(1.01972 0.000213506 0)
(1.01972 0.000213494 0)
(1.01972 0.000213515 0)
(1.01972 0.000213518 0)
(1.01972 0.00021355 0)
(1.01972 0.000213591 0)
(1.01972 0.000213705 0)
(1.01972 0.000213819 0)
(1.01972 0.000214021 0)
(1.01972 0.000214275 0)
(1.01972 0.000214642 0)
(1.01971 0.000215151 0)
(1.01971 0.000215889 0)
(1.01971 0.000216861 0)
(1.0197 0.000218198 0)
(1.0197 0.00021985 0)
(1.01969 0.00022194 0)
(1.01968 0.000223804 0)
(1.01966 0.000226196 0)
(1.01963 0.000230591 0)
(1.0196 0.000271593 0)
(1.01935 0.000444173 0)
(1.01899 0.00104981 0)
(1.01589 0.00176944 0)
(0.988583 0.109936 0)
(1.06798 0.0309654 0)
(1.02562 0.00570076 0)
(1.03853 0.000550039 0)
(1.0332 -0.000405348 0)
(1.03548 0.000300397 0)
(1.03436 0.000374913 0)
(1.03446 0.000470812 0)
(1.03403 0.000403182 0)
(1.03386 0.000361686 0)
(1.03362 0.000305432 0)
(1.03346 0.000264401 0)
(1.03331 0.000226882 0)
(1.03319 0.000196415 0)
(1.03308 0.000170121 0)
(1.03299 0.000148994 0)
(1.03291 0.000130887 0)
(1.03284 0.0001152 0)
(1.03279 0.000101759 0)
(1.03274 8.99742e-05 0)
(1.0327 7.98931e-05 0)
(1.03267 7.13471e-05 0)
(1.03264 6.39697e-05 0)
(1.03262 5.7776e-05 0)
(1.0326 5.25987e-05 0)
(1.03259 4.84982e-05 0)
(1.03258 4.53377e-05 0)
(1.03257 4.27498e-05 0)
(1.03257 4.08114e-05 0)
(1.03256 3.9276e-05 0)
(1.03256 3.80599e-05 0)
(1.03256 3.7132e-05 0)
(1.03255 3.6453e-05 0)
(1.03255 3.58862e-05 0)
(1.03255 3.55296e-05 0)
(1.03255 3.52043e-05 0)
(1.03255 3.49986e-05 0)
(1.03255 3.48215e-05 0)
(1.03255 3.46879e-05 0)
(1.03255 3.45773e-05 0)
(1.03255 3.45452e-05 0)
(1.03255 3.44614e-05 0)
(1.03255 3.44625e-05 0)
(1.03255 3.44768e-05 0)
(1.03255 3.45033e-05 0)
(1.03255 3.44661e-05 0)
(1.03255 3.44795e-05 0)
(1.03255 3.44245e-05 0)
(1.03255 3.44471e-05 0)
(1.03255 3.44408e-05 0)
(1.03255 3.44443e-05 0)
(1.03255 3.4412e-05 0)
(1.03255 3.44101e-05 0)
(1.03255 3.4368e-05 0)
(1.03255 3.44032e-05 0)
(1.03255 3.43889e-05 0)
(1.03255 3.44074e-05 0)
(1.03255 3.43912e-05 0)
(1.03255 3.44172e-05 0)
(1.03255 3.43961e-05 0)
(1.03255 3.44164e-05 0)
(1.03255 3.43931e-05 0)
(1.03255 3.44239e-05 0)
(1.03255 3.43982e-05 0)
(1.03255 3.44088e-05 0)
(1.03255 3.43923e-05 0)
(1.03255 3.44009e-05 0)
(1.03255 3.43883e-05 0)
(1.03255 3.44265e-05 0)
(1.03255 3.44073e-05 0)
(1.03255 3.44367e-05 0)
(1.03255 3.44307e-05 0)
(1.03255 3.44605e-05 0)
(1.03255 3.44711e-05 0)
(1.03255 3.44952e-05 0)
(1.03255 3.44744e-05 0)
(1.03255 3.44896e-05 0)
(1.03255 3.44774e-05 0)
(1.03255 3.44993e-05 0)
(1.03255 3.451e-05 0)
(1.03255 3.45552e-05 0)
(1.03255 3.461e-05 0)
(1.03255 3.47479e-05 0)
(1.03255 3.48971e-05 0)
(1.03255 3.51492e-05 0)
(1.03254 3.54767e-05 0)
(1.03254 3.59464e-05 0)
(1.03254 3.65889e-05 0)
(1.03254 3.75219e-05 0)
(1.03254 3.87607e-05 0)
(1.03253 4.04647e-05 0)
(1.03253 4.26115e-05 0)
(1.03252 4.54578e-05 0)
(1.03251 4.83548e-05 0)
(1.03249 5.33578e-05 0)
(1.03246 6.24267e-05 0)
(1.03242 0.000123661 0)
(1.03218 0.000349306 0)
(1.03185 0.0011684 0)
(1.02902 0.00229722 0)
(0.986399 0.0982521 0)
(1.06826 0.0321902 0)
(1.02899 0.00652556 0)
(1.04247 0.00050421 0)
(1.03684 -0.000470729 0)
(1.03926 0.000279557 0)
(1.03813 0.000386101 0)
(1.03834 0.00048848 0)
(1.03796 0.000416524 0)
(1.03785 0.000369188 0)
(1.03767 0.00030699 0)
(1.03755 0.000261219 0)
(1.03743 0.000220051 0)
(1.03733 0.000186859 0)
(1.03725 0.000158233 0)
(1.03718 0.000134045 0)
(1.03712 0.00011324 0)
(1.03706 9.51367e-05 0)
(1.03702 7.9603e-05 0)
(1.03698 6.59824e-05 0)
(1.03695 5.42375e-05 0)
(1.03692 4.42631e-05 0)
(1.0369 3.56851e-05 0)
(1.03689 2.84418e-05 0)
(1.03687 2.23802e-05 0)
(1.03686 1.75719e-05 0)
(1.03685 1.38178e-05 0)
(1.03685 1.07393e-05 0)
(1.03684 8.41199e-06 0)
(1.03684 6.57421e-06 0)
(1.03683 5.11742e-06 0)
(1.03683 3.97729e-06 0)
(1.03683 3.12436e-06 0)
(1.03683 2.41429e-06 0)
(1.03683 1.9447e-06 0)
(1.03682 1.55409e-06 0)
(1.03682 1.30922e-06 0)
(1.03682 1.09735e-06 0)
(1.03682 9.28785e-07 0)
(1.03682 7.86896e-07 0)
(1.03682 7.43207e-07 0)
(1.03682 6.6863e-07 0)
(1.03682 6.71771e-07 0)
(1.03682 6.79762e-07 0)
(1.03682 7.06712e-07 0)
(1.03682 6.55535e-07 0)
(1.03682 6.64349e-07 0)
(1.03682 6.14279e-07 0)
(1.03682 6.3516e-07 0)
(1.03682 6.28434e-07 0)
(1.03682 6.26293e-07 0)
(1.03682 5.83988e-07 0)
(1.03682 5.83694e-07 0)
(1.03682 5.4169e-07 0)
(1.03682 5.76008e-07 0)
(1.03682 5.64521e-07 0)
(1.03682 5.8532e-07 0)
(1.03682 5.65093e-07 0)
(1.03682 5.93788e-07 0)
(1.03682 5.778e-07 0)
(1.03682 5.96734e-07 0)
(1.03682 5.67227e-07 0)
(1.03682 5.97801e-07 0)
(1.03682 5.70441e-07 0)
(1.03682 5.79804e-07 0)
(1.03682 5.65336e-07 0)
(1.03682 5.75796e-07 0)
(1.03682 5.60278e-07 0)
(1.03682 6.01976e-07 0)
(1.03682 5.89408e-07 0)
(1.03682 6.23354e-07 0)
(1.03682 6.19071e-07 0)
(1.03682 6.51206e-07 0)
(1.03682 6.61127e-07 0)
(1.03682 6.86172e-07 0)
(1.03682 6.64831e-07 0)
(1.03682 6.80427e-07 0)
(1.03682 6.68831e-07 0)
(1.03682 6.92909e-07 0)
(1.03682 7.09661e-07 0)
(1.03682 7.66184e-07 0)
(1.03682 8.30309e-07 0)
(1.03682 9.86678e-07 0)
(1.03682 1.16593e-06 0)
(1.03682 1.45731e-06 0)
(1.03682 1.84505e-06 0)
(1.03682 2.43282e-06 0)
(1.03682 3.21701e-06 0)
(1.03682 4.33321e-06 0)
(1.03681 5.80886e-06 0)
(1.03681 7.83472e-06 0)
(1.03681 1.04265e-05 0)
(1.0368 1.40085e-05 0)
(1.03679 1.80157e-05 0)
(1.03677 2.56987e-05 0)
(1.03674 3.94547e-05 0)
(1.0367 0.000119415 0)
(1.03647 0.000383993 0)
(1.03621 0.00139879 0)
(1.03382 0.00284706 0)
(0.983097 0.0876428 0)
(1.06613 0.0325015 0)
(1.02961 0.00711638 0)
(1.0435 0.00047999 0)
(1.03766 -0.000484375 0)
(1.04019 0.000284431 0)
(1.03907 0.000421423 0)
(1.03937 0.000528166 0)
(1.03905 0.000454079 0)
(1.039 0.000402313 0)
(1.03886 0.000335619 0)
(1.03878 0.00028592 0)
(1.0387 0.000241489 0)
(1.03863 0.000205562 0)
(1.03857 0.000174564 0)
(1.03852 0.000148204 0)
(1.03847 0.000125535 0)
(1.03843 0.000105754 0)
(1.0384 8.87639e-05 0)
(1.03837 7.39048e-05 0)
(1.03835 6.10569e-05 0)
(1.03833 5.01632e-05 0)
(1.03831 4.08903e-05 0)
(1.0383 3.31134e-05 0)
(1.03829 2.66768e-05 0)
(1.03828 2.14756e-05 0)
(1.03827 1.72572e-05 0)
(1.03827 1.3787e-05 0)
(1.03826 1.11371e-05 0)
(1.03826 9.04027e-06 0)
(1.03826 7.37703e-06 0)
(1.03825 6.04345e-06 0)
(1.03825 5.02919e-06 0)
(1.03825 4.18112e-06 0)
(1.03825 3.6173e-06 0)
(1.03825 3.17324e-06 0)
(1.03825 2.8954e-06 0)
(1.03825 2.65414e-06 0)
(1.03825 2.45837e-06 0)
(1.03825 2.2895e-06 0)
(1.03825 2.23867e-06 0)
(1.03825 2.17537e-06 0)
(1.03825 2.1815e-06 0)
(1.03825 2.17499e-06 0)
(1.03825 2.19958e-06 0)
(1.03825 2.14085e-06 0)
(1.03825 2.14787e-06 0)
(1.03825 2.10061e-06 0)
(1.03825 2.11935e-06 0)
(1.03825 2.10887e-06 0)
(1.03825 2.10334e-06 0)
(1.03825 2.05269e-06 0)
(1.03825 2.05485e-06 0)
(1.03825 2.01389e-06 0)
(1.03825 2.04671e-06 0)
(1.03825 2.03523e-06 0)
(1.03825 2.06017e-06 0)
(1.03825 2.03574e-06 0)
(1.03825 2.06613e-06 0)
(1.03825 2.0538e-06 0)
(1.03825 2.07334e-06 0)
(1.03825 2.03719e-06 0)
(1.03825 2.06535e-06 0)
(1.03825 2.03702e-06 0)
(1.03825 2.04806e-06 0)
(1.03825 2.03452e-06 0)
(1.03825 2.05007e-06 0)
(1.03825 2.03064e-06 0)
(1.03825 2.07327e-06 0)
(1.03825 2.06793e-06 0)
(1.03825 2.1085e-06 0)
(1.03825 2.10337e-06 0)
(1.03825 2.1356e-06 0)
(1.03825 2.14303e-06 0)
(1.03825 2.17101e-06 0)
(1.03825 2.14978e-06 0)
(1.03825 2.16651e-06 0)
(1.03825 2.15486e-06 0)
(1.03825 2.1814e-06 0)
(1.03825 2.20184e-06 0)
(1.03825 2.26815e-06 0)
(1.03825 2.33682e-06 0)
(1.03825 2.50535e-06 0)
(1.03825 2.70838e-06 0)
(1.03825 3.0311e-06 0)
(1.03825 3.46552e-06 0)
(1.03825 4.13321e-06 0)
(1.03824 5.05511e-06 0)
(1.03824 6.33555e-06 0)
(1.03824 8.01277e-06 0)
(1.03824 1.03113e-05 0)
(1.03824 1.32911e-05 0)
(1.03823 1.75625e-05 0)
(1.03822 2.26831e-05 0)
(1.03821 3.28433e-05 0)
(1.03818 5.0804e-05 0)
(1.03814 0.000147163 0)
(1.03794 0.000446245 0)
(1.03774 0.00162596 0)
(1.03587 0.00331318 0)
(0.980006 0.0779342 0)
(1.06351 0.0320469 0)
(1.02938 0.00745991 0)
(1.04358 0.000443744 0)
(1.03758 -0.000489312 0)
(1.04019 0.000279496 0)
(1.03908 0.000443491 0)
(1.03947 0.000552334 0)
(1.03919 0.0004783 0)
(1.03921 0.000423767 0)
(1.03911 0.00035445 0)
(1.03907 0.00030219 0)
(1.03902 0.000255592 0)
(1.03898 0.000217718 0)
(1.03894 0.000185003 0)
(1.0389 0.000157237 0)
(1.03888 0.000133372 0)
(1.03885 0.000112484 0)
(1.03883 9.44896e-05 0)
(1.03881 7.87588e-05 0)
(1.03879 6.5102e-05 0)
(1.03878 5.34869e-05 0)
(1.03877 4.36274e-05 0)
(1.03876 3.53406e-05 0)
(1.03875 2.8462e-05 0)
(1.03875 2.2878e-05 0)
(1.03874 1.83303e-05 0)
(1.03874 1.45915e-05 0)
(1.03873 1.17132e-05 0)
(1.03873 9.43163e-06 0)
(1.03873 7.63232e-06 0)
(1.03873 6.17688e-06 0)
(1.03873 5.07499e-06 0)
(1.03873 4.16132e-06 0)
(1.03872 3.54782e-06 0)
(1.03872 3.04695e-06 0)
(1.03872 2.72925e-06 0)
(1.03872 2.46401e-06 0)
(1.03872 2.24983e-06 0)
(1.03872 2.06063e-06 0)
(1.03872 2.00325e-06 0)
(1.03872 1.95044e-06 0)
(1.03872 1.95953e-06 0)
(1.03872 1.93508e-06 0)
(1.03872 1.95434e-06 0)
(1.03872 1.89429e-06 0)
(1.03872 1.90145e-06 0)
(1.03872 1.85612e-06 0)
(1.03872 1.87079e-06 0)
(1.03872 1.85451e-06 0)
(1.03872 1.84701e-06 0)
(1.03872 1.79204e-06 0)
(1.03872 1.79668e-06 0)
(1.03872 1.75722e-06 0)
(1.03872 1.78731e-06 0)
(1.03872 1.77478e-06 0)
(1.03872 1.80467e-06 0)
(1.03872 1.77778e-06 0)
(1.03872 1.80729e-06 0)
(1.03872 1.79701e-06 0)
(1.03872 1.81843e-06 0)
(1.03872 1.77808e-06 0)
(1.03872 1.80248e-06 0)
(1.03872 1.77411e-06 0)
(1.03872 1.78694e-06 0)
(1.03872 1.77341e-06 0)
(1.03872 1.79587e-06 0)
(1.03872 1.77469e-06 0)
(1.03872 1.81543e-06 0)
(1.03872 1.8165e-06 0)
(1.03872 1.86449e-06 0)
(1.03872 1.85874e-06 0)
(1.03872 1.88887e-06 0)
(1.03872 1.89263e-06 0)
(1.03872 1.92389e-06 0)
(1.03872 1.90422e-06 0)
(1.03872 1.9218e-06 0)
(1.03872 1.9099e-06 0)
(1.03872 1.93747e-06 0)
(1.03872 1.9594e-06 0)
(1.03872 2.03303e-06 0)
(1.03872 2.10435e-06 0)
(1.03872 2.28049e-06 0)
(1.03872 2.50245e-06 0)
(1.03872 2.85037e-06 0)
(1.03872 3.33687e-06 0)
(1.03872 4.04406e-06 0)
(1.03872 5.01978e-06 0)
(1.03872 6.37855e-06 0)
(1.03872 8.17147e-06 0)
(1.03872 1.06529e-05 0)
(1.03871 1.39278e-05 0)
(1.03871 1.87915e-05 0)
(1.0387 2.49626e-05 0)
(1.03869 3.77335e-05 0)
(1.03866 5.99746e-05 0)
(1.03863 0.000170733 0)
(1.03847 0.000496152 0)
(1.03834 0.00179876 0)
(1.03701 0.00365081 0)
(0.977415 0.0690913 0)
(1.06098 0.0309876 0)
(1.02893 0.00758135 0)
(1.04335 0.000398789 0)
(1.03723 -0.000489192 0)
(1.03991 0.0002652 0)
(1.0388 0.000451207 0)
(1.03927 0.000559889 0)
(1.03904 0.000487853 0)
(1.03911 0.000432258 0)
(1.03905 0.000362296 0)
(1.03905 0.000309047 0)
(1.03902 0.000261677 0)
(1.03901 0.000223004 0)
(1.03899 0.000189543 0)
(1.03898 0.00016113 0)
(1.03896 0.000136716 0)
(1.03895 0.000115298 0)
(1.03894 9.67771e-05 0)
(1.03893 8.05794e-05 0)
(1.03892 6.64706e-05 0)
(1.03892 5.44228e-05 0)
(1.03891 4.41971e-05 0)
(1.0389 3.55706e-05 0)
(1.0389 2.83686e-05 0)
(1.0389 2.25241e-05 0)
(1.03889 1.7782e-05 0)
(1.03889 1.38935e-05 0)
(1.03889 1.08797e-05 0)
(1.03889 8.48625e-06 0)
(1.03889 6.61321e-06 0)
(1.03888 5.10261e-06 0)
(1.03888 3.97639e-06 0)
(1.03888 3.05714e-06 0)
(1.03888 2.42046e-06 0)
(1.03888 1.88747e-06 0)
(1.03888 1.54293e-06 0)
(1.03888 1.25898e-06 0)
(1.03888 1.03013e-06 0)
(1.03888 8.276e-07 0)
(1.03888 7.56849e-07 0)
(1.03888 7.10897e-07 0)
(1.03888 7.22316e-07 0)
(1.03888 6.81146e-07 0)
(1.03888 6.9249e-07 0)
(1.03888 6.36197e-07 0)
(1.03888 6.4342e-07 0)
(1.03888 6.00208e-07 0)
(1.03888 6.08651e-07 0)
(1.03888 5.86889e-07 0)
(1.03888 5.77674e-07 0)
(1.03888 5.22961e-07 0)
(1.03888 5.2926e-07 0)
(1.03888 4.92089e-07 0)
(1.03888 5.17382e-07 0)
(1.03888 5.03993e-07 0)
(1.03888 5.38039e-07 0)
(1.03888 5.11725e-07 0)
(1.03888 5.37505e-07 0)
(1.03888 5.27671e-07 0)
(1.03888 5.51306e-07 0)
(1.03888 5.10623e-07 0)
(1.03888 5.30553e-07 0)
(1.03888 5.03856e-07 0)
(1.03888 5.1681e-07 0)
(1.03888 5.02809e-07 0)
(1.03888 5.31685e-07 0)
(1.03888 5.12996e-07 0)
(1.03888 5.4937e-07 0)
(1.03888 5.55043e-07 0)
(1.03888 6.09564e-07 0)
(1.03888 6.05656e-07 0)
(1.03888 6.32463e-07 0)
(1.03888 6.32544e-07 0)
(1.03888 6.65973e-07 0)
(1.03888 6.49376e-07 0)
(1.03888 6.6663e-07 0)
(1.03888 6.54623e-07 0)
(1.03888 6.80699e-07 0)
(1.03888 7.02171e-07 0)
(1.03888 7.79696e-07 0)
(1.03888 8.58382e-07 0)
(1.03888 1.04241e-06 0)
(1.03888 1.28291e-06 0)
(1.03888 1.65029e-06 0)
(1.03888 2.156e-06 0)
(1.03888 2.87806e-06 0)
(1.03888 3.83886e-06 0)
(1.03888 5.20285e-06 0)
(1.03888 7.03587e-06 0)
(1.03888 9.61573e-06 0)
(1.03888 1.30901e-05 0)
(1.03887 1.84251e-05 0)
(1.03887 2.55131e-05 0)
(1.03886 4.06579e-05 0)
(1.03884 6.66714e-05 0)
(1.03881 0.00018863 0)
(1.03869 0.00053044 0)
(1.03863 0.00191176 0)
(1.03784 0.00385997 0)
(0.975315 0.0610175 0)
(1.05871 0.0294507 0)
(1.02846 0.00750952 0)
(1.04305 0.000351618 0)
(1.03683 -0.000482311 0)
(1.03955 0.000245445 0)
(1.03845 0.000447509 0)
(1.03898 0.000554029 0)
(1.0388 0.000485515 0)
(1.03892 0.00043038 0)
(1.0389 0.00036151 0)
(1.03893 0.000308678 0)
(1.03893 0.000261788 0)
(1.03894 0.000223346 0)
(1.03894 0.000190019 0)
(1.03895 0.000161674 0)
(1.03895 0.000137323 0)
(1.03895 0.000115926 0)
(1.03895 9.73556e-05 0)
(1.03895 8.11017e-05 0)
(1.03895 6.69157e-05 0)
(1.03894 5.47577e-05 0)
(1.03894 4.44325e-05 0)
(1.03894 3.57013e-05 0)
(1.03894 2.83761e-05 0)
(1.03894 2.24256e-05 0)
(1.03894 1.7614e-05 0)
(1.03894 1.36746e-05 0)
(1.03894 1.05992e-05 0)
(1.03894 8.14546e-06 0)
(1.03894 6.23049e-06 0)
(1.03894 4.69156e-06 0)
(1.03894 3.5508e-06 0)
(1.03894 2.62943e-06 0)
(1.03893 1.98841e-06 0)
(1.03893 1.45952e-06 0)
(1.03893 1.10866e-06 0)
(1.03893 8.18195e-07 0)
(1.03893 5.87179e-07 0)
(1.03893 3.86736e-07 0)
(1.03893 3.09609e-07 0)
(1.03893 2.65324e-07 0)
(1.03893 2.78818e-07 0)
(1.03893 2.2527e-07 0)
(1.03893 2.28068e-07 0)
(1.03893 1.78718e-07 0)
(1.03893 1.85019e-07 0)
(1.03893 1.43441e-07 0)
(1.03893 1.44432e-07 0)
(1.03893 1.17658e-07 0)
(1.03893 1.06315e-07 0)
(1.03893 5.44417e-08 0)
(1.03893 6.20266e-08 0)
(1.03893 2.67436e-08 0)
(1.03893 4.68258e-08 0)
(1.03893 3.22527e-08 0)
(1.03893 6.93582e-08 0)
(1.03893 4.63941e-08 0)
(1.03893 6.65024e-08 0)
(1.03893 5.57958e-08 0)
(1.03893 8.15613e-08 0)
(1.03893 4.37354e-08 0)
(1.03893 6.01189e-08 0)
(1.03893 3.599e-08 0)
(1.03893 4.87608e-08 0)
(1.03893 3.22521e-08 0)
(1.03893 6.54462e-08 0)
(1.03893 5.28668e-08 0)
(1.03893 8.47048e-08 0)
(1.03893 9.35326e-08 0)
(1.03893 1.53901e-07 0)
(1.03893 1.55065e-07 0)
(1.03893 1.78716e-07 0)
(1.03893 1.75508e-07 0)
(1.03893 2.09524e-07 0)
(1.03893 1.96473e-07 0)
(1.03893 2.1214e-07 0)
(1.03893 1.99463e-07 0)
(1.03893 2.21929e-07 0)
(1.03893 2.40932e-07 0)
(1.03893 3.18561e-07 0)
(1.03893 4.00235e-07 0)
(1.03893 5.82382e-07 0)
(1.03893 8.28758e-07 0)
(1.03893 1.20236e-06 0)
(1.03893 1.68623e-06 0)
(1.03893 2.38873e-06 0)
(1.03893 3.33637e-06 0)
(1.03893 4.69433e-06 0)
(1.03893 6.53948e-06 0)
(1.03893 9.16775e-06 0)
(1.03893 1.27651e-05 0)
(1.03893 1.84451e-05 0)
(1.03893 2.62653e-05 0)
(1.03892 4.3316e-05 0)
(1.03891 7.22313e-05 0)
(1.03889 0.000201556 0)
(1.03882 0.000550085 0)
(1.03882 0.00196724 0)
(1.03856 0.00394887 0)
(0.973629 0.0535918 0)
(1.05672 0.02753 0)
(1.02803 0.00726841 0)
(1.04273 0.000305337 0)
(1.03644 -0.000468278 0)
(1.03919 0.00022214 0)
(1.0381 0.000433662 0)
(1.03869 0.000536233 0)
(1.03855 0.000472385 0)
(1.03871 0.00041903 0)
(1.03872 0.000352738 0)
(1.03878 0.000301532 0)
(1.03881 0.000256195 0)
(1.03884 0.000218865 0)
(1.03886 0.000186429 0)
(1.03888 0.000158802 0)
(1.0389 0.000135076 0)
(1.03891 0.000114206 0)
(1.03892 9.60327e-05 0)
(1.03893 8.01062e-05 0)
(1.03893 6.61917e-05 0)
(1.03894 5.42266e-05 0)
(1.03894 4.40519e-05 0)
(1.03895 3.54377e-05 0)
(1.03895 2.8183e-05 0)
(1.03895 2.2278e-05 0)
(1.03895 1.75167e-05 0)
(1.03895 1.3619e-05 0)
(1.03895 1.05563e-05 0)
(1.03895 8.09809e-06 0)
(1.03895 6.17736e-06 0)
(1.03895 4.63728e-06 0)
(1.03895 3.49363e-06 0)
(1.03895 2.57168e-06 0)
(1.03895 1.92921e-06 0)
(1.03895 1.39954e-06 0)
(1.03895 1.0443e-06 0)
(1.03895 7.57244e-07 0)
(1.03895 5.36706e-07 0)
(1.03895 3.50756e-07 0)
(1.03895 2.76287e-07 0)
(1.03895 2.28796e-07 0)
(1.03895 2.45077e-07 0)
(1.03895 1.85147e-07 0)
(1.03895 1.81233e-07 0)
(1.03895 1.39151e-07 0)
(1.03895 1.45179e-07 0)
(1.03895 1.02953e-07 0)
(1.03895 9.97481e-08 0)
(1.03895 6.99745e-08 0)
(1.03895 5.76074e-08 0)
(1.03895 8.91489e-09 0)
(1.03895 1.70218e-08 0)
(1.03895 -1.75613e-08 0)
(1.03895 -1.19708e-09 0)
(1.03895 -1.89603e-08 0)
(1.03895 2.01791e-08 0)
(1.03895 2.70445e-09 0)
(1.03895 1.77421e-08 0)
(1.03895 4.32457e-09 0)
(1.03895 3.26317e-08 0)
(1.03895 -1.74131e-09 0)
(1.03895 1.31974e-08 0)
(1.03895 -8.60744e-09 0)
(1.03895 4.47518e-09 0)
(1.03895 -1.5709e-08 0)
(1.03895 1.91036e-08 0)
(1.03895 1.43061e-08 0)
(1.03895 4.35061e-08 0)
(1.03895 5.11961e-08 0)
(1.03895 1.15651e-07 0)
(1.03895 1.23527e-07 0)
(1.03895 1.46102e-07 0)
(1.03895 1.39342e-07 0)
(1.03895 1.72866e-07 0)
(1.03895 1.61963e-07 0)
(1.03895 1.75528e-07 0)
(1.03895 1.60479e-07 0)
(1.03895 1.78647e-07 0)
(1.03895 1.92824e-07 0)
(1.03895 2.67481e-07 0)
(1.03895 3.4624e-07 0)
(1.03895 5.17168e-07 0)
(1.03895 7.55381e-07 0)
(1.03895 1.12309e-06 0)
(1.03895 1.59179e-06 0)
(1.03895 2.27627e-06 0)
(1.03895 3.21106e-06 0)
(1.03895 4.5511e-06 0)
(1.03895 6.37998e-06 0)
(1.03895 9.00578e-06 0)
(1.03895 1.26435e-05 0)
(1.03895 1.85208e-05 0)
(1.03895 2.68393e-05 0)
(1.03895 4.52098e-05 0)
(1.03895 7.60038e-05 0)
(1.03893 0.00020865 0)
(1.03892 0.000554781 0)
(1.03898 0.00196705 0)
(1.03921 0.00392554 0)
(0.972276 0.0467073 0)
(1.055 0.0252982 0)
(1.02766 0.00687883 0)
(1.04244 0.000261388 0)
(1.03609 -0.000446952 0)
(1.03886 0.000196634 0)
(1.03778 0.000410631 0)
(1.03841 0.000507597 0)
(1.03831 0.000449255 0)
(1.0385 0.000398825 0)
(1.03855 0.000336389 0)
(1.03864 0.000287861 0)
(1.03869 0.000245014 0)
(1.03874 0.000209579 0)
(1.03878 0.000178706 0)
(1.03881 0.000152384 0)
(1.03884 0.000129792 0)
(1.03886 0.000109905 0)
(1.03888 9.25395e-05 0)
(1.0389 7.72934e-05 0)
(1.03891 6.39665e-05 0)
(1.03892 5.24727e-05 0)
(1.03893 4.26784e-05 0)
(1.03894 3.43845e-05 0)
(1.03894 2.73818e-05 0)
(1.03895 2.16644e-05 0)
(1.03895 1.70673e-05 0)
(1.03895 1.33014e-05 0)
(1.03895 1.0329e-05 0)
(1.03895 7.93124e-06 0)
(1.03896 6.05232e-06 0)
(1.03896 4.54772e-06 0)
(1.03896 3.42688e-06 0)
(1.03896 2.52067e-06 0)
(1.03896 1.8928e-06 0)
(1.03896 1.3703e-06 0)
(1.03896 1.01903e-06 0)
(1.03896 7.37522e-07 0)
(1.03896 5.28198e-07 0)
(1.03896 3.56929e-07 0)
(1.03896 2.83042e-07 0)
(1.03896 2.28404e-07 0)
(1.03896 2.48526e-07 0)
(1.03896 1.88942e-07 0)
(1.03896 1.81356e-07 0)
(1.03896 1.44697e-07 0)
(1.03896 1.51629e-07 0)
(1.03896 1.05893e-07 0)
(1.03896 1.02191e-07 0)
(1.03896 7.20342e-08 0)
(1.03896 6.08809e-08 0)
(1.03896 1.36741e-08 0)
(1.03896 2.16793e-08 0)
(1.03896 -1.25137e-08 0)
(1.03896 2.62266e-09 0)
(1.03896 -2.03128e-08 0)
(1.03896 1.91267e-08 0)
(1.03896 7.71422e-09 0)
(1.03896 2.05089e-08 0)
(1.03896 3.05636e-09 0)
(1.03896 3.38229e-08 0)
(1.03896 2.34801e-09 0)
(1.03896 1.70993e-08 0)
(1.03896 -3.40894e-09 0)
(1.03896 1.1016e-08 0)
(1.03896 -1.31554e-08 0)
(1.03896 2.06515e-08 0)
(1.03896 2.36602e-08 0)
(1.03896 5.41543e-08 0)
(1.03896 5.67188e-08 0)
(1.03896 1.22798e-07 0)
(1.03896 1.37251e-07 0)
(1.03896 1.61153e-07 0)
(1.03896 1.50469e-07 0)
(1.03896 1.82584e-07 0)
(1.03896 1.71678e-07 0)
(1.03896 1.8308e-07 0)
(1.03896 1.63817e-07 0)
(1.03896 1.78196e-07 0)
(1.03896 1.85915e-07 0)
(1.03896 2.55404e-07 0)
(1.03896 3.34236e-07 0)
(1.03896 4.97138e-07 0)
(1.03896 7.24785e-07 0)
(1.03896 1.08101e-06 0)
(1.03896 1.53107e-06 0)
(1.03896 2.18776e-06 0)
(1.03896 3.08977e-06 0)
(1.03896 4.38415e-06 0)
(1.03896 6.15624e-06 0)
(1.03896 8.71889e-06 0)
(1.03896 1.2304e-05 0)
(1.03896 1.82097e-05 0)
(1.03897 2.67534e-05 0)
(1.03897 4.5781e-05 0)
(1.03897 7.7351e-05 0)
(1.03896 0.000209241 0)
(1.03901 0.000544365 0)
(1.03912 0.00191381 0)
(1.03982 0.00379857 0)
(0.971192 0.0402743 0)
(1.05353 0.0228144 0)
(1.02734 0.00635993 0)
(1.04218 0.000220551 0)
(1.03579 -0.000418086 0)
(1.03856 0.000170201 0)
(1.03748 0.000379577 0)
(1.03816 0.000469385 0)
(1.03809 0.000417149 0)
(1.03832 0.000370624 0)
(1.03839 0.000313139 0)
(1.0385 0.000268206 0)
(1.03857 0.000228665 0)
(1.03864 0.000195824 0)
(1.0387 0.000167115 0)
(1.03874 0.000142622 0)
(1.03878 0.00012162 0)
(1.03882 0.000103124 0)
(1.03885 8.69403e-05 0)
(1.03887 7.26975e-05 0)
(1.03889 6.02416e-05 0)
(1.0389 4.94744e-05 0)
(1.03892 4.02751e-05 0)
(1.03893 3.24885e-05 0)
(1.03893 2.59081e-05 0)
(1.03894 2.05139e-05 0)
(1.03894 1.61846e-05 0)
(1.03895 1.26346e-05 0)
(1.03895 9.82731e-06 0)
(1.03895 7.55554e-06 0)
(1.03896 5.76709e-06 0)
(1.03896 4.33438e-06 0)
(1.03896 3.26338e-06 0)
(1.03896 2.39278e-06 0)
(1.03896 1.80054e-06 0)
(1.03896 1.30244e-06 0)
(1.03896 9.65588e-07 0)
(1.03896 6.94072e-07 0)
(1.03896 4.9828e-07 0)
(1.03896 3.42548e-07 0)
(1.03896 2.7337e-07 0)
(1.03896 2.10943e-07 0)
(1.03896 2.34984e-07 0)
(1.03896 1.82314e-07 0)
(1.03896 1.7332e-07 0)
(1.03896 1.39411e-07 0)
(1.03896 1.4727e-07 0)
(1.03896 9.6989e-08 0)
(1.03896 9.29905e-08 0)
(1.03896 6.43057e-08 0)
(1.03896 5.55031e-08 0)
(1.03896 7.42253e-09 0)
(1.03896 1.49893e-08 0)
(1.03896 -1.78268e-08 0)
(1.03896 -1.27522e-09 0)
(1.03896 -3.00081e-08 0)
(1.03896 6.98541e-09 0)
(1.03896 1.47832e-09 0)
(1.03896 1.47862e-08 0)
(1.03896 -6.6322e-09 0)
(1.03896 2.49009e-08 0)
(1.03896 -4.19966e-09 0)
(1.03896 1.06586e-08 0)
(1.03896 -9.70985e-09 0)
(1.03896 7.59108e-09 0)
(1.03896 -2.02685e-08 0)
(1.03896 9.93003e-09 0)
(1.03896 1.97702e-08 0)
(1.03896 5.59225e-08 0)
(1.03896 5.37941e-08 0)
(1.03896 1.1901e-07 0)
(1.03896 1.39463e-07 0)
(1.03896 1.65952e-07 0)
(1.03896 1.51643e-07 0)
(1.03896 1.81075e-07 0)
(1.03896 1.68792e-07 0)
(1.03896 1.77805e-07 0)
(1.03896 1.53553e-07 0)
(1.03896 1.64862e-07 0)
(1.03896 1.66152e-07 0)
(1.03896 2.28357e-07 0)
(1.03896 3.05577e-07 0)
(1.03896 4.60256e-07 0)
(1.03896 6.71807e-07 0)
(1.03896 1.00821e-06 0)
(1.03896 1.42948e-06 0)
(1.03896 2.04351e-06 0)
(1.03896 2.88999e-06 0)
(1.03896 4.10912e-06 0)
(1.03896 5.78312e-06 0)
(1.03897 8.2209e-06 0)
(1.03897 1.16587e-05 0)
(1.03897 1.74144e-05 0)
(1.03898 2.58883e-05 0)
(1.03898 4.48669e-05 0)
(1.03899 7.60766e-05 0)
(1.03899 0.000203226 0)
(1.0391 0.000519308 0)
(1.03926 0.00181124 0)
(1.04037 0.00357753 0)
(0.970326 0.0342167 0)
(1.05229 0.0201272 0)
(1.02707 0.00572952 0)
(1.04196 0.000183115 0)
(1.03553 -0.000381577 0)
(1.03829 0.000143887 0)
(1.03722 0.000341708 0)
(1.03794 0.000422904 0)
(1.03789 0.000377184 0)
(1.03815 0.000335392 0)
(1.03824 0.000283781 0)
(1.03838 0.000243236 0)
(1.03847 0.000207702 0)
(1.03855 0.000178068 0)
(1.03862 0.000152051 0)
(1.03868 0.000129849 0)
(1.03873 0.000110843 0)
(1.03877 9.40981e-05 0)
(1.03881 7.94274e-05 0)
(1.03884 6.64798e-05 0)
(1.03886 5.5146e-05 0)
(1.03889 4.5336e-05 0)
(1.0389 3.69306e-05 0)
(1.03891 2.98211e-05 0)
(1.03893 2.38174e-05 0)
(1.03893 1.8874e-05 0)
(1.03894 1.49054e-05 0)
(1.03894 1.16486e-05 0)
(1.03895 9.07482e-06 0)
(1.03895 6.99049e-06 0)
(1.03895 5.33711e-06 0)
(1.03896 4.00903e-06 0)
(1.03896 3.01295e-06 0)
(1.03896 2.19796e-06 0)
(1.03896 1.65837e-06 0)
(1.03896 1.20174e-06 0)
(1.03896 8.89179e-07 0)
(1.03896 6.34042e-07 0)
(1.03896 4.55164e-07 0)
(1.03896 3.17898e-07 0)
(1.03896 2.57521e-07 0)
(1.03896 1.90463e-07 0)
(1.03896 2.17405e-07 0)
(1.03896 1.76838e-07 0)
(1.03896 1.67426e-07 0)
(1.03896 1.33399e-07 0)
(1.03896 1.41862e-07 0)
(1.03896 8.8729e-08 0)
(1.03896 8.37154e-08 0)
(1.03896 5.87699e-08 0)
(1.03896 5.22566e-08 0)
(1.03896 2.60365e-09 0)
(1.03896 8.33808e-09 0)
(1.03896 -2.19124e-08 0)
(1.03896 -2.01264e-09 0)
(1.03896 -3.5479e-08 0)
(1.03896 -4.11348e-09 0)
(1.03896 -3.50774e-09 0)
(1.03896 1.21224e-08 0)
(1.03896 -1.28996e-08 0)
(1.03896 1.67338e-08 0)
(1.03896 -1.06152e-08 0)
(1.03896 4.31716e-09 0)
(1.03896 -1.63266e-08 0)
(1.03896 3.94402e-09 0)
(1.03896 -2.44427e-08 0)
(1.03896 6.05801e-11 0)
(1.03896 1.51685e-08 0)
(1.03896 5.93385e-08 0)
(1.03896 5.44421e-08 0)
(1.03896 1.14877e-07 0)
(1.03896 1.39929e-07 0)
(1.03896 1.69464e-07 0)
(1.03896 1.52296e-07 0)
(1.03896 1.77688e-07 0)
(1.03896 1.63636e-07 0)
(1.03896 1.69981e-07 0)
(1.03896 1.41276e-07 0)
(1.03896 1.49743e-07 0)
(1.03896 1.45716e-07 0)
(1.03896 1.98433e-07 0)
(1.03896 2.70117e-07 0)
(1.03896 4.13111e-07 0)
(1.03896 6.02802e-07 0)
(1.03896 9.09894e-07 0)
(1.03896 1.29338e-06 0)
(1.03896 1.85238e-06 0)
(1.03896 2.6242e-06 0)
(1.03896 3.7415e-06 0)
(1.03897 5.27966e-06 0)
(1.03897 7.53366e-06 0)
(1.03897 1.07328e-05 0)
(1.03898 1.61598e-05 0)
(1.03898 2.42628e-05 0)
(1.03899 4.24775e-05 0)
(1.03901 7.22049e-05 0)
(1.03902 0.000190842 0)
(1.03918 0.000480535 0)
(1.03938 0.00166392 0)
(1.04087 0.0032726 0)
(0.96964 0.0284681 0)
(1.05125 0.0172769 0)
(1.02685 0.0050043 0)
(1.04177 0.000148979 0)
(1.03531 -0.000337628 0)
(1.03806 0.000118419 0)
(1.03699 0.000298159 0)
(1.03774 0.000369404 0)
(1.03772 0.000330464 0)
(1.038 0.000294094 0)
(1.03811 0.000249121 0)
(1.03827 0.000213639 0)
(1.03837 0.000182707 0)
(1.03847 0.000156808 0)
(1.03855 0.00013394 0)
(1.03863 0.000114426 0)
(1.03868 9.77675e-05 0)
(1.03874 8.30835e-05 0)
(1.03878 7.02141e-05 0)
(1.03881 5.88204e-05 0)
(1.03884 4.88288e-05 0)
(1.03887 4.01786e-05 0)
(1.03889 3.27479e-05 0)
(1.0389 2.6466e-05 0)
(1.03892 2.11728e-05 0)
(1.03893 1.67964e-05 0)
(1.03893 1.3273e-05 0)
(1.03894 1.03796e-05 0)
(1.03895 8.10024e-06 0)
(1.03895 6.2575e-06 0)
(1.03895 4.77883e-06 0)
(1.03895 3.58418e-06 0)
(1.03896 2.68749e-06 0)
(1.03896 1.94843e-06 0)
(1.03896 1.47434e-06 0)
(1.03896 1.07363e-06 0)
(1.03896 7.93451e-07 0)
(1.03896 5.61446e-07 0)
(1.03896 4.02695e-07 0)
(1.03896 2.86216e-07 0)
(1.03896 2.38874e-07 0)
(1.03896 1.72484e-07 0)
(1.03896 2.00802e-07 0)
(1.03896 1.74873e-07 0)
(1.03896 1.6551e-07 0)
(1.03896 1.28963e-07 0)
(1.03896 1.37313e-07 0)
(1.03896 8.52042e-08 0)
(1.03896 7.74241e-08 0)
(1.03896 5.67085e-08 0)
(1.03896 5.20443e-08 0)
(1.03896 1.30148e-09 0)
(1.03896 4.16042e-09 0)
(1.03896 -2.28678e-08 0)
(1.03896 1.79652e-09 0)
(1.03896 -3.35786e-08 0)
(1.03896 -1.05363e-08 0)
(1.03896 -4.582e-09 0)
(1.03896 1.40048e-08 0)
(1.03896 -1.40033e-08 0)
(1.03896 1.06373e-08 0)
(1.03896 -1.48526e-08 0)
(1.03896 -8.90014e-11 0)
(1.03896 -2.08772e-08 0)
(1.03896 1.45233e-09 0)
(1.03896 -2.35382e-08 0)
(1.03896 -5.02463e-09 0)
(1.03896 1.31682e-08 0)
(1.03896 6.61689e-08 0)
(1.03896 6.16637e-08 0)
(1.03896 1.1349e-07 0)
(1.03896 1.40688e-07 0)
(1.03896 1.72653e-07 0)
(1.03896 1.53697e-07 0)
(1.03896 1.73873e-07 0)
(1.03896 1.58484e-07 0)
(1.03896 1.62164e-07 0)
(1.03896 1.30363e-07 0)
(1.03896 1.35576e-07 0)
(1.03896 1.27584e-07 0)
(1.03896 1.68797e-07 0)
(1.03896 2.30224e-07 0)
(1.03896 3.57634e-07 0)
(1.03896 5.21337e-07 0)
(1.03896 7.90866e-07 0)
(1.03896 1.12933e-06 0)
(1.03896 1.62383e-06 0)
(1.03896 2.30492e-06 0)
(1.03897 3.29641e-06 0)
(1.03897 4.66455e-06 0)
(1.03897 6.6798e-06 0)
(1.03898 9.55445e-06 0)
(1.03898 1.4481e-05 0)
(1.03899 2.19199e-05 0)
(1.039 3.86811e-05 0)
(1.03903 6.58638e-05 0)
(1.03905 0.000172537 0)
(1.03925 0.000429275 0)
(1.03949 0.00147697 0)
(1.04131 0.0028944 0)
(0.969103 0.0229695 0)
(1.05041 0.0142973 0)
(1.02666 0.00420009 0)
(1.04161 0.000117794 0)
(1.03513 -0.000286766 0)
(1.03787 9.42135e-05 0)
(1.0368 0.000249979 0)
(1.03758 0.000310068 0)
(1.03757 0.000278065 0)
(1.03788 0.000247678 0)
(1.03801 0.000209967 0)
(1.03818 0.00018011 0)
(1.03829 0.000154275 0)
(1.03841 0.000132552 0)
(1.0385 0.000113219 0)
(1.03858 9.67258e-05 0)
(1.03864 8.27142e-05 0)
(1.0387 7.03525e-05 0)
(1.03875 5.95258e-05 0)
(1.03879 4.99088e-05 0)
(1.03883 4.14508e-05 0)
(1.03885 3.41322e-05 0)
(1.03888 2.78358e-05 0)
(1.03889 2.25112e-05 0)
(1.03891 1.80391e-05 0)
(1.03892 1.43317e-05 0)
(1.03893 1.13308e-05 0)
(1.03894 8.86293e-06 0)
(1.03894 6.93044e-06 0)
(1.03895 5.37391e-06 0)
(1.03895 4.10471e-06 0)
(1.03895 3.06827e-06 0)
(1.03896 2.29526e-06 0)
(1.03896 1.65203e-06 0)
(1.03896 1.2534e-06 0)
(1.03896 9.19087e-07 0)
(1.03896 6.79089e-07 0)
(1.03896 4.76864e-07 0)
(1.03896 3.41847e-07 0)
(1.03896 2.47977e-07 0)
(1.03896 2.17151e-07 0)
(1.03896 1.56702e-07 0)
(1.03896 1.85185e-07 0)
(1.03896 1.72992e-07 0)
(1.03896 1.64403e-07 0)
(1.03896 1.23243e-07 0)
(1.03896 1.30821e-07 0)
(1.03896 8.4176e-08 0)
(1.03896 7.28446e-08 0)
(1.03896 5.48037e-08 0)
(1.03896 5.24397e-08 0)
(1.03896 1.75956e-09 0)
(1.03896 1.63858e-09 0)
(1.03896 -2.21443e-08 0)
(1.03896 7.38946e-09 0)
(1.03896 -2.65274e-08 0)
(1.03896 -1.29974e-08 0)
(1.03896 -4.16652e-09 0)
(1.03896 1.74086e-08 0)
(1.03896 -1.34293e-08 0)
(1.03896 4.14253e-09 0)
(1.03896 -1.9532e-08 0)
(1.03896 -4.76043e-09 0)
(1.03896 -2.52634e-08 0)
(1.03896 -2.11384e-09 0)
(1.03896 -2.00265e-08 0)
(1.03896 -5.47537e-09 0)
(1.03896 1.30686e-08 0)
(1.03896 7.38798e-08 0)
(1.03896 7.25406e-08 0)
(1.03896 1.13158e-07 0)
(1.03896 1.39182e-07 0)
(1.03896 1.72954e-07 0)
(1.03896 1.53228e-07 0)
(1.03896 1.67851e-07 0)
(1.03896 1.51695e-07 0)
(1.03896 1.53459e-07 0)
(1.03896 1.19805e-07 0)
(1.03896 1.20898e-07 0)
(1.03896 1.09573e-07 0)
(1.03896 1.37925e-07 0)
(1.03896 1.84558e-07 0)
(1.03896 2.92473e-07 0)
(1.03896 4.27605e-07 0)
(1.03896 6.53389e-07 0)
(1.03896 9.40156e-07 0)
(1.03896 1.36243e-06 0)
(1.03896 1.93901e-06 0)
(1.03897 2.78316e-06 0)
(1.03897 3.95065e-06 0)
(1.03897 5.6775e-06 0)
(1.03898 8.14963e-06 0)
(1.03898 1.24183e-05 0)
(1.039 1.89207e-05 0)
(1.03901 3.35936e-05 0)
(1.03904 5.72674e-05 0)
(1.03907 0.000148927 0)
(1.03931 0.000367012 0)
(1.03959 0.0012559 0)
(1.04168 0.00245382 0)
(0.968697 0.0176683 0)
(1.04975 0.0112177 0)
(1.02652 0.00333206 0)
(1.04149 8.90795e-05 0)
(1.03498 -0.000229816 0)
(1.03772 7.14184e-05 0)
(1.03665 0.000198139 0)
(1.03744 0.000246027 0)
(1.03745 0.000221045 0)
(1.03778 0.000197085 0)
(1.03792 0.000167132 0)
(1.0381 0.000143357 0)
(1.03823 0.000123015 0)
(1.03835 0.000105826 0)
(1.03845 9.03423e-05 0)
(1.03854 7.71399e-05 0)
(1.03861 6.60186e-05 0)
(1.03868 5.61937e-05 0)
(1.03873 4.76045e-05 0)
(1.03877 3.99485e-05 0)
(1.03881 3.31871e-05 0)
(1.03884 2.7341e-05 0)
(1.03887 2.23129e-05 0)
(1.03889 1.80544e-05 0)
(1.0389 1.44911e-05 0)
(1.03892 1.15372e-05 0)
(1.03893 9.12811e-06 0)
(1.03893 7.13887e-06 0)
(1.03894 5.59582e-06 0)
(1.03895 4.35968e-06 0)
(1.03895 3.32989e-06 0)
(1.03895 2.47277e-06 0)
(1.03895 1.84612e-06 0)
(1.03896 1.31674e-06 0)
(1.03896 1.00151e-06 0)
(1.03896 7.39817e-07 0)
(1.03896 5.48012e-07 0)
(1.03896 3.81965e-07 0)
(1.03896 2.74676e-07 0)
(1.03896 2.04431e-07 0)
(1.03896 1.92814e-07 0)
(1.03896 1.42139e-07 0)
(1.03896 1.7018e-07 0)
(1.03896 1.68167e-07 0)
(1.03896 1.61809e-07 0)
(1.03896 1.15043e-07 0)
(1.03896 1.2125e-07 0)
(1.03896 8.3717e-08 0)
(1.03896 6.97749e-08 0)
(1.03896 5.10426e-08 0)
(1.03896 5.18905e-08 0)
(1.03896 3.03247e-09 0)
(1.03896 9.62518e-10 0)
(1.03896 -2.05772e-08 0)
(1.03896 1.29744e-08 0)
(1.03896 -1.67367e-08 0)
(1.03896 -1.18789e-08 0)
(1.03896 -4.07536e-09 0)
(1.03896 1.98244e-08 0)
(1.03896 -1.38278e-08 0)
(1.03896 -3.78817e-09 0)
(1.03896 -2.57941e-08 0)
(1.03896 -9.94824e-09 0)
(1.03896 -2.98915e-08 0)
(1.03896 -6.86843e-09 0)
(1.03896 -1.5681e-08 0)
(1.03896 -1.32534e-09 0)
(1.03896 1.4716e-08 0)
(1.03896 8.08277e-08 0)
(1.03896 8.46507e-08 0)
(1.03896 1.13705e-07 0)
(1.03896 1.34915e-07 0)
(1.03896 1.69909e-07 0)
(1.03896 1.50255e-07 0)
(1.03896 1.59845e-07 0)
(1.03896 1.43092e-07 0)
(1.03896 1.44364e-07 0)
(1.03896 1.09466e-07 0)
(1.03896 1.0525e-07 0)
(1.03896 9.01329e-08 0)
(1.03896 1.05142e-07 0)
(1.03896 1.33274e-07 0)
(1.03896 2.18168e-07 0)
(1.03896 3.22961e-07 0)
(1.03896 5.01036e-07 0)
(1.03896 7.29425e-07 0)
(1.03896 1.07268e-06 0)
(1.03897 1.5334e-06 0)
(1.03897 2.21173e-06 0)
(1.03897 3.15207e-06 0)
(1.03897 4.54779e-06 0)
(1.03898 6.54951e-06 0)
(1.03899 1.00235e-05 0)
(1.039 1.53495e-05 0)
(1.03901 2.73799e-05 0)
(1.03906 4.67115e-05 0)
(1.03909 0.000120778 0)
(1.03936 0.000295449 0)
(1.03967 0.00100655 0)
(1.04198 0.00196196 0)
(0.968403 0.0125163 0)
(1.04926 0.00806374 0)
(1.02642 0.00241486 0)
(1.0414 6.22937e-05 0)
(1.03488 -0.000167856 0)
(1.0376 4.99569e-05 0)
(1.03654 0.000143535 0)
(1.03734 0.000178372 0)
(1.03736 0.00016045 0)
(1.0377 0.000143252 0)
(1.03785 0.000121431 0)
(1.03804 0.000104091 0)
(1.03818 8.95489e-05 0)
(1.03831 7.71634e-05 0)
(1.03842 6.57743e-05 0)
(1.03851 5.60714e-05 0)
(1.03859 4.8029e-05 0)
(1.03865 4.091e-05 0)
(1.03871 3.47079e-05 0)
(1.03876 2.91567e-05 0)
(1.0388 2.42249e-05 0)
(1.03883 1.99613e-05 0)
(1.03886 1.63066e-05 0)
(1.03888 1.32016e-05 0)
(1.0389 1.0613e-05 0)
(1.03891 8.47738e-06 0)
(1.03892 6.71904e-06 0)
(1.03893 5.2516e-06 0)
(1.03894 4.12964e-06 0)
(1.03894 3.23833e-06 0)
(1.03895 2.4727e-06 0)
(1.03895 1.81307e-06 0)
(1.03895 1.35148e-06 0)
(1.03896 9.51023e-07 0)
(1.03896 7.25547e-07 0)
(1.03896 5.39352e-07 0)
(1.03896 4.03243e-07 0)
(1.03896 2.79275e-07 0)
(1.03896 2.03345e-07 0)
(1.03896 1.56965e-07 0)
(1.03896 1.65941e-07 0)
(1.03896 1.27216e-07 0)
(1.03896 1.54546e-07 0)
(1.03896 1.58279e-07 0)
(1.03896 1.55918e-07 0)
(1.03896 1.04305e-07 0)
(1.03896 1.08409e-07 0)
(1.03896 8.21851e-08 0)
(1.03896 6.82538e-08 0)
(1.03896 4.52367e-08 0)
(1.03896 4.97347e-08 0)
(1.03896 5.00236e-09 0)
(1.03896 2.63982e-09 0)
(1.03896 -1.83481e-08 0)
(1.03896 1.76104e-08 0)
(1.03896 -6.16204e-09 0)
(1.03896 -7.8042e-09 0)
(1.03896 -5.0243e-09 0)
(1.03896 1.97053e-08 0)
(1.03896 -1.62191e-08 0)
(1.03896 -1.27163e-08 0)
(1.03896 -3.32376e-08 0)
(1.03896 -1.47873e-08 0)
(1.03896 -3.37543e-08 0)
(1.03896 -1.15904e-08 0)
(1.03896 -1.11312e-08 0)
(1.03896 7.1174e-09 0)
(1.03896 1.8529e-08 0)
(1.03896 8.62519e-08 0)
(1.03896 9.61667e-08 0)
(1.03896 1.15575e-07 0)
(1.03896 1.29004e-07 0)
(1.03896 1.6437e-07 0)
(1.03896 1.45633e-07 0)
(1.03896 1.51211e-07 0)
(1.03896 1.33456e-07 0)
(1.03896 1.35717e-07 0)
(1.03896 9.95984e-08 0)
(1.03896 8.86879e-08 0)
(1.03896 6.84402e-08 0)
(1.03896 7.04167e-08 0)
(1.03896 7.79002e-08 0)
(1.03896 1.36919e-07 0)
(1.03896 2.09914e-07 0)
(1.03896 3.38189e-07 0)
(1.03896 5.01786e-07 0)
(1.03896 7.59638e-07 0)
(1.03897 1.09584e-06 0)
(1.03897 1.59364e-06 0)
(1.03897 2.28523e-06 0)
(1.03897 3.31536e-06 0)
(1.03898 4.79122e-06 0)
(1.03899 7.35944e-06 0)
(1.039 1.13121e-05 0)
(1.03902 2.02471e-05 0)
(1.03907 3.45606e-05 0)
(1.0391 8.8974e-05 0)
(1.0394 0.000216467 0)
(1.03973 0.000734986 0)
(1.04221 0.00143008 0)
(0.968214 0.00746867 0)
(1.04894 0.00485839 0)
(1.02635 0.00146277 0)
(1.04134 3.68786e-05 0)
(1.03481 -0.000102172 0)
(1.03752 2.95734e-05 0)
(1.03646 8.70028e-05 0)
(1.03728 0.000108158 0)
(1.0373 9.73083e-05 0)
(1.03765 8.71109e-05 0)
(1.03781 7.36831e-05 0)
(1.03801 6.30308e-05 0)
(1.03815 5.45015e-05 0)
(1.03828 4.71064e-05 0)
(1.03839 3.9988e-05 0)
(1.03849 3.39338e-05 0)
(1.03857 2.91041e-05 0)
(1.03864 2.48149e-05 0)
(1.0387 2.1106e-05 0)
(1.03875 1.77618e-05 0)
(1.03879 1.47589e-05 0)
(1.03883 1.21581e-05 0)
(1.03885 9.95033e-06 0)
(1.03888 8.0642e-06 0)
(1.0389 6.49601e-06 0)
(1.03891 5.2227e-06 0)
(1.03892 4.16006e-06 0)
(1.03893 3.24691e-06 0)
(1.03894 2.56656e-06 0)
(1.03894 2.03613e-06 0)
(1.03895 1.55383e-06 0)
(1.03895 1.1072e-06 0)
(1.03895 8.23283e-07 0)
(1.03896 5.63196e-07 0)
(1.03896 4.32434e-07 0)
(1.03896 3.2277e-07 0)
(1.03896 2.48078e-07 0)
(1.03896 1.71177e-07 0)
(1.03896 1.29019e-07 0)
(1.03896 1.06164e-07 0)
(1.03896 1.3549e-07 0)
(1.03896 1.09852e-07 0)
(1.03896 1.36189e-07 0)
(1.03896 1.42133e-07 0)
(1.03896 1.45143e-07 0)
(1.03896 9.15346e-08 0)
(1.03896 9.25229e-08 0)
(1.03896 7.80245e-08 0)
(1.03896 6.75486e-08 0)
(1.03896 3.81508e-08 0)
(1.03896 4.54091e-08 0)
(1.03896 7.32093e-09 0)
(1.03896 6.25004e-09 0)
(1.03896 -1.57457e-08 0)
(1.03896 2.04815e-08 0)
(1.03896 3.50092e-09 0)
(1.03896 -2.11667e-09 0)
(1.03896 -7.23656e-09 0)
(1.03896 1.59933e-08 0)
(1.03896 -2.06188e-08 0)
(1.03896 -2.17513e-08 0)
(1.03896 -4.08164e-08 0)
(1.03896 -1.86218e-08 0)
(1.03896 -3.56633e-08 0)
(1.03896 -1.51766e-08 0)
(1.03896 -6.74957e-09 0)
(1.03896 1.83648e-08 0)
(1.03896 2.44901e-08 0)
(1.03896 8.95557e-08 0)
(1.03896 1.05567e-07 0)
(1.03896 1.18889e-07 0)
(1.03896 1.23151e-07 0)
(1.03896 1.57313e-07 0)
(1.03896 1.40434e-07 0)
(1.03896 1.43069e-07 0)
(1.03896 1.23475e-07 0)
(1.03896 1.27445e-07 0)
(1.03896 8.99692e-08 0)
(1.03896 7.10125e-08 0)
(1.03896 4.40072e-08 0)
(1.03896 3.37857e-08 0)
(1.03896 2.04077e-08 0)
(1.03896 5.1547e-08 0)
(1.03896 9.13028e-08 0)
(1.03896 1.68953e-07 0)
(1.03896 2.62249e-07 0)
(1.03896 4.28486e-07 0)
(1.03897 6.34367e-07 0)
(1.03897 9.41291e-07 0)
(1.03897 1.36817e-06 0)
(1.03898 2.00751e-06 0)
(1.03898 2.91649e-06 0)
(1.03899 4.49741e-06 0)
(1.03901 6.93037e-06 0)
(1.03902 1.2435e-05 0)
(1.03907 2.12326e-05 0)
(1.03911 5.44945e-05 0)
(1.03943 0.000132089 0)
(1.03977 0.000447434 0)
(1.04236 0.000869539 0)
(0.96812 0.00248273 0)
(1.04878 0.00162289 0)
(1.02631 0.000489837 0)
(1.04131 1.22778e-05 0)
(1.03477 -3.41956e-05 0)
(1.03749 9.88374e-06 0)
(1.03642 2.93334e-05 0)
(1.03724 3.6416e-05 0)
(1.03728 3.26418e-05 0)
(1.03762 2.95858e-05 0)
(1.03779 2.4705e-05 0)
(1.03799 2.08924e-05 0)
(1.03813 1.85014e-05 0)
(1.03827 1.62023e-05 0)
(1.03838 1.3462e-05 0)
(1.03848 1.11479e-05 0)
(1.03856 9.61138e-06 0)
(1.03863 8.22933e-06 0)
(1.03869 7.07861e-06 0)
(1.03874 6.00149e-06 0)
(1.03879 4.9893e-06 0)
(1.03882 4.10197e-06 0)
(1.03885 3.38224e-06 0)
(1.03888 2.75683e-06 0)
(1.03889 2.23619e-06 0)
(1.03891 1.8477e-06 0)
(1.03892 1.50887e-06 0)
(1.03893 1.17107e-06 0)
(1.03894 9.42615e-07 0)
(1.03894 7.81813e-07 0)
(1.03895 5.96002e-07 0)
(1.03895 3.74646e-07 0)
(1.03895 2.73996e-07 0)
(1.03896 1.61474e-07 0)
(1.03896 1.29048e-07 0)
(1.03896 9.62783e-08 0)
(1.03896 8.59173e-08 0)
(1.03896 5.95446e-08 0)
(1.03896 5.19724e-08 0)
(1.03896 5.19046e-08 0)
(1.03896 9.9997e-08 0)
(1.03896 8.8233e-08 0)
(1.03896 1.1331e-07 0)
(1.03896 1.1972e-07 0)
(1.03896 1.28626e-07 0)
(1.03896 7.74159e-08 0)
(1.03896 7.42816e-08 0)
(1.03896 7.00355e-08 0)
(1.03896 6.63227e-08 0)
(1.03896 3.09024e-08 0)
(1.03896 3.8615e-08 0)
(1.03896 9.1629e-09 0)
(1.03896 1.05366e-08 0)
(1.03896 -1.32379e-08 0)
(1.03896 2.10543e-08 0)
(1.03896 1.10054e-08 0)
(1.03896 3.55845e-09 0)
(1.03896 -1.0545e-08 0)
(1.03896 8.54529e-09 0)
(1.03896 -2.63164e-08 0)
(1.03896 -2.98044e-08 0)
(1.03896 -4.73053e-08 0)
(1.03896 -2.13395e-08 0)
(1.03896 -3.50399e-08 0)
(1.03896 -1.71861e-08 0)
(1.03896 -3.02012e-09 0)
(1.03896 3.0084e-08 0)
(1.03896 3.19544e-08 0)
(1.03896 9.04157e-08 0)
(1.03896 1.11748e-07 0)
(1.03896 1.23245e-07 0)
(1.03896 1.18932e-07 0)
(1.03896 1.49511e-07 0)
(1.03896 1.35317e-07 0)
(1.03896 1.35893e-07 0)
(1.03896 1.13427e-07 0)
(1.03896 1.18563e-07 0)
(1.03896 7.98347e-08 0)
(1.03896 5.1955e-08 0)
(1.03896 1.68679e-08 0)
(1.03896 -4.52597e-09 0)
(1.03896 -3.72488e-08 0)
(1.03896 -3.50458e-08 0)
(1.03896 -3.0076e-08 0)
(1.03896 -3.14865e-09 0)
(1.03896 1.59575e-08 0)
(1.03896 8.48345e-08 0)
(1.03897 1.57281e-07 0)
(1.03897 2.67799e-07 0)
(1.03897 4.2028e-07 0)
(1.03898 6.53415e-07 0)
(1.03898 9.70417e-07 0)
(1.03899 1.51451e-06 0)
(1.03901 2.3381e-06 0)
(1.03902 4.20642e-06 0)
(1.03908 7.1833e-06 0)
(1.03912 1.83823e-05 0)
(1.03944 4.44315e-05 0)
(1.03979 0.000150248 0)
(1.04244 0.000291782 0)
(0.96812 -0.00248277 0)
(1.04878 -0.00162256 0)
(1.02631 -0.000490036 0)
(1.04131 -1.20565e-05 0)
(1.03477 3.45497e-05 0)
(1.03749 -9.57274e-06 0)
(1.03642 -2.87131e-05 0)
(1.03724 -3.58373e-05 0)
(1.03728 -3.25352e-05 0)
(1.03762 -2.84017e-05 0)
(1.03779 -2.46861e-05 0)
(1.03799 -2.16065e-05 0)
(1.03813 -1.78213e-05 0)
(1.03827 -1.49959e-05 0)
(1.03838 -1.33197e-05 0)
(1.03848 -1.18597e-05 0)
(1.03856 -1.00748e-05 0)
(1.03863 -8.52059e-06 0)
(1.03869 -7.08875e-06 0)
(1.03874 -5.88077e-06 0)
(1.03879 -4.88077e-06 0)
(1.03882 -4.03474e-06 0)
(1.03885 -3.25626e-06 0)
(1.03888 -2.60426e-06 0)
(1.03889 -2.06852e-06 0)
(1.03891 -1.57063e-06 0)
(1.03892 -1.17597e-06 0)
(1.03893 -9.29413e-07 0)
(1.03894 -7.044e-07 0)
(1.03894 -4.93851e-07 0)
(1.03895 -3.76266e-07 0)
(1.03895 -3.64651e-07 0)
(1.03895 -2.82991e-07 0)
(1.03896 -2.45769e-07 0)
(1.03896 -1.77453e-07 0)
(1.03896 -1.33349e-07 0)
(1.03896 -7.9561e-08 0)
(1.03896 -5.40833e-08 0)
(1.03896 -2.75283e-08 0)
(1.03896 -5.96939e-09 0)
(1.03896 5.87582e-08 0)
(1.03896 6.15349e-08 0)
(1.03896 8.55075e-08 0)
(1.03896 9.21796e-08 0)
(1.03896 1.06706e-07 0)
(1.03896 6.25856e-08 0)
(1.03896 5.50638e-08 0)
(1.03896 5.77652e-08 0)
(1.03896 6.31867e-08 0)
(1.03896 2.44664e-08 0)
(1.03896 2.96728e-08 0)
(1.03896 9.54557e-09 0)
(1.03896 1.41536e-08 0)
(1.03896 -1.12665e-08 0)
(1.03896 1.94418e-08 0)
(1.03896 1.57026e-08 0)
(1.03896 7.97244e-09 0)
(1.03896 -1.44662e-08 0)
(1.03896 -1.70684e-09 0)
(1.03896 -3.22862e-08 0)
(1.03896 -3.57534e-08 0)
(1.03896 -5.17744e-08 0)
(1.03896 -2.32663e-08 0)
(1.03896 -3.23145e-08 0)
(1.03896 -1.78458e-08 0)
(1.03896 -6.27282e-10 0)
(1.03896 3.98884e-08 0)
(1.03896 3.98156e-08 0)
(1.03896 8.90363e-08 0)
(1.03896 1.14182e-07 0)
(1.03896 1.27903e-07 0)
(1.03896 1.17315e-07 0)
(1.03896 1.41615e-07 0)
(1.03896 1.30321e-07 0)
(1.03896 1.29608e-07 0)
(1.03896 1.03239e-07 0)
(1.03896 1.07811e-07 0)
(1.03896 6.82989e-08 0)
(1.03896 3.16333e-08 0)
(1.03896 -1.22067e-08 0)
(1.03896 -4.38399e-08 0)
(1.03896 -9.33967e-08 0)
(1.03896 -1.20179e-07 0)
(1.03896 -1.51644e-07 0)
(1.03896 -1.75059e-07 0)
(1.03896 -2.31828e-07 0)
(1.03896 -2.64845e-07 0)
(1.03897 -3.26577e-07 0)
(1.03897 -4.1308e-07 0)
(1.03897 -5.38029e-07 0)
(1.03898 -7.16405e-07 0)
(1.03898 -9.99758e-07 0)
(1.03899 -1.50866e-06 0)
(1.03901 -2.32435e-06 0)
(1.03902 -4.16184e-06 0)
(1.03908 -7.10885e-06 0)
(1.03912 -1.828e-05 0)
(1.03944 -4.43262e-05 0)
(1.03979 -0.000150158 0)
(1.04244 -0.00029172 0)
(0.968214 -0.0074687 0)
(1.04894 -0.00485808 0)
(1.02635 -0.00146299 0)
(1.04134 -3.66677e-05 0)
(1.03481 0.000102512 0)
(1.03752 -2.92811e-05 0)
(1.03646 -8.6387e-05 0)
(1.03728 -0.00010759 0)
(1.0373 -9.721e-05 0)
(1.03765 -8.59334e-05 0)
(1.03781 -7.36728e-05 0)
(1.03801 -6.3748e-05 0)
(1.03815 -5.38347e-05 0)
(1.03828 -4.59305e-05 0)
(1.03839 -3.98687e-05 0)
(1.03849 -3.46588e-05 0)
(1.03857 -2.95762e-05 0)
(1.03864 -2.51065e-05 0)
(1.0387 -2.11088e-05 0)
(1.03875 -1.76395e-05 0)
(1.03879 -1.46471e-05 0)
(1.03883 -1.20801e-05 0)
(1.03885 -9.82244e-06 0)
(1.03888 -7.90283e-06 0)
(1.0389 -6.32048e-06 0)
(1.03891 -4.95432e-06 0)
(1.03892 -3.83512e-06 0)
(1.03893 -3.00761e-06 0)
(1.03894 -2.33499e-06 0)
(1.03894 -1.75875e-06 0)
(1.03895 -1.33753e-06 0)
(1.03895 -1.0912e-06 0)
(1.03895 -8.33235e-07 0)
(1.03896 -6.49709e-07 0)
(1.03896 -4.79514e-07 0)
(1.03896 -3.59322e-07 0)
(1.03896 -2.44193e-07 0)
(1.03896 -1.67966e-07 0)
(1.03896 -1.08305e-07 0)
(1.03896 -6.68206e-08 0)
(1.03896 1.26693e-08 0)
(1.03896 3.02612e-08 0)
(1.03896 5.41526e-08 0)
(1.03896 6.14561e-08 0)
(1.03896 8.0958e-08 0)
(1.03896 4.75132e-08 0)
(1.03896 3.68101e-08 0)
(1.03896 4.17018e-08 0)
(1.03896 5.7195e-08 0)
(1.03896 1.92964e-08 0)
(1.03896 1.96395e-08 0)
(1.03896 7.79031e-09 0)
(1.03896 1.63633e-08 0)
(1.03896 -1.00263e-08 0)
(1.03896 1.65207e-08 0)
(1.03896 1.75765e-08 0)
(1.03896 1.06782e-08 0)
(1.03896 -1.83451e-08 0)
(1.03896 -1.29155e-08 0)
(1.03896 -3.76417e-08 0)
(1.03896 -3.87454e-08 0)
(1.03896 -5.39389e-08 0)
(1.03896 -2.49663e-08 0)
(1.03896 -2.88704e-08 0)
(1.03896 -1.77971e-08 0)
(1.03896 -2.69294e-10 0)
(1.03896 4.61076e-08 0)
(1.03896 4.68591e-08 0)
(1.03896 8.62514e-08 0)
(1.03896 1.12979e-07 0)
(1.03896 1.32013e-07 0)
(1.03896 1.18363e-07 0)
(1.03896 1.3422e-07 0)
(1.03896 1.24935e-07 0)
(1.03896 1.23803e-07 0)
(1.03896 9.26612e-08 0)
(1.03896 9.4359e-08 0)
(1.03896 5.47144e-08 0)
(1.03896 1.07882e-08 0)
(1.03896 -4.17591e-08 0)
(1.03896 -8.2989e-08 0)
(1.03896 -1.46838e-07 0)
(1.03896 -2.01641e-07 0)
(1.03896 -2.71127e-07 0)
(1.03896 -3.44008e-07 0)
(1.03896 -4.75763e-07 0)
(1.03896 -6.13e-07 0)
(1.03897 -8.07669e-07 0)
(1.03897 -1.08708e-06 0)
(1.03897 -1.48583e-06 0)
(1.03898 -2.0708e-06 0)
(1.03898 -2.94612e-06 0)
(1.03899 -4.49046e-06 0)
(1.03901 -6.91458e-06 0)
(1.03902 -1.23886e-05 0)
(1.03907 -2.11581e-05 0)
(1.03911 -5.43963e-05 0)
(1.03943 -0.000131987 0)
(1.03977 -0.000447347 0)
(1.04236 -0.000869477 0)
(0.968403 -0.0125163 0)
(1.04926 -0.00806346 0)
(1.02642 -0.00241512 0)
(1.0414 -6.2101e-05 0)
(1.03488 0.000168171 0)
(1.0376 -4.96985e-05 0)
(1.03654 -0.000142929 0)
(1.03734 -0.000177827 0)
(1.03736 -0.000160366 0)
(1.0377 -0.000142091 0)
(1.03785 -0.000121437 0)
(1.03804 -0.000104813 0)
(1.03818 -8.89058e-05 0)
(1.03831 -7.60411e-05 0)
(1.03842 -6.56939e-05 0)
(1.03851 -5.68184e-05 0)
(1.03859 -4.85142e-05 0)
(1.03865 -4.1201e-05 0)
(1.03871 -3.46972e-05 0)
(1.03876 -2.90314e-05 0)
(1.0388 -2.41066e-05 0)
(1.03883 -1.9865e-05 0)
(1.03886 -1.61746e-05 0)
(1.03888 -1.30242e-05 0)
(1.0389 -1.04245e-05 0)
(1.03891 -8.22593e-06 0)
(1.03892 -6.40877e-06 0)
(1.03893 -5.01623e-06 0)
(1.03894 -3.90881e-06 0)
(1.03894 -2.98046e-06 0)
(1.03895 -2.26265e-06 0)
(1.03895 -1.7866e-06 0)
(1.03895 -1.36166e-06 0)
(1.03896 -1.04089e-06 0)
(1.03896 -7.69378e-07 0)
(1.03896 -5.75176e-07 0)
(1.03896 -4.03272e-07 0)
(1.03896 -2.79619e-07 0)
(1.03896 -1.87806e-07 0)
(1.03896 -1.28664e-07 0)
(1.03896 -3.56832e-08 0)
(1.03896 -3.82249e-09 0)
(1.03896 2.19429e-08 0)
(1.03896 2.98632e-08 0)
(1.03896 5.37361e-08 0)
(1.03896 3.25139e-08 0)
(1.03896 2.15043e-08 0)
(1.03896 2.32742e-08 0)
(1.03896 4.80886e-08 0)
(1.03896 1.52182e-08 0)
(1.03896 1.00843e-08 0)
(1.03896 3.70699e-09 0)
(1.03896 1.7283e-08 0)
(1.03896 -9.29985e-09 0)
(1.03896 1.36682e-08 0)
(1.03896 1.71696e-08 0)
(1.03896 1.20496e-08 0)
(1.03896 -2.14854e-08 0)
(1.03896 -2.29045e-08 0)
(1.03896 -4.19536e-08 0)
(1.03896 -3.85654e-08 0)
(1.03896 -5.42452e-08 0)
(1.03896 -2.7062e-08 0)
(1.03896 -2.65217e-08 0)
(1.03896 -1.77022e-08 0)
(1.03896 -2.25179e-09 0)
(1.03896 4.82767e-08 0)
(1.03896 5.21691e-08 0)
(1.03896 8.33596e-08 0)
(1.03896 1.08848e-07 0)
(1.03896 1.34772e-07 0)
(1.03896 1.21223e-07 0)
(1.03896 1.2779e-07 0)
(1.03896 1.18408e-07 0)
(1.03896 1.17935e-07 0)
(1.03896 8.15253e-08 0)
(1.03896 7.82713e-08 0)
(1.03896 3.8989e-08 0)
(1.03896 -9.3222e-09 0)
(1.03896 -6.99458e-08 0)
(1.03896 -1.20516e-07 0)
(1.03896 -1.96904e-07 0)
(1.03896 -2.77836e-07 0)
(1.03896 -3.86501e-07 0)
(1.03896 -5.07334e-07 0)
(1.03896 -7.10498e-07 0)
(1.03896 -9.51124e-07 0)
(1.03897 -1.27574e-06 0)
(1.03897 -1.73972e-06 0)
(1.03897 -2.40229e-06 0)
(1.03897 -3.37891e-06 0)
(1.03898 -4.82154e-06 0)
(1.03899 -7.35069e-06 0)
(1.039 -1.12929e-05 0)
(1.03902 -2.01975e-05 0)
(1.03907 -3.44864e-05 0)
(1.0391 -8.8883e-05 0)
(1.0394 -0.000216372 0)
(1.03973 -0.000734904 0)
(1.04221 -0.00143002 0)
(0.968696 -0.0176683 0)
(1.04975 -0.0112175 0)
(1.02652 -0.00333236 0)
(1.04149 -8.89092e-05 0)
(1.03498 0.000230096 0)
(1.03772 -7.12032e-05 0)
(1.03665 -0.000197552 0)
(1.03744 -0.000245513 0)
(1.03745 -0.000220981 0)
(1.03778 -0.000195951 0)
(1.03792 -0.000167158 0)
(1.0381 -0.00014408 0)
(1.03823 -0.000122401 0)
(1.03835 -0.000104768 0)
(1.03845 -9.03047e-05 0)
(1.03854 -7.79098e-05 0)
(1.03861 -6.65146e-05 0)
(1.03868 -5.6481e-05 0)
(1.03873 -4.75765e-05 0)
(1.03877 -3.98188e-05 0)
(1.03881 -3.306e-05 0)
(1.03884 -2.72246e-05 0)
(1.03887 -2.21745e-05 0)
(1.03889 -1.78565e-05 0)
(1.0389 -1.42894e-05 0)
(1.03892 -1.13097e-05 0)
(1.03893 -8.83719e-06 0)
(1.03894 -6.90809e-06 0)
(1.03894 -5.38608e-06 0)
(1.03895 -4.12735e-06 0)
(1.03895 -3.128e-06 0)
(1.03895 -2.43382e-06 0)
(1.03895 -1.85335e-06 0)
(1.03896 -1.40915e-06 0)
(1.03896 -1.03942e-06 0)
(1.03896 -7.7489e-07 0)
(1.03896 -5.5168e-07 0)
(1.03896 -3.85585e-07 0)
(1.03896 -2.62344e-07 0)
(1.03896 -1.88169e-07 0)
(1.03896 -8.26732e-08 0)
(1.03896 -3.81049e-08 0)
(1.03896 -8.06014e-09 0)
(1.03896 -3.35024e-10 0)
(1.03896 2.74826e-08 0)
(1.03896 1.7816e-08 0)
(1.03896 1.04831e-08 0)
(1.03896 4.5377e-09 0)
(1.03896 3.63001e-08 0)
(1.03896 1.16011e-08 0)
(1.03896 2.63856e-09 0)
(1.03896 -2.21893e-09 0)
(1.03896 1.76255e-08 0)
(1.03896 -8.43641e-09 0)
(1.03896 1.22687e-08 0)
(1.03896 1.54013e-08 0)
(1.03896 1.29381e-08 0)
(1.03896 -2.32629e-08 0)
(1.03896 -2.98755e-08 0)
(1.03896 -4.52922e-08 0)
(1.03896 -3.58418e-08 0)
(1.03896 -5.36115e-08 0)
(1.03896 -3.00461e-08 0)
(1.03896 -2.67231e-08 0)
(1.03896 -1.78385e-08 0)
(1.03896 -6.10756e-09 0)
(1.03896 4.7198e-08 0)
(1.03896 5.54282e-08 0)
(1.03896 8.1718e-08 0)
(1.03896 1.02981e-07 0)
(1.03896 1.35487e-07 0)
(1.03896 1.24373e-07 0)
(1.03896 1.22472e-07 0)
(1.03896 1.10155e-07 0)
(1.03896 1.11488e-07 0)
(1.03896 7.00021e-08 0)
(1.03896 6.06226e-08 0)
(1.03896 2.17089e-08 0)
(1.03896 -2.72904e-08 0)
(1.03896 -9.49675e-08 0)
(1.03896 -1.54979e-07 0)
(1.03896 -2.43307e-07 0)
(1.03896 -3.47738e-07 0)
(1.03896 -4.95758e-07 0)
(1.03896 -6.62303e-07 0)
(1.03896 -9.30783e-07 0)
(1.03896 -1.27018e-06 0)
(1.03897 -1.72001e-06 0)
(1.03897 -2.3567e-06 0)
(1.03897 -3.26738e-06 0)
(1.03897 -4.61112e-06 0)
(1.03898 -6.58105e-06 0)
(1.03899 -1.0013e-05 0)
(1.039 -1.53269e-05 0)
(1.03901 -2.73266e-05 0)
(1.03906 -4.66388e-05 0)
(1.03909 -0.000120695 0)
(1.03936 -0.000295362 0)
(1.03967 -0.00100648 0)
(1.04198 -0.0019619 0)
(0.969103 -0.0229694 0)
(1.05041 -0.0142971 0)
(1.02666 -0.00420041 0)
(1.04161 -0.000117648 0)
(1.03513 0.000287007 0)
(1.03787 -9.40434e-05 0)
(1.0368 -0.00024942 0)
(1.03758 -0.000309589 0)
(1.03757 -0.000278018 0)
(1.03788 -0.000246584 0)
(1.03801 -0.000210016 0)
(1.03818 -0.000180828 0)
(1.03829 -0.00015369 0)
(1.03841 -0.000131556 0)
(1.0385 -0.000113216 0)
(1.03858 -9.75116e-05 0)
(1.03864 -8.32119e-05 0)
(1.0387 -7.06314e-05 0)
(1.03875 -5.94794e-05 0)
(1.03879 -4.97732e-05 0)
(1.03883 -4.13139e-05 0)
(1.03885 -3.39998e-05 0)
(1.03888 -2.7689e-05 0)
(1.03889 -2.22925e-05 0)
(1.03891 -1.78289e-05 0)
(1.03892 -1.41329e-05 0)
(1.03893 -1.10618e-05 0)
(1.03894 -8.63706e-06 0)
(1.03894 -6.72909e-06 0)
(1.03895 -5.16957e-06 0)
(1.03895 -3.91227e-06 0)
(1.03895 -3.01733e-06 0)
(1.03896 -2.29449e-06 0)
(1.03896 -1.74377e-06 0)
(1.03896 -1.28242e-06 0)
(1.03896 -9.52889e-07 0)
(1.03896 -6.84244e-07 0)
(1.03896 -4.81683e-07 0)
(1.03896 -3.27948e-07 0)
(1.03896 -2.41289e-07 0)
(1.03896 -1.24732e-07 0)
(1.03896 -6.9798e-08 0)
(1.03896 -3.3444e-08 0)
(1.03896 -2.72883e-08 0)
(1.03896 4.06598e-09 0)
(1.03896 3.59354e-09 0)
(1.03896 3.90244e-09 0)
(1.03896 -1.23616e-08 0)
(1.03896 2.27767e-08 0)
(1.03896 7.75376e-09 0)
(1.03896 -1.56221e-09 0)
(1.03896 -8.88358e-09 0)
(1.03896 1.81646e-08 0)
(1.03896 -6.61636e-09 0)
(1.03896 1.31841e-08 0)
(1.03896 1.33101e-08 0)
(1.03896 1.41411e-08 0)
(1.03896 -2.32312e-08 0)
(1.03896 -3.296e-08 0)
(1.03896 -4.80314e-08 0)
(1.03896 -3.19539e-08 0)
(1.03896 -5.29475e-08 0)
(1.03896 -3.40642e-08 0)
(1.03896 -2.98949e-08 0)
(1.03896 -1.78945e-08 0)
(1.03896 -1.04594e-08 0)
(1.03896 4.45371e-08 0)
(1.03896 5.69501e-08 0)
(1.03896 8.22233e-08 0)
(1.03896 9.67924e-08 0)
(1.03896 1.33633e-07 0)
(1.03896 1.26078e-07 0)
(1.03896 1.17968e-07 0)
(1.03896 1.00092e-07 0)
(1.03896 1.04118e-07 0)
(1.03896 5.87109e-08 0)
(1.03896 4.32557e-08 0)
(1.03896 4.10586e-09 0)
(1.03896 -4.20053e-08 0)
(1.03896 -1.15492e-07 0)
(1.03896 -1.85248e-07 0)
(1.03896 -2.85861e-07 0)
(1.03896 -4.10697e-07 0)
(1.03896 -5.966e-07 0)
(1.03896 -8.05933e-07 0)
(1.03896 -1.13163e-06 0)
(1.03896 -1.56131e-06 0)
(1.03896 -2.12954e-06 0)
(1.03897 -2.92441e-06 0)
(1.03897 -4.0623e-06 0)
(1.03897 -5.73985e-06 0)
(1.03898 -8.18284e-06 0)
(1.03898 -1.24069e-05 0)
(1.039 -1.88957e-05 0)
(1.03901 -3.35372e-05 0)
(1.03904 -5.71983e-05 0)
(1.03907 -0.000148852 0)
(1.03931 -0.000366932 0)
(1.03959 -0.00125583 0)
(1.04168 -0.00245376 0)
(0.969639 -0.028468 0)
(1.05125 -0.0172767 0)
(1.02685 -0.00500461 0)
(1.04177 -0.000148857 0)
(1.03531 0.000337832 0)
(1.03806 -0.00011829 0)
(1.03699 -0.000297634 0)
(1.03774 -0.000368961 0)
(1.03772 -0.00033043 0)
(1.038 -0.00029305 0)
(1.03811 -0.000249191 0)
(1.03827 -0.000214342 0)
(1.03837 -0.000182149 0)
(1.03847 -0.000155865 0)
(1.03855 -0.000133954 0)
(1.03863 -0.000115214 0)
(1.03869 -9.8254e-05 0)
(1.03874 -8.33493e-05 0)
(1.03878 -7.01516e-05 0)
(1.03881 -5.86774e-05 0)
(1.03884 -4.86836e-05 0)
(1.03887 -4.00385e-05 0)
(1.03889 -3.25924e-05 0)
(1.0389 -2.62304e-05 0)
(1.03892 -2.09623e-05 0)
(1.03893 -1.66272e-05 0)
(1.03894 -1.30267e-05 0)
(1.03894 -1.01597e-05 0)
(1.03895 -7.90378e-06 0)
(1.03895 -6.08012e-06 0)
(1.03895 -4.59688e-06 0)
(1.03895 -3.52347e-06 0)
(1.03896 -2.67335e-06 0)
(1.03896 -2.03428e-06 0)
(1.03896 -1.49204e-06 0)
(1.03896 -1.10436e-06 0)
(1.03896 -7.96482e-07 0)
(1.03896 -5.63956e-07 0)
(1.03896 -3.81655e-07 0)
(1.03896 -2.84549e-07 0)
(1.03896 -1.59591e-07 0)
(1.03896 -9.68973e-08 0)
(1.03896 -5.32823e-08 0)
(1.03896 -4.9983e-08 0)
(1.03896 -1.57597e-08 0)
(1.03896 -1.02236e-08 0)
(1.03896 4.44205e-10 0)
(1.03896 -2.5903e-08 0)
(1.03896 8.53905e-09 0)
(1.03896 3.02499e-09 0)
(1.03896 -2.42356e-09 0)
(1.03896 -1.51107e-08 0)
(1.03896 1.90385e-08 0)
(1.03896 -3.4507e-09 0)
(1.03896 1.62439e-08 0)
(1.03896 1.15396e-08 0)
(1.03896 1.57592e-08 0)
(1.03896 -2.14709e-08 0)
(1.03896 -3.259e-08 0)
(1.03896 -5.0751e-08 0)
(1.03896 -2.88072e-08 0)
(1.03896 -5.29502e-08 0)
(1.03896 -3.89731e-08 0)
(1.03896 -3.53371e-08 0)
(1.03896 -1.72062e-08 0)
(1.03896 -1.3578e-08 0)
(1.03896 4.18336e-08 0)
(1.03896 5.71646e-08 0)
(1.03896 8.47195e-08 0)
(1.03896 9.13562e-08 0)
(1.03896 1.28724e-07 0)
(1.03896 1.24643e-07 0)
(1.03896 1.13392e-07 0)
(1.03896 8.85206e-08 0)
(1.03896 9.55454e-08 0)
(1.03896 4.85171e-08 0)
(1.03896 2.81794e-08 0)
(1.03896 -1.23835e-08 0)
(1.03896 -5.32669e-08 0)
(1.03896 -1.31164e-07 0)
(1.03896 -2.10864e-07 0)
(1.03896 -3.24383e-07 0)
(1.03896 -4.66339e-07 0)
(1.03896 -6.86484e-07 0)
(1.03896 -9.35065e-07 0)
(1.03896 -1.30872e-06 0)
(1.03896 -1.81688e-06 0)
(1.03896 -2.49414e-06 0)
(1.03897 -3.43068e-06 0)
(1.03897 -4.77023e-06 0)
(1.03897 -6.74046e-06 0)
(1.03897 -9.58946e-06 0)
(1.03898 -1.44702e-05 0)
(1.03899 -2.18945e-05 0)
(1.039 -3.86232e-05 0)
(1.03903 -6.58008e-05 0)
(1.03905 -0.000172468 0)
(1.03925 -0.000429201 0)
(1.03949 -0.00147691 0)
(1.04131 -0.00289435 0)
(0.970326 -0.0342166 0)
(1.05229 -0.0201271 0)
(1.02707 -0.00572979 0)
(1.04196 -0.000183019 0)
(1.03553 0.000381751 0)
(1.03829 -0.00014379 0)
(1.03722 -0.000341223 0)
(1.03794 -0.000422492 0)
(1.03789 -0.000377155 0)
(1.03815 -0.000334404 0)
(1.03824 -0.000283867 0)
(1.03838 -0.000243912 0)
(1.03847 -0.000207169 0)
(1.03855 -0.000177171 0)
(1.03862 -0.000152065 0)
(1.03868 -0.000130623 0)
(1.03873 -0.000111306 0)
(1.03877 -9.43478e-05 0)
(1.03881 -7.93539e-05 0)
(1.03884 -6.63284e-05 0)
(1.03886 -5.49965e-05 0)
(1.03889 -4.51984e-05 0)
(1.0389 -3.67687e-05 0)
(1.03891 -2.95761e-05 0)
(1.03893 -2.36156e-05 0)
(1.03893 -1.87308e-05 0)
(1.03894 -1.46814e-05 0)
(1.03894 -1.14375e-05 0)
(1.03895 -8.8814e-06 0)
(1.03895 -6.8363e-06 0)
(1.03895 -5.1665e-06 0)
(1.03896 -3.94123e-06 0)
(1.03896 -2.98149e-06 0)
(1.03896 -2.27197e-06 0)
(1.03896 -1.66362e-06 0)
(1.03896 -1.22616e-06 0)
(1.03896 -8.85846e-07 0)
(1.03896 -6.30268e-07 0)
(1.03896 -4.2303e-07 0)
(1.03896 -3.16954e-07 0)
(1.03896 -1.87616e-07 0)
(1.03896 -1.19543e-07 0)
(1.03896 -6.89229e-08 0)
(1.03896 -6.90807e-08 0)
(1.03896 -3.30612e-08 0)
(1.03896 -2.47672e-08 0)
(1.03896 -3.0746e-09 0)
(1.03896 -3.64516e-08 0)
(1.03896 -6.42614e-09 0)
(1.03896 -3.61318e-09 0)
(1.03896 -1.73871e-09 0)
(1.03896 -2.0911e-08 0)
(1.03896 1.88452e-08 0)
(1.03896 -2.08236e-11 0)
(1.03896 1.96774e-08 0)
(1.03896 9.44748e-09 0)
(1.03896 1.63717e-08 0)
(1.03896 -1.95242e-08 0)
(1.03896 -3.0996e-08 0)
(1.03896 -5.48477e-08 0)
(1.03896 -2.90157e-08 0)
(1.03896 -5.48073e-08 0)
(1.03896 -4.51004e-08 0)
(1.03896 -4.23202e-08 0)
(1.03896 -1.59773e-08 0)
(1.03896 -1.46532e-08 0)
(1.03896 3.91824e-08 0)
(1.03896 5.55227e-08 0)
(1.03896 8.72182e-08 0)
(1.03896 8.63203e-08 0)
(1.03896 1.19719e-07 0)
(1.03896 1.1808e-07 0)
(1.03896 1.06826e-07 0)
(1.03896 7.52722e-08 0)
(1.03896 8.49128e-08 0)
(1.03896 3.92568e-08 0)
(1.03896 1.60673e-08 0)
(1.03896 -2.7155e-08 0)
(1.03896 -6.26936e-08 0)
(1.03896 -1.43505e-07 0)
(1.03896 -2.32834e-07 0)
(1.03896 -3.59286e-07 0)
(1.03896 -5.14965e-07 0)
(1.03896 -7.63404e-07 0)
(1.03896 -1.04703e-06 0)
(1.03896 -1.45931e-06 0)
(1.03896 -2.03183e-06 0)
(1.03896 -2.80567e-06 0)
(1.03896 -3.86579e-06 0)
(1.03897 -5.37725e-06 0)
(1.03897 -7.59214e-06 0)
(1.03897 -1.07692e-05 0)
(1.03898 -1.61511e-05 0)
(1.03898 -2.4239e-05 0)
(1.03899 -4.24203e-05 0)
(1.03901 -7.21506e-05 0)
(1.03902 -0.000190777 0)
(1.03918 -0.000480464 0)
(1.03938 -0.00166386 0)
(1.04087 -0.00327255 0)
(0.971192 -0.0402742 0)
(1.05353 -0.0228144 0)
(1.02734 -0.00636014 0)
(1.04218 -0.000220486 0)
(1.03579 0.00041824 0)
(1.03856 -0.000170127 0)
(1.03748 -0.000379132 0)
(1.03816 -0.000468992 0)
(1.03809 -0.000417115 0)
(1.03832 -0.000369689 0)
(1.03839 -0.000313234 0)
(1.0385 -0.000268846 0)
(1.03857 -0.000228162 0)
(1.03864 -0.000194971 0)
(1.0387 -0.000167113 0)
(1.03874 -0.000143367 0)
(1.03878 -0.000122051 0)
(1.03882 -0.000103358 0)
(1.03885 -8.68623e-05 0)
(1.03887 -7.25385e-05 0)
(1.03889 -6.00933e-05 0)
(1.0389 -4.93477e-05 0)
(1.03892 -4.01116e-05 0)
(1.03893 -3.22434e-05 0)
(1.03893 -2.57214e-05 0)
(1.03894 -2.03893e-05 0)
(1.03895 -1.59817e-05 0)
(1.03895 -1.24375e-05 0)
(1.03895 -9.63811e-06 0)
(1.03895 -7.41931e-06 0)
(1.03896 -5.60787e-06 0)
(1.03896 -4.26168e-06 0)
(1.03896 -3.21301e-06 0)
(1.03896 -2.45027e-06 0)
(1.03896 -1.79404e-06 0)
(1.03896 -1.317e-06 0)
(1.03896 -9.51824e-07 0)
(1.03896 -6.8067e-07 0)
(1.03896 -4.53957e-07 0)
(1.03896 -3.40247e-07 0)
(1.03896 -2.1164e-07 0)
(1.03896 -1.40346e-07 0)
(1.03896 -8.36771e-08 0)
(1.03896 -8.695e-08 0)
(1.03896 -5.04459e-08 0)
(1.03896 -4.22071e-08 0)
(1.03896 -1.09157e-08 0)
(1.03896 -4.63812e-08 0)
(1.03896 -2.32008e-08 0)
(1.03896 -1.42892e-08 0)
(1.03896 -2.4629e-09 0)
(1.03896 -2.75561e-08 0)
(1.03896 1.49097e-08 0)
(1.03896 1.06323e-09 0)
(1.03896 2.03831e-08 0)
(1.03896 5.00774e-09 0)
(1.03896 1.31121e-08 0)
(1.03896 -2.05915e-08 0)
(1.03896 -3.20382e-08 0)
(1.03896 -6.26176e-08 0)
(1.03896 -3.56204e-08 0)
(1.03896 -6.03122e-08 0)
(1.03896 -5.374e-08 0)
(1.03896 -5.09655e-08 0)
(1.03896 -1.56328e-08 0)
(1.03896 -1.53246e-08 0)
(1.03896 3.44793e-08 0)
(1.03896 4.95557e-08 0)
(1.03896 8.56216e-08 0)
(1.03896 7.91263e-08 0)
(1.03896 1.04749e-07 0)
(1.03896 1.03879e-07 0)
(1.03896 9.53189e-08 0)
(1.03896 5.88943e-08 0)
(1.03896 7.01259e-08 0)
(1.03896 2.90104e-08 0)
(1.03896 5.33025e-09 0)
(1.03896 -4.17282e-08 0)
(1.03896 -7.37615e-08 0)
(1.03896 -1.55955e-07 0)
(1.03896 -2.53666e-07 0)
(1.03896 -3.91632e-07 0)
(1.03896 -5.57351e-07 0)
(1.03896 -8.26235e-07 0)
(1.03896 -1.13963e-06 0)
(1.03896 -1.5818e-06 0)
(1.03896 -2.20334e-06 0)
(1.03896 -3.05777e-06 0)
(1.03896 -4.22161e-06 0)
(1.03896 -5.87139e-06 0)
(1.03897 -8.27678e-06 0)
(1.03897 -1.16953e-05 0)
(1.03897 -1.74089e-05 0)
(1.03898 -2.58674e-05 0)
(1.03898 -4.48124e-05 0)
(1.03899 -7.60323e-05 0)
(1.03899 -0.000203162 0)
(1.0391 -0.000519237 0)
(1.03926 -0.00181118 0)
(1.04037 -0.00357748 0)
(0.972276 -0.0467071 0)
(1.055 -0.0252981 0)
(1.02766 -0.00687896 0)
(1.04244 -0.000261359 0)
(1.03609 0.000447099 0)
(1.03886 -0.000196577 0)
(1.03777 -0.000410223 0)
(1.03841 -0.000507213 0)
(1.03831 -0.00044921 0)
(1.03851 -0.000397942 0)
(1.03855 -0.000336483 0)
(1.03864 -0.000288457 0)
(1.03869 -0.000244549 0)
(1.03874 -0.000208781 0)
(1.03878 -0.000178686 0)
(1.03881 -0.000153089 0)
(1.03884 -0.000130186 0)
(1.03886 -0.000110126 0)
(1.03888 -9.2463e-05 0)
(1.0389 -7.71295e-05 0)
(1.03891 -6.38241e-05 0)
(1.03892 -5.2361e-05 0)
(1.03893 -4.25195e-05 0)
(1.03894 -3.41488e-05 0)
(1.03894 -2.72123e-05 0)
(1.03895 -2.15488e-05 0)
(1.03895 -1.68833e-05 0)
(1.03895 -1.31253e-05 0)
(1.03895 -1.01481e-05 0)
(1.03895 -7.80768e-06 0)
(1.03896 -5.903e-06 0)
(1.03896 -4.47159e-06 0)
(1.03896 -3.3585e-06 0)
(1.03896 -2.56013e-06 0)
(1.03896 -1.87684e-06 0)
(1.03896 -1.37284e-06 0)
(1.03896 -9.91545e-07 0)
(1.03896 -7.12933e-07 0)
(1.03896 -4.73496e-07 0)
(1.03896 -3.53979e-07 0)
(1.03896 -2.30659e-07 0)
(1.03896 -1.58374e-07 0)
(1.03896 -9.6656e-08 0)
(1.03896 -1.01882e-07 0)
(1.03896 -6.61565e-08 0)
(1.03896 -6.02907e-08 0)
(1.03896 -2.2236e-08 0)
(1.03896 -5.45257e-08 0)
(1.03896 -3.8869e-08 0)
(1.03896 -2.74471e-08 0)
(1.03896 -4.69543e-09 0)
(1.03896 -3.33466e-08 0)
(1.03896 8.38246e-09 0)
(1.03896 3.35053e-10 0)
(1.03896 1.91061e-08 0)
(1.03896 -4.36374e-10 0)
(1.03896 7.73627e-09 0)
(1.03896 -2.34201e-08 0)
(1.03896 -3.44081e-08 0)
(1.03896 -7.12475e-08 0)
(1.03896 -4.56369e-08 0)
(1.03896 -6.65457e-08 0)
(1.03896 -6.14968e-08 0)
(1.03896 -5.85708e-08 0)
(1.03896 -1.49863e-08 0)
(1.03896 -1.45907e-08 0)
(1.03896 2.92589e-08 0)
(1.03896 4.10583e-08 0)
(1.03896 8.0638e-08 0)
(1.03896 7.15126e-08 0)
(1.03896 8.73798e-08 0)
(1.03896 8.51288e-08 0)
(1.03896 8.12364e-08 0)
(1.03896 4.25324e-08 0)
(1.03896 5.37944e-08 0)
(1.03896 1.96649e-08 0)
(1.03896 -2.26496e-09 0)
(1.03896 -5.4758e-08 0)
(1.03896 -8.56395e-08 0)
(1.03896 -1.67679e-07 0)
(1.03896 -2.71439e-07 0)
(1.03896 -4.1829e-07 0)
(1.03896 -5.89984e-07 0)
(1.03896 -8.70661e-07 0)
(1.03896 -1.20714e-06 0)
(1.03896 -1.67073e-06 0)
(1.03896 -2.32513e-06 0)
(1.03896 -3.23983e-06 0)
(1.03896 -4.48451e-06 0)
(1.03896 -6.23537e-06 0)
(1.03896 -8.77145e-06 0)
(1.03896 -1.23393e-05 0)
(1.03896 -1.82069e-05 0)
(1.03897 -2.67355e-05 0)
(1.03897 -4.57305e-05 0)
(1.03897 -7.73167e-05 0)
(1.03896 -0.00020918 0)
(1.03901 -0.000544294 0)
(1.03912 -0.00191375 0)
(1.03982 -0.00379854 0)
(0.973628 -0.0535917 0)
(1.05672 -0.0275299 0)
(1.02803 -0.00726846 0)
(1.04273 -0.000305347 0)
(1.03644 0.000468423 0)
(1.03919 -0.000222097 0)
(1.0381 -0.000433285 0)
(1.03869 -0.000535852 0)
(1.03855 -0.00047233 0)
(1.03871 -0.000418197 0)
(1.03872 -0.000352817 0)
(1.03878 -0.000302079 0)
(1.03881 -0.00025578 0)
(1.03884 -0.000218136 0)
(1.03886 -0.000186395 0)
(1.03888 -0.000159457 0)
(1.0389 -0.000135433 0)
(1.03891 -0.000114417 0)
(1.03892 -9.59605e-05 0)
(1.03893 -7.99417e-05 0)
(1.03893 -6.60572e-05 0)
(1.03894 -5.41283e-05 0)
(1.03894 -4.39035e-05 0)
(1.03895 -3.52192e-05 0)
(1.03895 -2.80287e-05 0)
(1.03895 -2.21633e-05 0)
(1.03895 -1.73488e-05 0)
(1.03895 -1.34718e-05 0)
(1.03895 -1.03892e-05 0)
(1.03895 -7.98299e-06 0)
(1.03895 -6.03504e-06 0)
(1.03895 -4.55879e-06 0)
(1.03895 -3.40997e-06 0)
(1.03895 -2.59543e-06 0)
(1.03895 -1.90747e-06 0)
(1.03895 -1.39076e-06 0)
(1.03895 -1.0006e-06 0)
(1.03895 -7.21547e-07 0)
(1.03895 -4.74979e-07 0)
(1.03895 -3.50553e-07 0)
(1.03895 -2.3479e-07 0)
(1.03895 -1.64219e-07 0)
(1.03895 -9.82342e-08 0)
(1.03895 -1.03468e-07 0)
(1.03895 -6.93628e-08 0)
(1.03895 -6.73251e-08 0)
(1.03895 -2.57415e-08 0)
(1.03895 -5.05309e-08 0)
(1.03895 -4.06291e-08 0)
(1.03895 -3.05151e-08 0)
(1.03895 1.76086e-09 0)
(1.03895 -2.73329e-08 0)
(1.03895 1.10233e-08 0)
(1.03895 7.80915e-09 0)
(1.03895 2.62056e-08 0)
(1.03895 3.50721e-09 0)
(1.03895 1.17257e-08 0)
(1.03895 -1.7122e-08 0)
(1.03895 -2.75545e-08 0)
(1.03895 -6.86033e-08 0)
(1.03895 -4.66937e-08 0)
(1.03895 -6.09952e-08 0)
(1.03895 -5.61151e-08 0)
(1.03895 -5.45365e-08 0)
(1.03895 -5.00352e-09 0)
(1.03895 -3.552e-09 0)
(1.03895 3.39356e-08 0)
(1.03895 4.03413e-08 0)
(1.03895 8.17706e-08 0)
(1.03895 7.2835e-08 0)
(1.03895 7.95444e-08 0)
(1.03895 7.38074e-08 0)
(1.03895 7.54795e-08 0)
(1.03895 3.73897e-08 0)
(1.03895 4.73661e-08 0)
(1.03895 2.13808e-08 0)
(1.03895 2.1431e-09 0)
(1.03895 -5.5508e-08 0)
(1.03895 -8.82206e-08 0)
(1.03895 -1.68667e-07 0)
(1.03895 -2.75303e-07 0)
(1.03895 -4.2913e-07 0)
(1.03895 -6.04732e-07 0)
(1.03895 -8.90648e-07 0)
(1.03895 -1.24345e-06 0)
(1.03895 -1.72059e-06 0)
(1.03895 -2.39171e-06 0)
(1.03895 -3.34185e-06 0)
(1.03895 -4.64007e-06 0)
(1.03895 -6.45139e-06 0)
(1.03895 -9.05363e-06 0)
(1.03895 -1.26755e-05 0)
(1.03895 -1.85191e-05 0)
(1.03895 -2.68234e-05 0)
(1.03895 -4.51636e-05 0)
(1.03895 -7.59777e-05 0)
(1.03893 -0.000208592 0)
(1.03892 -0.00055471 0)
(1.03898 -0.001967 0)
(1.03921 -0.00392551 0)
(0.975315 -0.0610173 0)
(1.05871 -0.0294507 0)
(1.02846 -0.00750953 0)
(1.04305 -0.000351664 0)
(1.03683 0.000482452 0)
(1.03955 -0.000245415 0)
(1.03845 -0.000447153 0)
(1.03898 -0.000553656 0)
(1.0388 -0.000485458 0)
(1.03892 -0.000429598 0)
(1.0389 -0.000361561 0)
(1.03893 -0.000309173 0)
(1.03893 -0.000261429 0)
(1.03894 -0.000222701 0)
(1.03894 -0.00018998 0)
(1.03895 -0.000162272 0)
(1.03895 -0.000137642 0)
(1.03895 -0.000116129 0)
(1.03895 -9.7286e-05 0)
(1.03895 -8.09409e-05 0)
(1.03895 -6.67879e-05 0)
(1.03894 -5.46653e-05 0)
(1.03894 -4.42985e-05 0)
(1.03894 -3.55051e-05 0)
(1.03894 -2.8233e-05 0)
(1.03894 -2.23076e-05 0)
(1.03894 -1.74595e-05 0)
(1.03894 -1.35627e-05 0)
(1.03894 -1.04519e-05 0)
(1.03894 -8.03608e-06 0)
(1.03894 -6.09229e-06 0)
(1.03894 -4.61143e-06 0)
(1.03894 -3.45539e-06 0)
(1.03894 -2.64223e-06 0)
(1.03894 -1.96541e-06 0)
(1.03893 -1.44324e-06 0)
(1.03893 -1.04786e-06 0)
(1.03893 -7.72985e-07 0)
(1.03893 -5.23179e-07 0)
(1.03893 -3.91557e-07 0)
(1.03893 -2.79827e-07 0)
(1.03893 -2.14044e-07 0)
(1.03893 -1.45018e-07 0)
(1.03893 -1.48082e-07 0)
(1.03893 -1.16416e-07 0)
(1.03893 -1.19644e-07 0)
(1.03893 -7.77849e-08 0)
(1.03893 -9.32321e-08 0)
(1.03893 -8.73132e-08 0)
(1.03893 -8.21784e-08 0)
(1.03893 -4.28788e-08 0)
(1.03893 -6.95858e-08 0)
(1.03893 -3.63816e-08 0)
(1.03893 -3.62707e-08 0)
(1.03893 -1.77014e-08 0)
(1.03893 -4.2542e-08 0)
(1.03893 -3.50773e-08 0)
(1.03893 -6.16324e-08 0)
(1.03893 -6.98307e-08 0)
(1.03893 -1.12768e-07 0)
(1.03893 -9.55125e-08 0)
(1.03893 -1.03763e-07 0)
(1.03893 -9.71916e-08 0)
(1.03893 -9.87078e-08 0)
(1.03893 -4.66684e-08 0)
(1.03893 -4.39625e-08 0)
(1.03893 -1.27783e-08 0)
(1.03893 -1.10027e-08 0)
(1.03893 3.08604e-08 0)
(1.03893 2.49257e-08 0)
(1.03893 2.42673e-08 0)
(1.03893 1.38907e-08 0)
(1.03893 2.079e-08 0)
(1.03893 -1.51245e-08 0)
(1.03893 -8.30065e-09 0)
(1.03893 -2.78821e-08 0)
(1.03893 -4.33743e-08 0)
(1.03893 -1.04191e-07 0)
(1.03893 -1.38675e-07 0)
(1.03893 -2.14478e-07 0)
(1.03893 -3.19654e-07 0)
(1.03893 -4.82786e-07 0)
(1.03893 -6.64187e-07 0)
(1.03893 -9.52476e-07 0)
(1.03893 -1.31665e-06 0)
(1.03893 -1.808e-06 0)
(1.03893 -2.48668e-06 0)
(1.03893 -3.44929e-06 0)
(1.03893 -4.77325e-06 0)
(1.03893 -6.60525e-06 0)
(1.03893 -9.20909e-06 0)
(1.03893 -1.2792e-05 0)
(1.03893 -1.84421e-05 0)
(1.03893 -2.62496e-05 0)
(1.03892 -4.32733e-05 0)
(1.03891 -7.22098e-05 0)
(1.03889 -0.000201502 0)
(1.03882 -0.000550016 0)
(1.03882 -0.00196719 0)
(1.03856 -0.00394885 0)
(0.977415 -0.0690911 0)
(1.06098 -0.0309876 0)
(1.02893 -0.00758134 0)
(1.04335 -0.000398862 0)
(1.03723 0.000489312 0)
(1.03991 -0.000265183 0)
(1.0388 -0.000450867 0)
(1.03927 -0.000559541 0)
(1.03904 -0.000487808 0)
(1.03911 -0.000431537 0)
(1.03905 -0.000362312 0)
(1.03905 -0.000309485 0)
(1.03902 -0.000261374 0)
(1.03901 -0.000222454 0)
(1.03899 -0.000189507 0)
(1.03898 -0.000161665 0)
(1.03896 -0.000136996 0)
(1.03895 -0.000115489 0)
(1.03894 -9.67045e-05 0)
(1.03893 -8.04265e-05 0)
(1.03892 -6.63472e-05 0)
(1.03892 -5.43257e-05 0)
(1.03891 -4.40786e-05 0)
(1.0389 -3.53997e-05 0)
(1.0389 -2.82338e-05 0)
(1.0389 -2.24026e-05 0)
(1.03889 -1.76392e-05 0)
(1.03889 -1.38192e-05 0)
(1.03889 -1.07562e-05 0)
(1.03889 -8.38081e-06 0)
(1.03889 -6.47781e-06 0)
(1.03888 -5.02078e-06 0)
(1.03888 -3.87365e-06 0)
(1.03888 -3.06394e-06 0)
(1.03888 -2.40152e-06 0)
(1.03888 -1.86928e-06 0)
(1.03888 -1.46834e-06 0)
(1.03888 -1.20644e-06 0)
(1.03888 -9.65823e-07 0)
(1.03888 -8.3744e-07 0)
(1.03888 -7.37854e-07 0)
(1.03888 -6.80289e-07 0)
(1.03888 -6.10476e-07 0)
(1.03888 -6.09035e-07 0)
(1.03888 -5.80457e-07 0)
(1.03888 -5.89316e-07 0)
(1.03888 -5.49933e-07 0)
(1.03888 -5.55928e-07 0)
(1.03888 -5.51706e-07 0)
(1.03888 -5.53037e-07 0)
(1.03888 -5.10168e-07 0)
(1.03888 -5.31907e-07 0)
(1.03888 -5.053e-07 0)
(1.03888 -5.03326e-07 0)
(1.03888 -4.84218e-07 0)
(1.03888 -5.09803e-07 0)
(1.03888 -5.04491e-07 0)
(1.03888 -5.28736e-07 0)
(1.03888 -5.33156e-07 0)
(1.03888 -5.75206e-07 0)
(1.03888 -5.63069e-07 0)
(1.03888 -5.67127e-07 0)
(1.03888 -5.58125e-07 0)
(1.03888 -5.63822e-07 0)
(1.03888 -5.13278e-07 0)
(1.03888 -5.09023e-07 0)
(1.03888 -4.83395e-07 0)
(1.03888 -4.84982e-07 0)
(1.03888 -4.44293e-07 0)
(1.03888 -4.45329e-07 0)
(1.03888 -4.50839e-07 0)
(1.03888 -4.65907e-07 0)
(1.03888 -4.55197e-07 0)
(1.03888 -4.87776e-07 0)
(1.03888 -4.85484e-07 0)
(1.03888 -5.01697e-07 0)
(1.03888 -5.11872e-07 0)
(1.03888 -5.73134e-07 0)
(1.03888 -6.0885e-07 0)
(1.03888 -6.7691e-07 0)
(1.03888 -7.75655e-07 0)
(1.03888 -9.36069e-07 0)
(1.03888 -1.11294e-06 0)
(1.03888 -1.39186e-06 0)
(1.03888 -1.7587e-06 0)
(1.03888 -2.27647e-06 0)
(1.03888 -2.96872e-06 0)
(1.03888 -3.93921e-06 0)
(1.03888 -5.27389e-06 0)
(1.03888 -7.09817e-06 0)
(1.03888 -9.64937e-06 0)
(1.03888 -1.31109e-05 0)
(1.03887 -1.84191e-05 0)
(1.03887 -2.5496e-05 0)
(1.03886 -4.06177e-05 0)
(1.03884 -6.66502e-05 0)
(1.03881 -0.000188582 0)
(1.03869 -0.000530376 0)
(1.03863 -0.00191172 0)
(1.03784 -0.00385995 0)
(0.980006 -0.077934 0)
(1.06351 -0.0320469 0)
(1.02938 -0.0074599 0)
(1.04358 -0.000443836 0)
(1.03757 0.000489391 0)
(1.04019 -0.00027949 0)
(1.03908 -0.000443165 0)
(1.03947 -0.000552036 0)
(1.03919 -0.000478283 0)
(1.03921 -0.000423123 0)
(1.03911 -0.000354437 0)
(1.03907 -0.000302569 0)
(1.03902 -0.000255342 0)
(1.03898 -0.000217266 0)
(1.03894 -0.000184976 0)
(1.03891 -0.000157703 0)
(1.03888 -0.000133614 0)
(1.03885 -0.000112659 0)
(1.03883 -9.4408e-05 0)
(1.03881 -7.86192e-05 0)
(1.03879 -6.49828e-05 0)
(1.03878 -5.33753e-05 0)
(1.03877 -4.35233e-05 0)
(1.03876 -3.51959e-05 0)
(1.03875 -2.83338e-05 0)
(1.03875 -2.27553e-05 0)
(1.03874 -1.81981e-05 0)
(1.03874 -1.45503e-05 0)
(1.03873 -1.16142e-05 0)
(1.03873 -9.32913e-06 0)
(1.03873 -7.50131e-06 0)
(1.03873 -6.09288e-06 0)
(1.03873 -4.96912e-06 0)
(1.03873 -4.16284e-06 0)
(1.03873 -3.53144e-06 0)
(1.03872 -3.02987e-06 0)
(1.03872 -2.6493e-06 0)
(1.03872 -2.40862e-06 0)
(1.03872 -2.18917e-06 0)
(1.03872 -2.07309e-06 0)
(1.03872 -1.99186e-06 0)
(1.03872 -1.94495e-06 0)
(1.03872 -1.87766e-06 0)
(1.03872 -1.86958e-06 0)
(1.03872 -1.84418e-06 0)
(1.03872 -1.85724e-06 0)
(1.03872 -1.82225e-06 0)
(1.03872 -1.81965e-06 0)
(1.03872 -1.81405e-06 0)
(1.03872 -1.821e-06 0)
(1.03872 -1.77852e-06 0)
(1.03872 -1.79335e-06 0)
(1.03872 -1.77402e-06 0)
(1.03872 -1.7718e-06 0)
(1.03872 -1.7522e-06 0)
(1.03872 -1.77668e-06 0)
(1.03872 -1.77422e-06 0)
(1.03872 -1.79598e-06 0)
(1.03872 -1.79704e-06 0)
(1.03872 -1.83483e-06 0)
(1.03872 -1.82884e-06 0)
(1.03872 -1.82951e-06 0)
(1.03872 -1.81912e-06 0)
(1.03872 -1.82966e-06 0)
(1.03872 -1.78438e-06 0)
(1.03872 -1.77814e-06 0)
(1.03872 -1.75582e-06 0)
(1.03872 -1.76076e-06 0)
(1.03872 -1.72355e-06 0)
(1.03872 -1.71953e-06 0)
(1.03872 -1.72706e-06 0)
(1.03872 -1.74588e-06 0)
(1.03872 -1.73353e-06 0)
(1.03872 -1.76133e-06 0)
(1.03872 -1.76346e-06 0)
(1.03872 -1.77863e-06 0)
(1.03872 -1.78302e-06 0)
(1.03872 -1.84077e-06 0)
(1.03872 -1.87863e-06 0)
(1.03872 -1.93764e-06 0)
(1.03872 -2.02625e-06 0)
(1.03872 -2.17263e-06 0)
(1.03872 -2.33589e-06 0)
(1.03872 -2.59439e-06 0)
(1.03872 -2.94535e-06 0)
(1.03872 -3.44922e-06 0)
(1.03872 -4.13637e-06 0)
(1.03872 -5.11264e-06 0)
(1.03872 -6.44297e-06 0)
(1.03872 -8.23126e-06 0)
(1.03872 -1.06789e-05 0)
(1.03871 -1.39424e-05 0)
(1.03871 -1.87823e-05 0)
(1.0387 -2.4944e-05 0)
(1.03869 -3.7695e-05 0)
(1.03866 -5.99498e-05 0)
(1.03863 -0.00017069 0)
(1.03847 -0.000496097 0)
(1.03834 -0.00179872 0)
(1.03701 -0.0036508 0)
(0.983097 -0.0876426 0)
(1.06613 -0.0325016 0)
(1.02961 -0.00711638 0)
(1.0435 -0.000480099 0)
(1.03766 0.000484397 0)
(1.04019 -0.000284432 0)
(1.03907 -0.000421122 0)
(1.03937 -0.000527941 0)
(1.03905 -0.000454101 0)
(1.039 -0.000401769 0)
(1.03886 -0.000335596 0)
(1.03878 -0.000286245 0)
(1.0387 -0.000241293 0)
(1.03863 -0.000205206 0)
(1.03857 -0.000174548 0)
(1.03852 -0.000148604 0)
(1.03847 -0.000125746 0)
(1.03843 -0.000105908 0)
(1.0384 -8.86702e-05 0)
(1.03837 -7.3786e-05 0)
(1.03835 -6.09445e-05 0)
(1.03833 -5.00313e-05 0)
(1.03831 -4.07995e-05 0)
(1.0383 -3.29955e-05 0)
(1.03829 -2.65554e-05 0)
(1.03828 -2.13557e-05 0)
(1.03827 -1.71372e-05 0)
(1.03827 -1.37706e-05 0)
(1.03826 -1.10598e-05 0)
(1.03826 -8.94291e-06 0)
(1.03826 -7.25773e-06 0)
(1.03825 -5.96219e-06 0)
(1.03825 -4.92492e-06 0)
(1.03825 -4.17798e-06 0)
(1.03825 -3.60581e-06 0)
(1.03825 -3.15966e-06 0)
(1.03825 -2.81998e-06 0)
(1.03825 -2.60351e-06 0)
(1.03825 -2.40899e-06 0)
(1.03825 -2.30231e-06 0)
(1.03825 -2.23176e-06 0)
(1.03825 -2.19576e-06 0)
(1.03825 -2.13492e-06 0)
(1.03825 -2.11968e-06 0)
(1.03825 -2.09691e-06 0)
(1.03825 -2.11238e-06 0)
(1.03825 -2.08302e-06 0)
(1.03825 -2.07427e-06 0)
(1.03825 -2.06602e-06 0)
(1.03825 -2.0776e-06 0)
(1.03825 -2.03926e-06 0)
(1.03825 -2.04634e-06 0)
(1.03825 -2.034e-06 0)
(1.03825 -2.03295e-06 0)
(1.03825 -2.01269e-06 0)
(1.03825 -2.03404e-06 0)
(1.03825 -2.0344e-06 0)
(1.03825 -2.05315e-06 0)
(1.03825 -2.05097e-06 0)
(1.03825 -2.08219e-06 0)
(1.03825 -2.08253e-06 0)
(1.03825 -2.08239e-06 0)
(1.03825 -2.07142e-06 0)
(1.03825 -2.08721e-06 0)
(1.03825 -2.05005e-06 0)
(1.03825 -2.04156e-06 0)
(1.03825 -2.02002e-06 0)
(1.03825 -2.02677e-06 0)
(1.03825 -1.99489e-06 0)
(1.03825 -1.98667e-06 0)
(1.03825 -1.99419e-06 0)
(1.03825 -2.01526e-06 0)
(1.03825 -2.00356e-06 0)
(1.03825 -2.0258e-06 0)
(1.03825 -2.03174e-06 0)
(1.03825 -2.04823e-06 0)
(1.03825 -2.04714e-06 0)
(1.03825 -2.09743e-06 0)
(1.03825 -2.1357e-06 0)
(1.03825 -2.18521e-06 0)
(1.03825 -2.26109e-06 0)
(1.03825 -2.396e-06 0)
(1.03825 -2.54923e-06 0)
(1.03825 -2.78565e-06 0)
(1.03825 -3.10757e-06 0)
(1.03825 -3.56744e-06 0)
(1.03825 -4.21974e-06 0)
(1.03824 -5.1355e-06 0)
(1.03824 -6.38917e-06 0)
(1.03824 -8.06783e-06 0)
(1.03824 -1.03304e-05 0)
(1.03824 -1.33003e-05 0)
(1.03823 -1.75509e-05 0)
(1.03822 -2.26646e-05 0)
(1.03821 -3.28068e-05 0)
(1.03818 -5.07738e-05 0)
(1.03814 -0.000147126 0)
(1.03794 -0.0004462 0)
(1.03774 -0.00162592 0)
(1.03587 -0.00331318 0)
(0.986399 -0.0982519 0)
(1.06826 -0.0321903 0)
(1.02899 -0.00652556 0)
(1.04247 -0.000504338 0)
(1.03684 0.000470698 0)
(1.03926 -0.000279566 0)
(1.03813 -0.000385844 0)
(1.03834 -0.000488332 0)
(1.03796 -0.000416584 0)
(1.03785 -0.000368764 0)
(1.03767 -0.000306984 0)
(1.03755 -0.000261499 0)
(1.03743 -0.000219907 0)
(1.03733 -0.000186593 0)
(1.03725 -0.000158227 0)
(1.03718 -0.000134384 0)
(1.03712 -0.000113429 0)
(1.03706 -9.52685e-05 0)
(1.03702 -7.94989e-05 0)
(1.03698 -6.58914e-05 0)
(1.03695 -5.41339e-05 0)
(1.03692 -4.41086e-05 0)
(1.0369 -3.56045e-05 0)
(1.03689 -2.83445e-05 0)
(1.03687 -2.22632e-05 0)
(1.03686 -1.74654e-05 0)
(1.03685 -1.37133e-05 0)
(1.03685 -1.07383e-05 0)
(1.03684 -8.35057e-06 0)
(1.03684 -6.48627e-06 0)
(1.03683 -5.01831e-06 0)
(1.03683 -3.90663e-06 0)
(1.03683 -3.0276e-06 0)
(1.03683 -2.40763e-06 0)
(1.03683 -1.93314e-06 0)
(1.03682 -1.54731e-06 0)
(1.03682 -1.2462e-06 0)
(1.03682 -1.05837e-06 0)
(1.03682 -8.94161e-07 0)
(1.03682 -7.99838e-07 0)
(1.03682 -7.37278e-07 0)
(1.03682 -7.11268e-07 0)
(1.03682 -6.5997e-07 0)
(1.03682 -6.39522e-07 0)
(1.03682 -6.18127e-07 0)
(1.03682 -6.34043e-07 0)
(1.03682 -6.10382e-07 0)
(1.03682 -5.98793e-07 0)
(1.03682 -5.87525e-07 0)
(1.03682 -6.02544e-07 0)
(1.03682 -5.71193e-07 0)
(1.03682 -5.71257e-07 0)
(1.03682 -5.64497e-07 0)
(1.03682 -5.66492e-07 0)
(1.03682 -5.45295e-07 0)
(1.03682 -5.61943e-07 0)
(1.03682 -5.64197e-07 0)
(1.03682 -5.80178e-07 0)
(1.03682 -5.75081e-07 0)
(1.03682 -5.98623e-07 0)
(1.03682 -6.04385e-07 0)
(1.03682 -6.06315e-07 0)
(1.03682 -5.95331e-07 0)
(1.03682 -6.15725e-07 0)
(1.03682 -5.88107e-07 0)
(1.03682 -5.77578e-07 0)
(1.03682 -5.5496e-07 0)
(1.03682 -5.62216e-07 0)
(1.03682 -5.36676e-07 0)
(1.03682 -5.26502e-07 0)
(1.03682 -5.32102e-07 0)
(1.03682 -5.54159e-07 0)
(1.03682 -5.4491e-07 0)
(1.03682 -5.60996e-07 0)
(1.03682 -5.68993e-07 0)
(1.03682 -5.88162e-07 0)
(1.03682 -5.82517e-07 0)
(1.03682 -6.22336e-07 0)
(1.03682 -6.57943e-07 0)
(1.03682 -6.98963e-07 0)
(1.03682 -7.60341e-07 0)
(1.03682 -8.80529e-07 0)
(1.03682 -1.02227e-06 0)
(1.03682 -1.23178e-06 0)
(1.03682 -1.51676e-06 0)
(1.03682 -1.93201e-06 0)
(1.03682 -2.50201e-06 0)
(1.03682 -3.27795e-06 0)
(1.03682 -4.37086e-06 0)
(1.03681 -5.85574e-06 0)
(1.03681 -7.84806e-06 0)
(1.03681 -1.04321e-05 0)
(1.0368 -1.39958e-05 0)
(1.03679 -1.80003e-05 0)
(1.03677 -2.5665e-05 0)
(1.03674 -3.94194e-05 0)
(1.0367 -0.000119383 0)
(1.03647 -0.000383958 0)
(1.03621 -0.00139875 0)
(1.03382 -0.00284706 0)
(0.988583 -0.109936 0)
(1.06798 -0.0309655 0)
(1.02562 -0.00570075 0)
(1.03853 -0.000550184 0)
(1.0332 0.000405282 0)
(1.03548 -0.00030042 0)
(1.03436 -0.000374709 0)
(1.03446 -0.000470719 0)
(1.03403 -0.000403266 0)
(1.03386 -0.000361391 0)
(1.03362 -0.000305456 0)
(1.03346 -0.000264644 0)
(1.03331 -0.000226786 0)
(1.03319 -0.000196216 0)
(1.03308 -0.000170114 0)
(1.03299 -0.000149275 0)
(1.03291 -0.000131055 0)
(1.03284 -0.000115305 0)
(1.03279 -0.000101651 0)
(1.03274 -8.99136e-05 0)
(1.0327 -7.97957e-05 0)
(1.03267 -7.11767e-05 0)
(1.03264 -6.39025e-05 0)
(1.03262 -5.76993e-05 0)
(1.03261 -5.24929e-05 0)
(1.03259 -4.84165e-05 0)
(1.03258 -4.52512e-05 0)
(1.03257 -4.2756e-05 0)
(1.03257 -4.07581e-05 0)
(1.03256 -3.91987e-05 0)
(1.03256 -3.79832e-05 0)
(1.03256 -3.70758e-05 0)
(1.03255 -3.63661e-05 0)
(1.03255 -3.5874e-05 0)
(1.03255 -3.55082e-05 0)
(1.03255 -3.52037e-05 0)
(1.03255 -3.49497e-05 0)
(1.03255 -3.47953e-05 0)
(1.03255 -3.46665e-05 0)
(1.03255 -3.45893e-05 0)
(1.03255 -3.45338e-05 0)
(1.03255 -3.45162e-05 0)
(1.03255 -3.44761e-05 0)
(1.03255 -3.44548e-05 0)
(1.03255 -3.44336e-05 0)
(1.03255 -3.4448e-05 0)
(1.03255 -3.44292e-05 0)
(1.03255 -3.44181e-05 0)
(1.03255 -3.44042e-05 0)
(1.03255 -3.44215e-05 0)
(1.03255 -3.43985e-05 0)
(1.03255 -3.43934e-05 0)
(1.03255 -3.43897e-05 0)
(1.03255 -3.43969e-05 0)
(1.03255 -3.43749e-05 0)
(1.03255 -3.43859e-05 0)
(1.03255 -3.43886e-05 0)
(1.03255 -3.4403e-05 0)
(1.03255 -3.43958e-05 0)
(1.03255 -3.44119e-05 0)
(1.03255 -3.4421e-05 0)
(1.03255 -3.44275e-05 0)
(1.03255 -3.44161e-05 0)
(1.03255 -3.44392e-05 0)
(1.03255 -3.44213e-05 0)
(1.03255 -3.44094e-05 0)
(1.03255 -3.43852e-05 0)
(1.03255 -3.43923e-05 0)
(1.03255 -3.43731e-05 0)
(1.03255 -3.43641e-05 0)
(1.03255 -3.4366e-05 0)
(1.03255 -3.43882e-05 0)
(1.03255 -3.43827e-05 0)
(1.03255 -3.43921e-05 0)
(1.03255 -3.43996e-05 0)
(1.03255 -3.44214e-05 0)
(1.03255 -3.44125e-05 0)
(1.03255 -3.44406e-05 0)
(1.03255 -3.44702e-05 0)
(1.03255 -3.45047e-05 0)
(1.03255 -3.45512e-05 0)
(1.03255 -3.46516e-05 0)
(1.03255 -3.47777e-05 0)
(1.03255 -3.49547e-05 0)
(1.03255 -3.51902e-05 0)
(1.03254 -3.55403e-05 0)
(1.03254 -3.60003e-05 0)
(1.03254 -3.66319e-05 0)
(1.03254 -3.7543e-05 0)
(1.03254 -3.87974e-05 0)
(1.03253 -4.04741e-05 0)
(1.03253 -4.26152e-05 0)
(1.03252 -4.54439e-05 0)
(1.03251 -4.8345e-05 0)
(1.03249 -5.3329e-05 0)
(1.03246 -6.23883e-05 0)
(1.03242 -0.000123631 0)
(1.03218 -0.00034928 0)
(1.03185 -0.00116836 0)
(1.02902 -0.00229722 0)
(0.984986 -0.123265 0)
(1.05953 -0.0286589 0)
(1.01378 -0.00469513 0)
(1.02594 -0.000703504 0)
(1.02102 0.000183253 0)
(1.02314 -0.000445633 0)
(1.02202 -0.000485418 0)
(1.02202 -0.000569437 0)
(1.02153 -0.000510331 0)
(1.02129 -0.000477084 0)
(1.02101 -0.000430764 0)
(1.02081 -0.000397667 0)
(1.02063 -0.00036665 0)
(1.02048 -0.000341675 0)
(1.02034 -0.000320332 0)
(1.02023 -0.000303526 0)
(1.02014 -0.000288884 0)
(1.02006 -0.000276285 0)
(1.02 -0.000265394 0)
(1.01994 -0.000256106 0)
(1.0199 -0.000248163 0)
(1.01986 -0.000241444 0)
(1.01983 -0.000235866 0)
(1.0198 -0.000231195 0)
(1.01979 -0.000227337 0)
(1.01977 -0.000224275 0)
(1.01976 -0.000221809 0)
(1.01975 -0.000219869 0)
(1.01974 -0.000218315 0)
(1.01974 -0.000217102 0)
(1.01973 -0.000216166 0)
(1.01973 -0.000215473 0)
(1.01973 -0.000214929 0)
(1.01973 -0.00021455 0)
(1.01972 -0.000214271 0)
(1.01972 -0.000214046 0)
(1.01972 -0.000213849 0)
(1.01972 -0.000213731 0)
(1.01972 -0.000213639 0)
(1.01972 -0.000213582 0)
(1.01972 -0.000213535 0)
(1.01972 -0.000213525 0)
(1.01972 -0.000213496 0)
(1.01972 -0.000213478 0)
(1.01972 -0.000213457 0)
(1.01972 -0.00021347 0)
(1.01972 -0.000213455 0)
(1.01972 -0.000213446 0)
(1.01972 -0.000213431 0)
(1.01972 -0.000213449 0)
(1.01972 -0.000213434 0)
(1.01972 -0.000213427 0)
(1.01972 -0.000213423 0)
(1.01972 -0.000213435 0)
(1.01972 -0.000213414 0)
(1.01972 -0.00021342 0)
(1.01972 -0.000213422 0)
(1.01972 -0.000213435 0)
(1.01972 -0.000213428 0)
(1.01972 -0.000213438 0)
(1.01972 -0.000213448 0)
(1.01972 -0.000213459 0)
(1.01972 -0.000213447 0)
(1.01972 -0.00021347 0)
(1.01972 -0.000213461 0)
(1.01972 -0.000213449 0)
(1.01972 -0.000213423 0)
(1.01972 -0.00021343 0)
(1.01972 -0.000213417 0)
(1.01972 -0.000213412 0)
(1.01972 -0.00021341 0)
(1.01972 -0.000213431 0)
(1.01972 -0.000213429 0)
(1.01972 -0.000213433 0)
(1.01972 -0.000213437 0)
(1.01972 -0.00021346 0)
(1.01972 -0.000213449 0)
(1.01972 -0.000213466 0)
(1.01972 -0.000213487 0)
(1.01972 -0.000213516 0)
(1.01972 -0.000213548 0)
(1.01972 -0.000213624 0)
(1.01972 -0.000213729 0)
(1.01972 -0.000213869 0)
(1.01972 -0.000214045 0)
(1.01972 -0.000214321 0)
(1.01972 -0.000214684 0)
(1.01971 -0.000215178 0)
(1.01971 -0.000215895 0)
(1.01971 -0.000216887 0)
(1.0197 -0.000218204 0)
(1.0197 -0.000219853 0)
(1.01969 -0.000221925 0)
(1.01968 -0.000223801 0)
(1.01966 -0.000226176 0)
(1.01963 -0.000230554 0)
(1.0196 -0.000271565 0)
(1.01935 -0.000444153 0)
(1.01899 -0.00104978 0)
(1.01589 -0.00176944 0)
(0.960343 -0.135884 0)
(1.02537 -0.0244325 0)
(0.976344 -0.00334617 0)
(0.987433 -0.000827061 0)
(0.983118 -0.000104701 0)
(0.985019 -0.000610424 0)
(0.98394 -0.000617223 0)
(0.983839 -0.000682215 0)
(0.983307 -0.000635788 0)
(0.983017 -0.000613049 0)
(0.982701 -0.000579502 0)
(0.982465 -0.000556368 0)
(0.982253 -0.000534489 0)
(0.98208 -0.000517099 0)
(0.981932 -0.000502446 0)
(0.981807 -0.000490555 0)
(0.981702 -0.000480194 0)
(0.981613 -0.000471319 0)
(0.98154 -0.000463654 0)
(0.981479 -0.000457165 0)
(0.981429 -0.000451647 0)
(0.981388 -0.000446983 0)
(0.981355 -0.000443152 0)
(0.981329 -0.000439973 0)
(0.981309 -0.000437345 0)
(0.981292 -0.000435267 0)
(0.98128 -0.00043359 0)
(0.98127 -0.000432278 0)
(0.981262 -0.00043122 0)
(0.981257 -0.000430393 0)
(0.981253 -0.000429765 0)
(0.981249 -0.000429311 0)
(0.981247 -0.000428949 0)
(0.981245 -0.00042869 0)
(0.981244 -0.000428495 0)
(0.981243 -0.000428353 0)
(0.981242 -0.000428223 0)
(0.981242 -0.000428145 0)
(0.981241 -0.000428088 0)
(0.981241 -0.000428052 0)
(0.981241 -0.000428014 0)
(0.981241 -0.000428011 0)
(0.981241 -0.000427995 0)
(0.981241 -0.000427981 0)
(0.981241 -0.000427961 0)
(0.981241 -0.000427973 0)
(0.98124 -0.000427966 0)
(0.98124 -0.000427959 0)
(0.98124 -0.000427943 0)
(0.98124 -0.00042796 0)
(0.98124 -0.000427954 0)
(0.98124 -0.000427947 0)
(0.98124 -0.00042794 0)
(0.98124 -0.000427955 0)
(0.98124 -0.000427938 0)
(0.98124 -0.000427938 0)
(0.98124 -0.000427938 0)
(0.98124 -0.000427952 0)
(0.98124 -0.000427946 0)
(0.98124 -0.00042795 0)
(0.98124 -0.000427959 0)
(0.98124 -0.000427974 0)
(0.98124 -0.00042796 0)
(0.98124 -0.000427978 0)
(0.98124 -0.000427978 0)
(0.98124 -0.000427968 0)
(0.98124 -0.000427943 0)
(0.98124 -0.00042795 0)
(0.98124 -0.000427943 0)
(0.98124 -0.000427942 0)
(0.98124 -0.000427935 0)
(0.98124 -0.000427954 0)
(0.98124 -0.000427956 0)
(0.98124 -0.000427954 0)
(0.98124 -0.000427954 0)
(0.98124 -0.000427976 0)
(0.98124 -0.000427965 0)
(0.98124 -0.000427972 0)
(0.98124 -0.000427985 0)
(0.98124 -0.000428008 0)
(0.98124 -0.000428027 0)
(0.98124 -0.000428074 0)
(0.981239 -0.00042815 0)
(0.981239 -0.000428249 0)
(0.981238 -0.000428358 0)
(0.981237 -0.000428547 0)
(0.981236 -0.000428801 0)
(0.981234 -0.000429137 0)
(0.981231 -0.000429625 0)
(0.981227 -0.000430307 0)
(0.981222 -0.000431208 0)
(0.981215 -0.000432309 0)
(0.981205 -0.000433616 0)
(0.981192 -0.000434624 0)
(0.981177 -0.000435265 0)
(0.981151 -0.00043638 0)
(0.98113 -0.000458814 0)
(0.980907 -0.000569105 0)
(0.98054 -0.000943184 0)
(0.977592 -0.00117812 0)
(0.864939 -0.128443 0)
(0.911602 -0.0160039 0)
(0.861978 -0.000988043 0)
(0.871366 6.96633e-05 0)
(0.867974 0.0005042 0)
(0.869558 0.000189061 0)
(0.868593 0.000199912 0)
(0.868417 0.000161553 0)
(0.867893 0.000190361 0)
(0.867584 0.000202552 0)
(0.867264 0.000221683 0)
(0.867022 0.000234428 0)
(0.866807 0.000246668 0)
(0.866632 0.000256343 0)
(0.866482 0.000264384 0)
(0.866356 0.000270802 0)
(0.866251 0.000276394 0)
(0.866163 0.000281154 0)
(0.86609 0.000285257 0)
(0.86603 0.00028869 0)
(0.865981 0.000291589 0)
(0.865941 0.000294052 0)
(0.865909 0.000296057 0)
(0.865884 0.000297711 0)
(0.865864 0.000299089 0)
(0.865849 0.000300159 0)
(0.865837 0.000301006 0)
(0.865828 0.000301662 0)
(0.865821 0.000302209 0)
(0.865815 0.000302646 0)
(0.865812 0.000302961 0)
(0.865809 0.000303164 0)
(0.865806 0.000303333 0)
(0.865805 0.000303469 0)
(0.865804 0.000303584 0)
(0.865803 0.000303654 0)
(0.865802 0.00030371 0)
(0.865802 0.000303741 0)
(0.865801 0.000303768 0)
(0.865801 0.000303792 0)
(0.865801 0.000303819 0)
(0.865801 0.000303814 0)
(0.865801 0.000303818 0)
(0.865801 0.000303828 0)
(0.865801 0.000303845 0)
(0.8658 0.000303834 0)
(0.8658 0.000303831 0)
(0.8658 0.000303835 0)
(0.8658 0.000303851 0)
(0.8658 0.000303837 0)
(0.8658 0.000303837 0)
(0.8658 0.000303839 0)
(0.8658 0.000303847 0)
(0.8658 0.000303839 0)
(0.8658 0.000303851 0)
(0.8658 0.000303853 0)
(0.8658 0.000303855 0)
(0.8658 0.000303845 0)
(0.8658 0.000303849 0)
(0.8658 0.000303848 0)
(0.8658 0.000303842 0)
(0.8658 0.000303829 0)
(0.8658 0.000303841 0)
(0.8658 0.000303829 0)
(0.8658 0.000303822 0)
(0.8658 0.000303829 0)
(0.8658 0.000303848 0)
(0.8658 0.000303844 0)
(0.8658 0.000303846 0)
(0.8658 0.000303845 0)
(0.8658 0.000303853 0)
(0.8658 0.000303841 0)
(0.8658 0.000303838 0)
(0.8658 0.000303842 0)
(0.8658 0.000303843 0)
(0.8658 0.000303826 0)
(0.8658 0.000303835 0)
(0.8658 0.000303835 0)
(0.8658 0.000303827 0)
(0.8658 0.000303813 0)
(0.8658 0.000303806 0)
(0.8658 0.000303788 0)
(0.865799 0.000303746 0)
(0.865799 0.000303691 0)
(0.865798 0.000303642 0)
(0.865797 0.000303544 0)
(0.865796 0.000303405 0)
(0.865794 0.00030323 0)
(0.865792 0.00030298 0)
(0.865788 0.000302623 0)
(0.865783 0.000302155 0)
(0.865775 0.0003016 0)
(0.865766 0.000300986 0)
(0.865753 0.000300622 0)
(0.865741 0.000300843 0)
(0.865722 0.000301433 0)
(0.865716 0.000293316 0)
(0.865544 0.000239529 0)
(0.865251 7.33965e-05 0)
(0.863184 0.000219132 0)
(0.53757 -0.0563933 0)
(0.552203 -0.00359674 0)
(0.517077 0.00176399 0)
(0.522898 0.002001 0)
(0.52108 0.00213051 0)
(0.522009 0.00203738 0)
(0.521396 0.00204447 0)
(0.52124 0.00203453 0)
(0.520889 0.00204377 0)
(0.520671 0.00204751 0)
(0.520455 0.00205317 0)
(0.520289 0.00205682 0)
(0.520144 0.00206021 0)
(0.520026 0.00206279 0)
(0.519925 0.00206496 0)
(0.519841 0.00206671 0)
(0.519771 0.00206822 0)
(0.519713 0.00206947 0)
(0.519665 0.00207053 0)
(0.519626 0.0020714 0)
(0.519594 0.00207212 0)
(0.519569 0.00207274 0)
(0.519548 0.00207323 0)
(0.519532 0.00207363 0)
(0.51952 0.00207397 0)
(0.51951 0.00207423 0)
(0.519503 0.00207442 0)
(0.519497 0.00207458 0)
(0.519493 0.00207471 0)
(0.519489 0.00207482 0)
(0.519487 0.00207489 0)
(0.519485 0.00207493 0)
(0.519484 0.00207496 0)
(0.519483 0.002075 0)
(0.519482 0.00207504 0)
(0.519482 0.00207505 0)
(0.519481 0.00207506 0)
(0.519481 0.00207506 0)
(0.519481 0.00207507 0)
(0.519481 0.00207508 0)
(0.519481 0.00207509 0)
(0.51948 0.00207509 0)
(0.51948 0.00207508 0)
(0.51948 0.00207509 0)
(0.51948 0.0020751 0)
(0.51948 0.00207509 0)
(0.51948 0.00207508 0)
(0.51948 0.00207508 0)
(0.51948 0.00207509 0)
(0.51948 0.00207509 0)
(0.51948 0.00207509 0)
(0.51948 0.00207509 0)
(0.51948 0.00207509 0)
(0.51948 0.00207509 0)
(0.51948 0.00207509 0)
(0.51948 0.00207509 0)
(0.51948 0.00207509 0)
(0.51948 0.00207509 0)
(0.51948 0.00207509 0)
(0.51948 0.00207509 0)
(0.51948 0.00207509 0)
(0.51948 0.00207509 0)
(0.51948 0.00207509 0)
(0.51948 0.00207509 0)
(0.51948 0.00207509 0)
(0.51948 0.00207509 0)
(0.51948 0.00207509 0)
(0.51948 0.00207509 0)
(0.51948 0.00207509 0)
(0.51948 0.00207509 0)
(0.51948 0.0020751 0)
(0.51948 0.00207509 0)
(0.51948 0.00207509 0)
(0.51948 0.00207509 0)
(0.51948 0.00207509 0)
(0.51948 0.00207509 0)
(0.51948 0.00207509 0)
(0.51948 0.00207509 0)
(0.51948 0.00207509 0)
(0.51948 0.00207508 0)
(0.51948 0.00207508 0)
(0.51948 0.00207508 0)
(0.51948 0.00207507 0)
(0.519479 0.00207505 0)
(0.519479 0.00207504 0)
(0.519479 0.00207501 0)
(0.519478 0.00207497 0)
(0.519476 0.00207492 0)
(0.519475 0.00207485 0)
(0.519472 0.00207475 0)
(0.519469 0.00207462 0)
(0.519464 0.00207448 0)
(0.519458 0.00207435 0)
(0.51945 0.00207432 0)
(0.519443 0.00207462 0)
(0.519435 0.00207527 0)
(0.519441 0.00207437 0)
(0.51936 0.00206117 0)
(0.519227 0.00202117 0)
(0.518637 0.00215158 0)
)
;

boundaryField
{
    inlet
    {
        type            fixedValue;
        value           uniform (1 0 0);
    }
    outlet
    {
        type            zeroGradient;
    }
    lowerWall
    {
        type            noSlip;
    }
    upperWall
    {
        type            noSlip;
    }
    frontAndBack
    {
        type            empty;
    }
}


// ************************************************************************* //
