/*--------------------------------*- C++ -*----------------------------------*\
  =========                 |
  \\      /  F ield         | OpenFOAM: The Open Source CFD Toolbox
   \\    /   O peration     | Website:  https://openfoam.org
    \\  /    A nd           | Version:  7
     \\/     M anipulation  |
\*---------------------------------------------------------------------------*/
FoamFile
{
    version     2.0;
    format      ascii;
    class       volScalarField;
    location    "1";
    object      Uy;
}
// * * * * * * * * * * * * * * * * * * * * * * * * * * * * * * * * * * * * * //

dimensions      [0 1 -1 0 0 0 0];

internalField   nonuniform List<scalar> 
4000
(
0.0563933
0.00359664
-0.00176394
-0.00200088
-0.00213055
-0.00203748
-0.00204443
-0.00203447
-0.00204381
-0.00204758
-0.00205314
-0.00205677
-0.00206025
-0.00206285
-0.00206499
-0.00206675
-0.00206824
-0.00206949
-0.00207053
-0.0020714
-0.00207212
-0.00207275
-0.00207325
-0.00207363
-0.00207396
-0.00207422
-0.00207444
-0.0020746
-0.0020747
-0.0020748
-0.00207489
-0.00207494
-0.00207497
-0.00207501
-0.00207503
-0.00207505
-0.00207505
-0.00207508
-0.00207509
-0.00207508
-0.00207507
-0.0020751
-0.00207511
-0.0020751
-0.00207509
-0.00207508
-0.00207509
-0.0020751
-0.00207509
-0.00207509
-0.00207509
-0.0020751
-0.00207509
-0.00207509
-0.00207509
-0.0020751
-0.0020751
-0.0020751
-0.00207509
-0.00207509
-0.00207509
-0.0020751
-0.00207509
-0.00207509
-0.00207509
-0.00207509
-0.00207509
-0.00207509
-0.00207509
-0.00207509
-0.00207509
-0.0020751
-0.00207509
-0.00207509
-0.00207509
-0.00207509
-0.00207509
-0.00207509
-0.00207508
-0.00207509
-0.00207509
-0.00207508
-0.00207506
-0.00207506
-0.00207504
-0.00207502
-0.00207497
-0.00207492
-0.00207485
-0.00207476
-0.00207463
-0.00207448
-0.00207434
-0.00207433
-0.00207462
-0.00207526
-0.00207437
-0.00206118
-0.00202117
-0.00215158
0.128443
0.016004
0.000988119
-6.97536e-05
-0.000504259
-0.000189035
-0.000199833
-0.000161618
-0.000190423
-0.00020248
-0.000221656
-0.000234499
-0.000246742
-0.000256327
-0.000264332
-0.000270871
-0.000276452
-0.000281203
-0.000285218
-0.000288669
-0.000291553
-0.000294018
-0.000296068
-0.000297676
-0.000299039
-0.000300148
-0.000301006
-0.000301699
-0.000302172
-0.000302595
-0.000302947
-0.000303167
-0.00030332
-0.000303481
-0.000303565
-0.00030364
-0.000303688
-0.000303761
-0.000303798
-0.000303788
-0.000303768
-0.000303847
-0.000303867
-0.00030386
-0.00030383
-0.000303812
-0.000303819
-0.000303863
-0.000303833
-0.00030384
-0.000303835
-0.000303842
-0.000303839
-0.000303844
-0.00030383
-0.00030386
-0.000303853
-0.000303848
-0.000303832
-0.000303848
-0.000303839
-0.000303853
-0.000303836
-0.000303837
-0.000303825
-0.000303844
-0.000303843
-0.000303847
-0.000303831
-0.000303844
-0.000303837
-0.000303851
-0.000303837
-0.000303825
-0.000303815
-0.000303832
-0.000303818
-0.00030382
-0.000303808
-0.000303817
-0.000303814
-0.000303794
-0.000303746
-0.000303716
-0.000303645
-0.00030356
-0.000303421
-0.000303235
-0.000302975
-0.000302636
-0.000302162
-0.000301602
-0.000300977
-0.000300637
-0.000300852
-0.000301411
-0.000293302
-0.000239535
-7.33952e-05
-0.000219121
0.135884
0.0244326
0.00334622
0.000826922
0.000104626
0.000610423
0.000617335
0.000682199
0.000635709
0.000613158
0.000579478
0.000556223
0.000534471
0.000517171
0.000502479
0.000490406
0.000480103
0.000471264
0.000463719
0.000457181
0.000451729
0.000447107
0.000443169
0.000440011
0.000437417
0.000435298
0.000433627
0.000432258
0.000431267
0.00043045
0.000429793
0.000429329
0.000429006
0.000428702
0.000428524
0.000428354
0.000428254
0.000428153
0.000428088
0.00042805
0.000428055
0.000427968
0.000427962
0.000427968
0.000427994
0.000427999
0.000428008
0.000427948
0.000427977
0.000427969
0.000427981
0.000427965
0.000427963
0.000427938
0.000427968
0.000427941
0.000427954
0.000427948
0.000427967
0.000427943
0.000427963
0.000427945
0.000427967
0.000427954
0.000427971
0.00042795
0.000427958
0.000427948
0.000427973
0.000427952
0.000427971
0.000427955
0.000427975
0.000427986
0.000428007
0.000427986
0.000428002
0.000427994
0.000428012
0.000428008
0.000428025
0.000428053
0.000428136
0.000428208
0.000428349
0.000428517
0.000428772
0.000429126
0.000429631
0.000430291
0.000431203
0.000432307
0.000433633
0.000434618
0.000435273
0.000436415
0.000458839
0.000569115
0.000943204
0.00117813
0.123265
0.0286589
0.00469516
0.00070336
-0.000183327
0.000445607
0.00048558
0.000569492
0.000510239
0.000477264
0.000430727
0.000397475
0.0003667
0.000341813
0.000320352
0.000303308
0.000288751
0.000276209
0.000265492
0.000256141
0.000248256
0.000241607
0.000235911
0.000231248
0.000227425
0.000224329
0.000221873
0.000219859
0.000218364
0.000217168
0.000216218
0.000215511
0.000215004
0.000214565
0.000214298
0.000214045
0.000213887
0.000213747
0.000213651
0.000213574
0.00021356
0.000213471
0.000213469
0.000213481
0.000213507
0.00021349
0.000213505
0.000213445
0.00021347
0.000213462
0.000213472
0.000213448
0.000213446
0.000213408
0.000213443
0.000213423
0.00021344
0.000213428
0.00021345
0.000213425
0.000213448
0.000213428
0.000213456
0.000213434
0.000213449
0.00021343
0.000213439
0.000213427
0.000213459
0.000213437
0.000213462
0.000213451
0.000213477
0.000213487
0.000213511
0.000213491
0.000213506
0.000213494
0.000213515
0.000213518
0.00021355
0.000213591
0.000213705
0.000213819
0.000214021
0.000214275
0.000214642
0.000215151
0.000215889
0.000216861
0.000218198
0.00021985
0.00022194
0.000223804
0.000226196
0.000230591
0.000271593
0.000444173
0.00104981
0.00176944
0.109936
0.0309654
0.00570076
0.000550039
-0.000405348
0.000300397
0.000374913
0.000470812
0.000403182
0.000361686
0.000305432
0.000264401
0.000226882
0.000196415
0.000170121
0.000148994
0.000130887
0.0001152
0.000101759
8.99742e-05
7.98931e-05
7.13471e-05
6.39697e-05
5.7776e-05
5.25987e-05
4.84982e-05
4.53377e-05
4.27498e-05
4.08114e-05
3.9276e-05
3.80599e-05
3.7132e-05
3.6453e-05
3.58862e-05
3.55296e-05
3.52043e-05
3.49986e-05
3.48215e-05
3.46879e-05
3.45773e-05
3.45452e-05
3.44614e-05
3.44625e-05
3.44768e-05
3.45033e-05
3.44661e-05
3.44795e-05
3.44245e-05
3.44471e-05
3.44408e-05
3.44443e-05
3.4412e-05
3.44101e-05
3.4368e-05
3.44032e-05
3.43889e-05
3.44074e-05
3.43912e-05
3.44172e-05
3.43961e-05
3.44164e-05
3.43931e-05
3.44239e-05
3.43982e-05
3.44088e-05
3.43923e-05
3.44009e-05
3.43883e-05
3.44265e-05
3.44073e-05
3.44367e-05
3.44307e-05
3.44605e-05
3.44711e-05
3.44952e-05
3.44744e-05
3.44896e-05
3.44774e-05
3.44993e-05
3.451e-05
3.45552e-05
3.461e-05
3.47479e-05
3.48971e-05
3.51492e-05
3.54767e-05
3.59464e-05
3.65889e-05
3.75219e-05
3.87607e-05
4.04647e-05
4.26115e-05
4.54578e-05
4.83548e-05
5.33578e-05
6.24267e-05
0.000123661
0.000349306
0.0011684
0.00229722
0.0982521
0.0321902
0.00652556
0.00050421
-0.000470729
0.000279557
0.000386101
0.00048848
0.000416524
0.000369188
0.00030699
0.000261219
0.000220051
0.000186859
0.000158233
0.000134045
0.00011324
9.51367e-05
7.9603e-05
6.59824e-05
5.42375e-05
4.42631e-05
3.56851e-05
2.84418e-05
2.23802e-05
1.75719e-05
1.38178e-05
1.07393e-05
8.41199e-06
6.57421e-06
5.11742e-06
3.97729e-06
3.12436e-06
2.41429e-06
1.9447e-06
1.55409e-06
1.30922e-06
1.09735e-06
9.28785e-07
7.86896e-07
7.43207e-07
6.6863e-07
6.71771e-07
6.79762e-07
7.06712e-07
6.55535e-07
6.64349e-07
6.14279e-07
6.3516e-07
6.28434e-07
6.26293e-07
5.83988e-07
5.83694e-07
5.4169e-07
5.76008e-07
5.64521e-07
5.8532e-07
5.65093e-07
5.93788e-07
5.778e-07
5.96734e-07
5.67227e-07
5.97801e-07
5.70441e-07
5.79804e-07
5.65336e-07
5.75796e-07
5.60278e-07
6.01976e-07
5.89408e-07
6.23354e-07
6.19071e-07
6.51206e-07
6.61127e-07
6.86172e-07
6.64831e-07
6.80427e-07
6.68831e-07
6.92909e-07
7.09661e-07
7.66184e-07
8.30309e-07
9.86678e-07
1.16593e-06
1.45731e-06
1.84505e-06
2.43282e-06
3.21701e-06
4.33321e-06
5.80886e-06
7.83472e-06
1.04265e-05
1.40085e-05
1.80157e-05
2.56987e-05
3.94547e-05
0.000119415
0.000383993
0.00139879
0.00284706
0.0876428
0.0325015
0.00711638
0.00047999
-0.000484375
0.000284431
0.000421423
0.000528166
0.000454079
0.000402313
0.000335619
0.00028592
0.000241489
0.000205562
0.000174564
0.000148204
0.000125535
0.000105754
8.87639e-05
7.39048e-05
6.10569e-05
5.01632e-05
4.08903e-05
3.31134e-05
2.66768e-05
2.14756e-05
1.72572e-05
1.3787e-05
1.11371e-05
9.04027e-06
7.37703e-06
6.04345e-06
5.02919e-06
4.18112e-06
3.6173e-06
3.17324e-06
2.8954e-06
2.65414e-06
2.45837e-06
2.2895e-06
2.23867e-06
2.17537e-06
2.1815e-06
2.17499e-06
2.19958e-06
2.14085e-06
2.14787e-06
2.10061e-06
2.11935e-06
2.10887e-06
2.10334e-06
2.05269e-06
2.05485e-06
2.01389e-06
2.04671e-06
2.03523e-06
2.06017e-06
2.03574e-06
2.06613e-06
2.0538e-06
2.07334e-06
2.03719e-06
2.06535e-06
2.03702e-06
2.04806e-06
2.03452e-06
2.05007e-06
2.03064e-06
2.07327e-06
2.06793e-06
2.1085e-06
2.10337e-06
2.1356e-06
2.14303e-06
2.17101e-06
2.14978e-06
2.16651e-06
2.15486e-06
2.1814e-06
2.20184e-06
2.26815e-06
2.33682e-06
2.50535e-06
2.70838e-06
3.0311e-06
3.46552e-06
4.13321e-06
5.05511e-06
6.33555e-06
8.01277e-06
1.03113e-05
1.32911e-05
1.75625e-05
2.26831e-05
3.28433e-05
5.0804e-05
0.000147163
0.000446245
0.00162596
0.00331318
0.0779342
0.0320469
0.00745991
0.000443744
-0.000489312
0.000279496
0.000443491
0.000552334
0.0004783
0.000423767
0.00035445
0.00030219
0.000255592
0.000217718
0.000185003
0.000157237
0.000133372
0.000112484
9.44896e-05
7.87588e-05
6.5102e-05
5.34869e-05
4.36274e-05
3.53406e-05
2.8462e-05
2.2878e-05
1.83303e-05
1.45915e-05
1.17132e-05
9.43163e-06
7.63232e-06
6.17688e-06
5.07499e-06
4.16132e-06
3.54782e-06
3.04695e-06
2.72925e-06
2.46401e-06
2.24983e-06
2.06063e-06
2.00325e-06
1.95044e-06
1.95953e-06
1.93508e-06
1.95434e-06
1.89429e-06
1.90145e-06
1.85612e-06
1.87079e-06
1.85451e-06
1.84701e-06
1.79204e-06
1.79668e-06
1.75722e-06
1.78731e-06
1.77478e-06
1.80467e-06
1.77778e-06
1.80729e-06
1.79701e-06
1.81843e-06
1.77808e-06
1.80248e-06
1.77411e-06
1.78694e-06
1.77341e-06
1.79587e-06
1.77469e-06
1.81543e-06
1.8165e-06
1.86449e-06
1.85874e-06
1.88887e-06
1.89263e-06
1.92389e-06
1.90422e-06
1.9218e-06
1.9099e-06
1.93747e-06
1.9594e-06
2.03303e-06
2.10435e-06
2.28049e-06
2.50245e-06
2.85037e-06
3.33687e-06
4.04406e-06
5.01978e-06
6.37855e-06
8.17147e-06
1.06529e-05
1.39278e-05
1.87915e-05
2.49626e-05
3.77335e-05
5.99746e-05
0.000170733
0.000496152
0.00179876
0.00365081
0.0690913
0.0309876
0.00758135
0.000398789
-0.000489192
0.0002652
0.000451207
0.000559889
0.000487853
0.000432258
0.000362296
0.000309047
0.000261677
0.000223004
0.000189543
0.00016113
0.000136716
0.000115298
9.67771e-05
8.05794e-05
6.64706e-05
5.44228e-05
4.41971e-05
3.55706e-05
2.83686e-05
2.25241e-05
1.7782e-05
1.38935e-05
1.08797e-05
8.48625e-06
6.61321e-06
5.10261e-06
3.97639e-06
3.05714e-06
2.42046e-06
1.88747e-06
1.54293e-06
1.25898e-06
1.03013e-06
8.276e-07
7.56849e-07
7.10897e-07
7.22316e-07
6.81146e-07
6.9249e-07
6.36197e-07
6.4342e-07
6.00208e-07
6.08651e-07
5.86889e-07
5.77674e-07
5.22961e-07
5.2926e-07
4.92089e-07
5.17382e-07
5.03993e-07
5.38039e-07
5.11725e-07
5.37505e-07
5.27671e-07
5.51306e-07
5.10623e-07
5.30553e-07
5.03856e-07
5.1681e-07
5.02809e-07
5.31685e-07
5.12996e-07
5.4937e-07
5.55043e-07
6.09564e-07
6.05656e-07
6.32463e-07
6.32544e-07
6.65973e-07
6.49376e-07
6.6663e-07
6.54623e-07
6.80699e-07
7.02171e-07
7.79696e-07
8.58382e-07
1.04241e-06
1.28291e-06
1.65029e-06
2.156e-06
2.87806e-06
3.83886e-06
5.20285e-06
7.03587e-06
9.61573e-06
1.30901e-05
1.84251e-05
2.55131e-05
4.06579e-05
6.66714e-05
0.00018863
0.00053044
0.00191176
0.00385997
0.0610175
0.0294507
0.00750952
0.000351618
-0.000482311
0.000245445
0.000447509
0.000554029
0.000485515
0.00043038
0.00036151
0.000308678
0.000261788
0.000223346
0.000190019
0.000161674
0.000137323
0.000115926
9.73556e-05
8.11017e-05
6.69157e-05
5.47577e-05
4.44325e-05
3.57013e-05
2.83761e-05
2.24256e-05
1.7614e-05
1.36746e-05
1.05992e-05
8.14546e-06
6.23049e-06
4.69156e-06
3.5508e-06
2.62943e-06
1.98841e-06
1.45952e-06
1.10866e-06
8.18195e-07
5.87179e-07
3.86736e-07
3.09609e-07
2.65324e-07
2.78818e-07
2.2527e-07
2.28068e-07
1.78718e-07
1.85019e-07
1.43441e-07
1.44432e-07
1.17658e-07
1.06315e-07
5.44417e-08
6.20266e-08
2.67436e-08
4.68258e-08
3.22527e-08
6.93582e-08
4.63941e-08
6.65024e-08
5.57958e-08
8.15613e-08
4.37354e-08
6.01189e-08
3.599e-08
4.87608e-08
3.22521e-08
6.54462e-08
5.28668e-08
8.47048e-08
9.35326e-08
1.53901e-07
1.55065e-07
1.78716e-07
1.75508e-07
2.09524e-07
1.96473e-07
2.1214e-07
1.99463e-07
2.21929e-07
2.40932e-07
3.18561e-07
4.00235e-07
5.82382e-07
8.28758e-07
1.20236e-06
1.68623e-06
2.38873e-06
3.33637e-06
4.69433e-06
6.53948e-06
9.16775e-06
1.27651e-05
1.84451e-05
2.62653e-05
4.3316e-05
7.22313e-05
0.000201556
0.000550085
0.00196724
0.00394887
0.0535918
0.02753
0.00726841
0.000305337
-0.000468278
0.00022214
0.000433662
0.000536233
0.000472385
0.00041903
0.000352738
0.000301532
0.000256195
0.000218865
0.000186429
0.000158802
0.000135076
0.000114206
9.60327e-05
8.01062e-05
6.61917e-05
5.42266e-05
4.40519e-05
3.54377e-05
2.8183e-05
2.2278e-05
1.75167e-05
1.3619e-05
1.05563e-05
8.09809e-06
6.17736e-06
4.63728e-06
3.49363e-06
2.57168e-06
1.92921e-06
1.39954e-06
1.0443e-06
7.57244e-07
5.36706e-07
3.50756e-07
2.76287e-07
2.28796e-07
2.45077e-07
1.85147e-07
1.81233e-07
1.39151e-07
1.45179e-07
1.02953e-07
9.97481e-08
6.99745e-08
5.76074e-08
8.91489e-09
1.70218e-08
-1.75613e-08
-1.19708e-09
-1.89603e-08
2.01791e-08
2.70445e-09
1.77421e-08
4.32457e-09
3.26317e-08
-1.74131e-09
1.31974e-08
-8.60744e-09
4.47518e-09
-1.5709e-08
1.91036e-08
1.43061e-08
4.35061e-08
5.11961e-08
1.15651e-07
1.23527e-07
1.46102e-07
1.39342e-07
1.72866e-07
1.61963e-07
1.75528e-07
1.60479e-07
1.78647e-07
1.92824e-07
2.67481e-07
3.4624e-07
5.17168e-07
7.55381e-07
1.12309e-06
1.59179e-06
2.27627e-06
3.21106e-06
4.5511e-06
6.37998e-06
9.00578e-06
1.26435e-05
1.85208e-05
2.68393e-05
4.52098e-05
7.60038e-05
0.00020865
0.000554781
0.00196705
0.00392554
0.0467073
0.0252982
0.00687883
0.000261388
-0.000446952
0.000196634
0.000410631
0.000507597
0.000449255
0.000398825
0.000336389
0.000287861
0.000245014
0.000209579
0.000178706
0.000152384
0.000129792
0.000109905
9.25395e-05
7.72934e-05
6.39665e-05
5.24727e-05
4.26784e-05
3.43845e-05
2.73818e-05
2.16644e-05
1.70673e-05
1.33014e-05
1.0329e-05
7.93124e-06
6.05232e-06
4.54772e-06
3.42688e-06
2.52067e-06
1.8928e-06
1.3703e-06
1.01903e-06
7.37522e-07
5.28198e-07
3.56929e-07
2.83042e-07
2.28404e-07
2.48526e-07
1.88942e-07
1.81356e-07
1.44697e-07
1.51629e-07
1.05893e-07
1.02191e-07
7.20342e-08
6.08809e-08
1.36741e-08
2.16793e-08
-1.25137e-08
2.62266e-09
-2.03128e-08
1.91267e-08
7.71422e-09
2.05089e-08
3.05636e-09
3.38229e-08
2.34801e-09
1.70993e-08
-3.40894e-09
1.1016e-08
-1.31554e-08
2.06515e-08
2.36602e-08
5.41543e-08
5.67188e-08
1.22798e-07
1.37251e-07
1.61153e-07
1.50469e-07
1.82584e-07
1.71678e-07
1.8308e-07
1.63817e-07
1.78196e-07
1.85915e-07
2.55404e-07
3.34236e-07
4.97138e-07
7.24785e-07
1.08101e-06
1.53107e-06
2.18776e-06
3.08977e-06
4.38415e-06
6.15624e-06
8.71889e-06
1.2304e-05
1.82097e-05
2.67534e-05
4.5781e-05
7.7351e-05
0.000209241
0.000544365
0.00191381
0.00379857
0.0402743
0.0228144
0.00635993
0.000220551
-0.000418086
0.000170201
0.000379577
0.000469385
0.000417149
0.000370624
0.000313139
0.000268206
0.000228665
0.000195824
0.000167115
0.000142622
0.00012162
0.000103124
8.69403e-05
7.26975e-05
6.02416e-05
4.94744e-05
4.02751e-05
3.24885e-05
2.59081e-05
2.05139e-05
1.61846e-05
1.26346e-05
9.82731e-06
7.55554e-06
5.76709e-06
4.33438e-06
3.26338e-06
2.39278e-06
1.80054e-06
1.30244e-06
9.65588e-07
6.94072e-07
4.9828e-07
3.42548e-07
2.7337e-07
2.10943e-07
2.34984e-07
1.82314e-07
1.7332e-07
1.39411e-07
1.4727e-07
9.6989e-08
9.29905e-08
6.43057e-08
5.55031e-08
7.42253e-09
1.49893e-08
-1.78268e-08
-1.27522e-09
-3.00081e-08
6.98541e-09
1.47832e-09
1.47862e-08
-6.6322e-09
2.49009e-08
-4.19966e-09
1.06586e-08
-9.70985e-09
7.59108e-09
-2.02685e-08
9.93003e-09
1.97702e-08
5.59225e-08
5.37941e-08
1.1901e-07
1.39463e-07
1.65952e-07
1.51643e-07
1.81075e-07
1.68792e-07
1.77805e-07
1.53553e-07
1.64862e-07
1.66152e-07
2.28357e-07
3.05577e-07
4.60256e-07
6.71807e-07
1.00821e-06
1.42948e-06
2.04351e-06
2.88999e-06
4.10912e-06
5.78312e-06
8.2209e-06
1.16587e-05
1.74144e-05
2.58883e-05
4.48669e-05
7.60766e-05
0.000203226
0.000519308
0.00181124
0.00357753
0.0342167
0.0201272
0.00572952
0.000183115
-0.000381577
0.000143887
0.000341708
0.000422904
0.000377184
0.000335392
0.000283781
0.000243236
0.000207702
0.000178068
0.000152051
0.000129849
0.000110843
9.40981e-05
7.94274e-05
6.64798e-05
5.5146e-05
4.5336e-05
3.69306e-05
2.98211e-05
2.38174e-05
1.8874e-05
1.49054e-05
1.16486e-05
9.07482e-06
6.99049e-06
5.33711e-06
4.00903e-06
3.01295e-06
2.19796e-06
1.65837e-06
1.20174e-06
8.89179e-07
6.34042e-07
4.55164e-07
3.17898e-07
2.57521e-07
1.90463e-07
2.17405e-07
1.76838e-07
1.67426e-07
1.33399e-07
1.41862e-07
8.8729e-08
8.37154e-08
5.87699e-08
5.22566e-08
2.60365e-09
8.33808e-09
-2.19124e-08
-2.01264e-09
-3.5479e-08
-4.11348e-09
-3.50774e-09
1.21224e-08
-1.28996e-08
1.67338e-08
-1.06152e-08
4.31716e-09
-1.63266e-08
3.94402e-09
-2.44427e-08
6.05801e-11
1.51685e-08
5.93385e-08
5.44421e-08
1.14877e-07
1.39929e-07
1.69464e-07
1.52296e-07
1.77688e-07
1.63636e-07
1.69981e-07
1.41276e-07
1.49743e-07
1.45716e-07
1.98433e-07
2.70117e-07
4.13111e-07
6.02802e-07
9.09894e-07
1.29338e-06
1.85238e-06
2.6242e-06
3.7415e-06
5.27966e-06
7.53366e-06
1.07328e-05
1.61598e-05
2.42628e-05
4.24775e-05
7.22049e-05
0.000190842
0.000480535
0.00166392
0.0032726
0.0284681
0.0172769
0.0050043
0.000148979
-0.000337628
0.000118419
0.000298159
0.000369404
0.000330464
0.000294094
0.000249121
0.000213639
0.000182707
0.000156808
0.00013394
0.000114426
9.77675e-05
8.30835e-05
7.02141e-05
5.88204e-05
4.88288e-05
4.01786e-05
3.27479e-05
2.6466e-05
2.11728e-05
1.67964e-05
1.3273e-05
1.03796e-05
8.10024e-06
6.2575e-06
4.77883e-06
3.58418e-06
2.68749e-06
1.94843e-06
1.47434e-06
1.07363e-06
7.93451e-07
5.61446e-07
4.02695e-07
2.86216e-07
2.38874e-07
1.72484e-07
2.00802e-07
1.74873e-07
1.6551e-07
1.28963e-07
1.37313e-07
8.52042e-08
7.74241e-08
5.67085e-08
5.20443e-08
1.30148e-09
4.16042e-09
-2.28678e-08
1.79652e-09
-3.35786e-08
-1.05363e-08
-4.582e-09
1.40048e-08
-1.40033e-08
1.06373e-08
-1.48526e-08
-8.90014e-11
-2.08772e-08
1.45233e-09
-2.35382e-08
-5.02463e-09
1.31682e-08
6.61689e-08
6.16637e-08
1.1349e-07
1.40688e-07
1.72653e-07
1.53697e-07
1.73873e-07
1.58484e-07
1.62164e-07
1.30363e-07
1.35576e-07
1.27584e-07
1.68797e-07
2.30224e-07
3.57634e-07
5.21337e-07
7.90866e-07
1.12933e-06
1.62383e-06
2.30492e-06
3.29641e-06
4.66455e-06
6.6798e-06
9.55445e-06
1.4481e-05
2.19199e-05
3.86811e-05
6.58638e-05
0.000172537
0.000429275
0.00147697
0.0028944
0.0229695
0.0142973
0.00420009
0.000117794
-0.000286766
9.42135e-05
0.000249979
0.000310068
0.000278065
0.000247678
0.000209967
0.00018011
0.000154275
0.000132552
0.000113219
9.67258e-05
8.27142e-05
7.03525e-05
5.95258e-05
4.99088e-05
4.14508e-05
3.41322e-05
2.78358e-05
2.25112e-05
1.80391e-05
1.43317e-05
1.13308e-05
8.86293e-06
6.93044e-06
5.37391e-06
4.10471e-06
3.06827e-06
2.29526e-06
1.65203e-06
1.2534e-06
9.19087e-07
6.79089e-07
4.76864e-07
3.41847e-07
2.47977e-07
2.17151e-07
1.56702e-07
1.85185e-07
1.72992e-07
1.64403e-07
1.23243e-07
1.30821e-07
8.4176e-08
7.28446e-08
5.48037e-08
5.24397e-08
1.75956e-09
1.63858e-09
-2.21443e-08
7.38946e-09
-2.65274e-08
-1.29974e-08
-4.16652e-09
1.74086e-08
-1.34293e-08
4.14253e-09
-1.9532e-08
-4.76043e-09
-2.52634e-08
-2.11384e-09
-2.00265e-08
-5.47537e-09
1.30686e-08
7.38798e-08
7.25406e-08
1.13158e-07
1.39182e-07
1.72954e-07
1.53228e-07
1.67851e-07
1.51695e-07
1.53459e-07
1.19805e-07
1.20898e-07
1.09573e-07
1.37925e-07
1.84558e-07
2.92473e-07
4.27605e-07
6.53389e-07
9.40156e-07
1.36243e-06
1.93901e-06
2.78316e-06
3.95065e-06
5.6775e-06
8.14963e-06
1.24183e-05
1.89207e-05
3.35936e-05
5.72674e-05
0.000148927
0.000367012
0.0012559
0.00245382
0.0176683
0.0112177
0.00333206
8.90795e-05
-0.000229816
7.14184e-05
0.000198139
0.000246027
0.000221045
0.000197085
0.000167132
0.000143357
0.000123015
0.000105826
9.03423e-05
7.71399e-05
6.60186e-05
5.61937e-05
4.76045e-05
3.99485e-05
3.31871e-05
2.7341e-05
2.23129e-05
1.80544e-05
1.44911e-05
1.15372e-05
9.12811e-06
7.13887e-06
5.59582e-06
4.35968e-06
3.32989e-06
2.47277e-06
1.84612e-06
1.31674e-06
1.00151e-06
7.39817e-07
5.48012e-07
3.81965e-07
2.74676e-07
2.04431e-07
1.92814e-07
1.42139e-07
1.7018e-07
1.68167e-07
1.61809e-07
1.15043e-07
1.2125e-07
8.3717e-08
6.97749e-08
5.10426e-08
5.18905e-08
3.03247e-09
9.62518e-10
-2.05772e-08
1.29744e-08
-1.67367e-08
-1.18789e-08
-4.07536e-09
1.98244e-08
-1.38278e-08
-3.78817e-09
-2.57941e-08
-9.94824e-09
-2.98915e-08
-6.86843e-09
-1.5681e-08
-1.32534e-09
1.4716e-08
8.08277e-08
8.46507e-08
1.13705e-07
1.34915e-07
1.69909e-07
1.50255e-07
1.59845e-07
1.43092e-07
1.44364e-07
1.09466e-07
1.0525e-07
9.01329e-08
1.05142e-07
1.33274e-07
2.18168e-07
3.22961e-07
5.01036e-07
7.29425e-07
1.07268e-06
1.5334e-06
2.21173e-06
3.15207e-06
4.54779e-06
6.54951e-06
1.00235e-05
1.53495e-05
2.73799e-05
4.67115e-05
0.000120778
0.000295449
0.00100655
0.00196196
0.0125163
0.00806374
0.00241486
6.22937e-05
-0.000167856
4.99569e-05
0.000143535
0.000178372
0.00016045
0.000143252
0.000121431
0.000104091
8.95489e-05
7.71634e-05
6.57743e-05
5.60714e-05
4.8029e-05
4.091e-05
3.47079e-05
2.91567e-05
2.42249e-05
1.99613e-05
1.63066e-05
1.32016e-05
1.0613e-05
8.47738e-06
6.71904e-06
5.2516e-06
4.12964e-06
3.23833e-06
2.4727e-06
1.81307e-06
1.35148e-06
9.51023e-07
7.25547e-07
5.39352e-07
4.03243e-07
2.79275e-07
2.03345e-07
1.56965e-07
1.65941e-07
1.27216e-07
1.54546e-07
1.58279e-07
1.55918e-07
1.04305e-07
1.08409e-07
8.21851e-08
6.82538e-08
4.52367e-08
4.97347e-08
5.00236e-09
2.63982e-09
-1.83481e-08
1.76104e-08
-6.16204e-09
-7.8042e-09
-5.0243e-09
1.97053e-08
-1.62191e-08
-1.27163e-08
-3.32376e-08
-1.47873e-08
-3.37543e-08
-1.15904e-08
-1.11312e-08
7.1174e-09
1.8529e-08
8.62519e-08
9.61667e-08
1.15575e-07
1.29004e-07
1.6437e-07
1.45633e-07
1.51211e-07
1.33456e-07
1.35717e-07
9.95984e-08
8.86879e-08
6.84402e-08
7.04167e-08
7.79002e-08
1.36919e-07
2.09914e-07
3.38189e-07
5.01786e-07
7.59638e-07
1.09584e-06
1.59364e-06
2.28523e-06
3.31536e-06
4.79122e-06
7.35944e-06
1.13121e-05
2.02471e-05
3.45606e-05
8.8974e-05
0.000216467
0.000734986
0.00143008
0.00746867
0.00485839
0.00146277
3.68786e-05
-0.000102172
2.95734e-05
8.70028e-05
0.000108158
9.73083e-05
8.71109e-05
7.36831e-05
6.30308e-05
5.45015e-05
4.71064e-05
3.9988e-05
3.39338e-05
2.91041e-05
2.48149e-05
2.1106e-05
1.77618e-05
1.47589e-05
1.21581e-05
9.95033e-06
8.0642e-06
6.49601e-06
5.2227e-06
4.16006e-06
3.24691e-06
2.56656e-06
2.03613e-06
1.55383e-06
1.1072e-06
8.23283e-07
5.63196e-07
4.32434e-07
3.2277e-07
2.48078e-07
1.71177e-07
1.29019e-07
1.06164e-07
1.3549e-07
1.09852e-07
1.36189e-07
1.42133e-07
1.45143e-07
9.15346e-08
9.25229e-08
7.80245e-08
6.75486e-08
3.81508e-08
4.54091e-08
7.32093e-09
6.25004e-09
-1.57457e-08
2.04815e-08
3.50092e-09
-2.11667e-09
-7.23656e-09
1.59933e-08
-2.06188e-08
-2.17513e-08
-4.08164e-08
-1.86218e-08
-3.56633e-08
-1.51766e-08
-6.74957e-09
1.83648e-08
2.44901e-08
8.95557e-08
1.05567e-07
1.18889e-07
1.23151e-07
1.57313e-07
1.40434e-07
1.43069e-07
1.23475e-07
1.27445e-07
8.99692e-08
7.10125e-08
4.40072e-08
3.37857e-08
2.04077e-08
5.1547e-08
9.13028e-08
1.68953e-07
2.62249e-07
4.28486e-07
6.34367e-07
9.41291e-07
1.36817e-06
2.00751e-06
2.91649e-06
4.49741e-06
6.93037e-06
1.2435e-05
2.12326e-05
5.44945e-05
0.000132089
0.000447434
0.000869539
0.00248273
0.00162289
0.000489837
1.22778e-05
-3.41956e-05
9.88374e-06
2.93334e-05
3.6416e-05
3.26418e-05
2.95858e-05
2.4705e-05
2.08924e-05
1.85014e-05
1.62023e-05
1.3462e-05
1.11479e-05
9.61138e-06
8.22933e-06
7.07861e-06
6.00149e-06
4.9893e-06
4.10197e-06
3.38224e-06
2.75683e-06
2.23619e-06
1.8477e-06
1.50887e-06
1.17107e-06
9.42615e-07
7.81813e-07
5.96002e-07
3.74646e-07
2.73996e-07
1.61474e-07
1.29048e-07
9.62783e-08
8.59173e-08
5.95446e-08
5.19724e-08
5.19046e-08
9.9997e-08
8.8233e-08
1.1331e-07
1.1972e-07
1.28626e-07
7.74159e-08
7.42816e-08
7.00355e-08
6.63227e-08
3.09024e-08
3.8615e-08
9.1629e-09
1.05366e-08
-1.32379e-08
2.10543e-08
1.10054e-08
3.55845e-09
-1.0545e-08
8.54529e-09
-2.63164e-08
-2.98044e-08
-4.73053e-08
-2.13395e-08
-3.50399e-08
-1.71861e-08
-3.02012e-09
3.0084e-08
3.19544e-08
9.04157e-08
1.11748e-07
1.23245e-07
1.18932e-07
1.49511e-07
1.35317e-07
1.35893e-07
1.13427e-07
1.18563e-07
7.98347e-08
5.1955e-08
1.68679e-08
-4.52597e-09
-3.72488e-08
-3.50458e-08
-3.0076e-08
-3.14865e-09
1.59575e-08
8.48345e-08
1.57281e-07
2.67799e-07
4.2028e-07
6.53415e-07
9.70417e-07
1.51451e-06
2.3381e-06
4.20642e-06
7.1833e-06
1.83823e-05
4.44315e-05
0.000150248
0.000291782
-0.00248277
-0.00162256
-0.000490036
-1.20565e-05
3.45497e-05
-9.57274e-06
-2.87131e-05
-3.58373e-05
-3.25352e-05
-2.84017e-05
-2.46861e-05
-2.16065e-05
-1.78213e-05
-1.49959e-05
-1.33197e-05
-1.18597e-05
-1.00748e-05
-8.52059e-06
-7.08875e-06
-5.88077e-06
-4.88077e-06
-4.03474e-06
-3.25626e-06
-2.60426e-06
-2.06852e-06
-1.57063e-06
-1.17597e-06
-9.29413e-07
-7.044e-07
-4.93851e-07
-3.76266e-07
-3.64651e-07
-2.82991e-07
-2.45769e-07
-1.77453e-07
-1.33349e-07
-7.9561e-08
-5.40833e-08
-2.75283e-08
-5.96939e-09
5.87582e-08
6.15349e-08
8.55075e-08
9.21796e-08
1.06706e-07
6.25856e-08
5.50638e-08
5.77652e-08
6.31867e-08
2.44664e-08
2.96728e-08
9.54557e-09
1.41536e-08
-1.12665e-08
1.94418e-08
1.57026e-08
7.97244e-09
-1.44662e-08
-1.70684e-09
-3.22862e-08
-3.57534e-08
-5.17744e-08
-2.32663e-08
-3.23145e-08
-1.78458e-08
-6.27282e-10
3.98884e-08
3.98156e-08
8.90363e-08
1.14182e-07
1.27903e-07
1.17315e-07
1.41615e-07
1.30321e-07
1.29608e-07
1.03239e-07
1.07811e-07
6.82989e-08
3.16333e-08
-1.22067e-08
-4.38399e-08
-9.33967e-08
-1.20179e-07
-1.51644e-07
-1.75059e-07
-2.31828e-07
-2.64845e-07
-3.26577e-07
-4.1308e-07
-5.38029e-07
-7.16405e-07
-9.99758e-07
-1.50866e-06
-2.32435e-06
-4.16184e-06
-7.10885e-06
-1.828e-05
-4.43262e-05
-0.000150158
-0.00029172
-0.0074687
-0.00485808
-0.00146299
-3.66677e-05
0.000102512
-2.92811e-05
-8.6387e-05
-0.00010759
-9.721e-05
-8.59334e-05
-7.36728e-05
-6.3748e-05
-5.38347e-05
-4.59305e-05
-3.98687e-05
-3.46588e-05
-2.95762e-05
-2.51065e-05
-2.11088e-05
-1.76395e-05
-1.46471e-05
-1.20801e-05
-9.82244e-06
-7.90283e-06
-6.32048e-06
-4.95432e-06
-3.83512e-06
-3.00761e-06
-2.33499e-06
-1.75875e-06
-1.33753e-06
-1.0912e-06
-8.33235e-07
-6.49709e-07
-4.79514e-07
-3.59322e-07
-2.44193e-07
-1.67966e-07
-1.08305e-07
-6.68206e-08
1.26693e-08
3.02612e-08
5.41526e-08
6.14561e-08
8.0958e-08
4.75132e-08
3.68101e-08
4.17018e-08
5.7195e-08
1.92964e-08
1.96395e-08
7.79031e-09
1.63633e-08
-1.00263e-08
1.65207e-08
1.75765e-08
1.06782e-08
-1.83451e-08
-1.29155e-08
-3.76417e-08
-3.87454e-08
-5.39389e-08
-2.49663e-08
-2.88704e-08
-1.77971e-08
-2.69294e-10
4.61076e-08
4.68591e-08
8.62514e-08
1.12979e-07
1.32013e-07
1.18363e-07
1.3422e-07
1.24935e-07
1.23803e-07
9.26612e-08
9.4359e-08
5.47144e-08
1.07882e-08
-4.17591e-08
-8.2989e-08
-1.46838e-07
-2.01641e-07
-2.71127e-07
-3.44008e-07
-4.75763e-07
-6.13e-07
-8.07669e-07
-1.08708e-06
-1.48583e-06
-2.0708e-06
-2.94612e-06
-4.49046e-06
-6.91458e-06
-1.23886e-05
-2.11581e-05
-5.43963e-05
-0.000131987
-0.000447347
-0.000869477
-0.0125163
-0.00806346
-0.00241512
-6.2101e-05
0.000168171
-4.96985e-05
-0.000142929
-0.000177827
-0.000160366
-0.000142091
-0.000121437
-0.000104813
-8.89058e-05
-7.60411e-05
-6.56939e-05
-5.68184e-05
-4.85142e-05
-4.1201e-05
-3.46972e-05
-2.90314e-05
-2.41066e-05
-1.9865e-05
-1.61746e-05
-1.30242e-05
-1.04245e-05
-8.22593e-06
-6.40877e-06
-5.01623e-06
-3.90881e-06
-2.98046e-06
-2.26265e-06
-1.7866e-06
-1.36166e-06
-1.04089e-06
-7.69378e-07
-5.75176e-07
-4.03272e-07
-2.79619e-07
-1.87806e-07
-1.28664e-07
-3.56832e-08
-3.82249e-09
2.19429e-08
2.98632e-08
5.37361e-08
3.25139e-08
2.15043e-08
2.32742e-08
4.80886e-08
1.52182e-08
1.00843e-08
3.70699e-09
1.7283e-08
-9.29985e-09
1.36682e-08
1.71696e-08
1.20496e-08
-2.14854e-08
-2.29045e-08
-4.19536e-08
-3.85654e-08
-5.42452e-08
-2.7062e-08
-2.65217e-08
-1.77022e-08
-2.25179e-09
4.82767e-08
5.21691e-08
8.33596e-08
1.08848e-07
1.34772e-07
1.21223e-07
1.2779e-07
1.18408e-07
1.17935e-07
8.15253e-08
7.82713e-08
3.8989e-08
-9.3222e-09
-6.99458e-08
-1.20516e-07
-1.96904e-07
-2.77836e-07
-3.86501e-07
-5.07334e-07
-7.10498e-07
-9.51124e-07
-1.27574e-06
-1.73972e-06
-2.40229e-06
-3.37891e-06
-4.82154e-06
-7.35069e-06
-1.12929e-05
-2.01975e-05
-3.44864e-05
-8.8883e-05
-0.000216372
-0.000734904
-0.00143002
-0.0176683
-0.0112175
-0.00333236
-8.89092e-05
0.000230096
-7.12032e-05
-0.000197552
-0.000245513
-0.000220981
-0.000195951
-0.000167158
-0.00014408
-0.000122401
-0.000104768
-9.03047e-05
-7.79098e-05
-6.65146e-05
-5.6481e-05
-4.75765e-05
-3.98188e-05
-3.306e-05
-2.72246e-05
-2.21745e-05
-1.78565e-05
-1.42894e-05
-1.13097e-05
-8.83719e-06
-6.90809e-06
-5.38608e-06
-4.12735e-06
-3.128e-06
-2.43382e-06
-1.85335e-06
-1.40915e-06
-1.03942e-06
-7.7489e-07
-5.5168e-07
-3.85585e-07
-2.62344e-07
-1.88169e-07
-8.26732e-08
-3.81049e-08
-8.06014e-09
-3.35024e-10
2.74826e-08
1.7816e-08
1.04831e-08
4.5377e-09
3.63001e-08
1.16011e-08
2.63856e-09
-2.21893e-09
1.76255e-08
-8.43641e-09
1.22687e-08
1.54013e-08
1.29381e-08
-2.32629e-08
-2.98755e-08
-4.52922e-08
-3.58418e-08
-5.36115e-08
-3.00461e-08
-2.67231e-08
-1.78385e-08
-6.10756e-09
4.7198e-08
5.54282e-08
8.1718e-08
1.02981e-07
1.35487e-07
1.24373e-07
1.22472e-07
1.10155e-07
1.11488e-07
7.00021e-08
6.06226e-08
2.17089e-08
-2.72904e-08
-9.49675e-08
-1.54979e-07
-2.43307e-07
-3.47738e-07
-4.95758e-07
-6.62303e-07
-9.30783e-07
-1.27018e-06
-1.72001e-06
-2.3567e-06
-3.26738e-06
-4.61112e-06
-6.58105e-06
-1.0013e-05
-1.53269e-05
-2.73266e-05
-4.66388e-05
-0.000120695
-0.000295362
-0.00100648
-0.0019619
-0.0229694
-0.0142971
-0.00420041
-0.000117648
0.000287007
-9.40434e-05
-0.00024942
-0.000309589
-0.000278018
-0.000246584
-0.000210016
-0.000180828
-0.00015369
-0.000131556
-0.000113216
-9.75116e-05
-8.32119e-05
-7.06314e-05
-5.94794e-05
-4.97732e-05
-4.13139e-05
-3.39998e-05
-2.7689e-05
-2.22925e-05
-1.78289e-05
-1.41329e-05
-1.10618e-05
-8.63706e-06
-6.72909e-06
-5.16957e-06
-3.91227e-06
-3.01733e-06
-2.29449e-06
-1.74377e-06
-1.28242e-06
-9.52889e-07
-6.84244e-07
-4.81683e-07
-3.27948e-07
-2.41289e-07
-1.24732e-07
-6.9798e-08
-3.3444e-08
-2.72883e-08
4.06598e-09
3.59354e-09
3.90244e-09
-1.23616e-08
2.27767e-08
7.75376e-09
-1.56221e-09
-8.88358e-09
1.81646e-08
-6.61636e-09
1.31841e-08
1.33101e-08
1.41411e-08
-2.32312e-08
-3.296e-08
-4.80314e-08
-3.19539e-08
-5.29475e-08
-3.40642e-08
-2.98949e-08
-1.78945e-08
-1.04594e-08
4.45371e-08
5.69501e-08
8.22233e-08
9.67924e-08
1.33633e-07
1.26078e-07
1.17968e-07
1.00092e-07
1.04118e-07
5.87109e-08
4.32557e-08
4.10586e-09
-4.20053e-08
-1.15492e-07
-1.85248e-07
-2.85861e-07
-4.10697e-07
-5.966e-07
-8.05933e-07
-1.13163e-06
-1.56131e-06
-2.12954e-06
-2.92441e-06
-4.0623e-06
-5.73985e-06
-8.18284e-06
-1.24069e-05
-1.88957e-05
-3.35372e-05
-5.71983e-05
-0.000148852
-0.000366932
-0.00125583
-0.00245376
-0.028468
-0.0172767
-0.00500461
-0.000148857
0.000337832
-0.00011829
-0.000297634
-0.000368961
-0.00033043
-0.00029305
-0.000249191
-0.000214342
-0.000182149
-0.000155865
-0.000133954
-0.000115214
-9.8254e-05
-8.33493e-05
-7.01516e-05
-5.86774e-05
-4.86836e-05
-4.00385e-05
-3.25924e-05
-2.62304e-05
-2.09623e-05
-1.66272e-05
-1.30267e-05
-1.01597e-05
-7.90378e-06
-6.08012e-06
-4.59688e-06
-3.52347e-06
-2.67335e-06
-2.03428e-06
-1.49204e-06
-1.10436e-06
-7.96482e-07
-5.63956e-07
-3.81655e-07
-2.84549e-07
-1.59591e-07
-9.68973e-08
-5.32823e-08
-4.9983e-08
-1.57597e-08
-1.02236e-08
4.44205e-10
-2.5903e-08
8.53905e-09
3.02499e-09
-2.42356e-09
-1.51107e-08
1.90385e-08
-3.4507e-09
1.62439e-08
1.15396e-08
1.57592e-08
-2.14709e-08
-3.259e-08
-5.0751e-08
-2.88072e-08
-5.29502e-08
-3.89731e-08
-3.53371e-08
-1.72062e-08
-1.3578e-08
4.18336e-08
5.71646e-08
8.47195e-08
9.13562e-08
1.28724e-07
1.24643e-07
1.13392e-07
8.85206e-08
9.55454e-08
4.85171e-08
2.81794e-08
-1.23835e-08
-5.32669e-08
-1.31164e-07
-2.10864e-07
-3.24383e-07
-4.66339e-07
-6.86484e-07
-9.35065e-07
-1.30872e-06
-1.81688e-06
-2.49414e-06
-3.43068e-06
-4.77023e-06
-6.74046e-06
-9.58946e-06
-1.44702e-05
-2.18945e-05
-3.86232e-05
-6.58008e-05
-0.000172468
-0.000429201
-0.00147691
-0.00289435
-0.0342166
-0.0201271
-0.00572979
-0.000183019
0.000381751
-0.00014379
-0.000341223
-0.000422492
-0.000377155
-0.000334404
-0.000283867
-0.000243912
-0.000207169
-0.000177171
-0.000152065
-0.000130623
-0.000111306
-9.43478e-05
-7.93539e-05
-6.63284e-05
-5.49965e-05
-4.51984e-05
-3.67687e-05
-2.95761e-05
-2.36156e-05
-1.87308e-05
-1.46814e-05
-1.14375e-05
-8.8814e-06
-6.8363e-06
-5.1665e-06
-3.94123e-06
-2.98149e-06
-2.27197e-06
-1.66362e-06
-1.22616e-06
-8.85846e-07
-6.30268e-07
-4.2303e-07
-3.16954e-07
-1.87616e-07
-1.19543e-07
-6.89229e-08
-6.90807e-08
-3.30612e-08
-2.47672e-08
-3.0746e-09
-3.64516e-08
-6.42614e-09
-3.61318e-09
-1.73871e-09
-2.0911e-08
1.88452e-08
-2.08236e-11
1.96774e-08
9.44748e-09
1.63717e-08
-1.95242e-08
-3.0996e-08
-5.48477e-08
-2.90157e-08
-5.48073e-08
-4.51004e-08
-4.23202e-08
-1.59773e-08
-1.46532e-08
3.91824e-08
5.55227e-08
8.72182e-08
8.63203e-08
1.19719e-07
1.1808e-07
1.06826e-07
7.52722e-08
8.49128e-08
3.92568e-08
1.60673e-08
-2.7155e-08
-6.26936e-08
-1.43505e-07
-2.32834e-07
-3.59286e-07
-5.14965e-07
-7.63404e-07
-1.04703e-06
-1.45931e-06
-2.03183e-06
-2.80567e-06
-3.86579e-06
-5.37725e-06
-7.59214e-06
-1.07692e-05
-1.61511e-05
-2.4239e-05
-4.24203e-05
-7.21506e-05
-0.000190777
-0.000480464
-0.00166386
-0.00327255
-0.0402742
-0.0228144
-0.00636014
-0.000220486
0.00041824
-0.000170127
-0.000379132
-0.000468992
-0.000417115
-0.000369689
-0.000313234
-0.000268846
-0.000228162
-0.000194971
-0.000167113
-0.000143367
-0.000122051
-0.000103358
-8.68623e-05
-7.25385e-05
-6.00933e-05
-4.93477e-05
-4.01116e-05
-3.22434e-05
-2.57214e-05
-2.03893e-05
-1.59817e-05
-1.24375e-05
-9.63811e-06
-7.41931e-06
-5.60787e-06
-4.26168e-06
-3.21301e-06
-2.45027e-06
-1.79404e-06
-1.317e-06
-9.51824e-07
-6.8067e-07
-4.53957e-07
-3.40247e-07
-2.1164e-07
-1.40346e-07
-8.36771e-08
-8.695e-08
-5.04459e-08
-4.22071e-08
-1.09157e-08
-4.63812e-08
-2.32008e-08
-1.42892e-08
-2.4629e-09
-2.75561e-08
1.49097e-08
1.06323e-09
2.03831e-08
5.00774e-09
1.31121e-08
-2.05915e-08
-3.20382e-08
-6.26176e-08
-3.56204e-08
-6.03122e-08
-5.374e-08
-5.09655e-08
-1.56328e-08
-1.53246e-08
3.44793e-08
4.95557e-08
8.56216e-08
7.91263e-08
1.04749e-07
1.03879e-07
9.53189e-08
5.88943e-08
7.01259e-08
2.90104e-08
5.33025e-09
-4.17282e-08
-7.37615e-08
-1.55955e-07
-2.53666e-07
-3.91632e-07
-5.57351e-07
-8.26235e-07
-1.13963e-06
-1.5818e-06
-2.20334e-06
-3.05777e-06
-4.22161e-06
-5.87139e-06
-8.27678e-06
-1.16953e-05
-1.74089e-05
-2.58674e-05
-4.48124e-05
-7.60323e-05
-0.000203162
-0.000519237
-0.00181118
-0.00357748
-0.0467071
-0.0252981
-0.00687896
-0.000261359
0.000447099
-0.000196577
-0.000410223
-0.000507213
-0.00044921
-0.000397942
-0.000336483
-0.000288457
-0.000244549
-0.000208781
-0.000178686
-0.000153089
-0.000130186
-0.000110126
-9.2463e-05
-7.71295e-05
-6.38241e-05
-5.2361e-05
-4.25195e-05
-3.41488e-05
-2.72123e-05
-2.15488e-05
-1.68833e-05
-1.31253e-05
-1.01481e-05
-7.80768e-06
-5.903e-06
-4.47159e-06
-3.3585e-06
-2.56013e-06
-1.87684e-06
-1.37284e-06
-9.91545e-07
-7.12933e-07
-4.73496e-07
-3.53979e-07
-2.30659e-07
-1.58374e-07
-9.6656e-08
-1.01882e-07
-6.61565e-08
-6.02907e-08
-2.2236e-08
-5.45257e-08
-3.8869e-08
-2.74471e-08
-4.69543e-09
-3.33466e-08
8.38246e-09
3.35053e-10
1.91061e-08
-4.36374e-10
7.73627e-09
-2.34201e-08
-3.44081e-08
-7.12475e-08
-4.56369e-08
-6.65457e-08
-6.14968e-08
-5.85708e-08
-1.49863e-08
-1.45907e-08
2.92589e-08
4.10583e-08
8.0638e-08
7.15126e-08
8.73798e-08
8.51288e-08
8.12364e-08
4.25324e-08
5.37944e-08
1.96649e-08
-2.26496e-09
-5.4758e-08
-8.56395e-08
-1.67679e-07
-2.71439e-07
-4.1829e-07
-5.89984e-07
-8.70661e-07
-1.20714e-06
-1.67073e-06
-2.32513e-06
-3.23983e-06
-4.48451e-06
-6.23537e-06
-8.77145e-06
-1.23393e-05
-1.82069e-05
-2.67355e-05
-4.57305e-05
-7.73167e-05
-0.00020918
-0.000544294
-0.00191375
-0.00379854
-0.0535917
-0.0275299
-0.00726846
-0.000305347
0.000468423
-0.000222097
-0.000433285
-0.000535852
-0.00047233
-0.000418197
-0.000352817
-0.000302079
-0.00025578
-0.000218136
-0.000186395
-0.000159457
-0.000135433
-0.000114417
-9.59605e-05
-7.99417e-05
-6.60572e-05
-5.41283e-05
-4.39035e-05
-3.52192e-05
-2.80287e-05
-2.21633e-05
-1.73488e-05
-1.34718e-05
-1.03892e-05
-7.98299e-06
-6.03504e-06
-4.55879e-06
-3.40997e-06
-2.59543e-06
-1.90747e-06
-1.39076e-06
-1.0006e-06
-7.21547e-07
-4.74979e-07
-3.50553e-07
-2.3479e-07
-1.64219e-07
-9.82342e-08
-1.03468e-07
-6.93628e-08
-6.73251e-08
-2.57415e-08
-5.05309e-08
-4.06291e-08
-3.05151e-08
1.76086e-09
-2.73329e-08
1.10233e-08
7.80915e-09
2.62056e-08
3.50721e-09
1.17257e-08
-1.7122e-08
-2.75545e-08
-6.86033e-08
-4.66937e-08
-6.09952e-08
-5.61151e-08
-5.45365e-08
-5.00352e-09
-3.552e-09
3.39356e-08
4.03413e-08
8.17706e-08
7.2835e-08
7.95444e-08
7.38074e-08
7.54795e-08
3.73897e-08
4.73661e-08
2.13808e-08
2.1431e-09
-5.5508e-08
-8.82206e-08
-1.68667e-07
-2.75303e-07
-4.2913e-07
-6.04732e-07
-8.90648e-07
-1.24345e-06
-1.72059e-06
-2.39171e-06
-3.34185e-06
-4.64007e-06
-6.45139e-06
-9.05363e-06
-1.26755e-05
-1.85191e-05
-2.68234e-05
-4.51636e-05
-7.59777e-05
-0.000208592
-0.00055471
-0.001967
-0.00392551
-0.0610173
-0.0294507
-0.00750953
-0.000351664
0.000482452
-0.000245415
-0.000447153
-0.000553656
-0.000485458
-0.000429598
-0.000361561
-0.000309173
-0.000261429
-0.000222701
-0.00018998
-0.000162272
-0.000137642
-0.000116129
-9.7286e-05
-8.09409e-05
-6.67879e-05
-5.46653e-05
-4.42985e-05
-3.55051e-05
-2.8233e-05
-2.23076e-05
-1.74595e-05
-1.35627e-05
-1.04519e-05
-8.03608e-06
-6.09229e-06
-4.61143e-06
-3.45539e-06
-2.64223e-06
-1.96541e-06
-1.44324e-06
-1.04786e-06
-7.72985e-07
-5.23179e-07
-3.91557e-07
-2.79827e-07
-2.14044e-07
-1.45018e-07
-1.48082e-07
-1.16416e-07
-1.19644e-07
-7.77849e-08
-9.32321e-08
-8.73132e-08
-8.21784e-08
-4.28788e-08
-6.95858e-08
-3.63816e-08
-3.62707e-08
-1.77014e-08
-4.2542e-08
-3.50773e-08
-6.16324e-08
-6.98307e-08
-1.12768e-07
-9.55125e-08
-1.03763e-07
-9.71916e-08
-9.87078e-08
-4.66684e-08
-4.39625e-08
-1.27783e-08
-1.10027e-08
3.08604e-08
2.49257e-08
2.42673e-08
1.38907e-08
2.079e-08
-1.51245e-08
-8.30065e-09
-2.78821e-08
-4.33743e-08
-1.04191e-07
-1.38675e-07
-2.14478e-07
-3.19654e-07
-4.82786e-07
-6.64187e-07
-9.52476e-07
-1.31665e-06
-1.808e-06
-2.48668e-06
-3.44929e-06
-4.77325e-06
-6.60525e-06
-9.20909e-06
-1.2792e-05
-1.84421e-05
-2.62496e-05
-4.32733e-05
-7.22098e-05
-0.000201502
-0.000550016
-0.00196719
-0.00394885
-0.0690911
-0.0309876
-0.00758134
-0.000398862
0.000489312
-0.000265183
-0.000450867
-0.000559541
-0.000487808
-0.000431537
-0.000362312
-0.000309485
-0.000261374
-0.000222454
-0.000189507
-0.000161665
-0.000136996
-0.000115489
-9.67045e-05
-8.04265e-05
-6.63472e-05
-5.43257e-05
-4.40786e-05
-3.53997e-05
-2.82338e-05
-2.24026e-05
-1.76392e-05
-1.38192e-05
-1.07562e-05
-8.38081e-06
-6.47781e-06
-5.02078e-06
-3.87365e-06
-3.06394e-06
-2.40152e-06
-1.86928e-06
-1.46834e-06
-1.20644e-06
-9.65823e-07
-8.3744e-07
-7.37854e-07
-6.80289e-07
-6.10476e-07
-6.09035e-07
-5.80457e-07
-5.89316e-07
-5.49933e-07
-5.55928e-07
-5.51706e-07
-5.53037e-07
-5.10168e-07
-5.31907e-07
-5.053e-07
-5.03326e-07
-4.84218e-07
-5.09803e-07
-5.04491e-07
-5.28736e-07
-5.33156e-07
-5.75206e-07
-5.63069e-07
-5.67127e-07
-5.58125e-07
-5.63822e-07
-5.13278e-07
-5.09023e-07
-4.83395e-07
-4.84982e-07
-4.44293e-07
-4.45329e-07
-4.50839e-07
-4.65907e-07
-4.55197e-07
-4.87776e-07
-4.85484e-07
-5.01697e-07
-5.11872e-07
-5.73134e-07
-6.0885e-07
-6.7691e-07
-7.75655e-07
-9.36069e-07
-1.11294e-06
-1.39186e-06
-1.7587e-06
-2.27647e-06
-2.96872e-06
-3.93921e-06
-5.27389e-06
-7.09817e-06
-9.64937e-06
-1.31109e-05
-1.84191e-05
-2.5496e-05
-4.06177e-05
-6.66502e-05
-0.000188582
-0.000530376
-0.00191172
-0.00385995
-0.077934
-0.0320469
-0.0074599
-0.000443836
0.000489391
-0.00027949
-0.000443165
-0.000552036
-0.000478283
-0.000423123
-0.000354437
-0.000302569
-0.000255342
-0.000217266
-0.000184976
-0.000157703
-0.000133614
-0.000112659
-9.4408e-05
-7.86192e-05
-6.49828e-05
-5.33753e-05
-4.35233e-05
-3.51959e-05
-2.83338e-05
-2.27553e-05
-1.81981e-05
-1.45503e-05
-1.16142e-05
-9.32913e-06
-7.50131e-06
-6.09288e-06
-4.96912e-06
-4.16284e-06
-3.53144e-06
-3.02987e-06
-2.6493e-06
-2.40862e-06
-2.18917e-06
-2.07309e-06
-1.99186e-06
-1.94495e-06
-1.87766e-06
-1.86958e-06
-1.84418e-06
-1.85724e-06
-1.82225e-06
-1.81965e-06
-1.81405e-06
-1.821e-06
-1.77852e-06
-1.79335e-06
-1.77402e-06
-1.7718e-06
-1.7522e-06
-1.77668e-06
-1.77422e-06
-1.79598e-06
-1.79704e-06
-1.83483e-06
-1.82884e-06
-1.82951e-06
-1.81912e-06
-1.82966e-06
-1.78438e-06
-1.77814e-06
-1.75582e-06
-1.76076e-06
-1.72355e-06
-1.71953e-06
-1.72706e-06
-1.74588e-06
-1.73353e-06
-1.76133e-06
-1.76346e-06
-1.77863e-06
-1.78302e-06
-1.84077e-06
-1.87863e-06
-1.93764e-06
-2.02625e-06
-2.17263e-06
-2.33589e-06
-2.59439e-06
-2.94535e-06
-3.44922e-06
-4.13637e-06
-5.11264e-06
-6.44297e-06
-8.23126e-06
-1.06789e-05
-1.39424e-05
-1.87823e-05
-2.4944e-05
-3.7695e-05
-5.99498e-05
-0.00017069
-0.000496097
-0.00179872
-0.0036508
-0.0876426
-0.0325016
-0.00711638
-0.000480099
0.000484397
-0.000284432
-0.000421122
-0.000527941
-0.000454101
-0.000401769
-0.000335596
-0.000286245
-0.000241293
-0.000205206
-0.000174548
-0.000148604
-0.000125746
-0.000105908
-8.86702e-05
-7.3786e-05
-6.09445e-05
-5.00313e-05
-4.07995e-05
-3.29955e-05
-2.65554e-05
-2.13557e-05
-1.71372e-05
-1.37706e-05
-1.10598e-05
-8.94291e-06
-7.25773e-06
-5.96219e-06
-4.92492e-06
-4.17798e-06
-3.60581e-06
-3.15966e-06
-2.81998e-06
-2.60351e-06
-2.40899e-06
-2.30231e-06
-2.23176e-06
-2.19576e-06
-2.13492e-06
-2.11968e-06
-2.09691e-06
-2.11238e-06
-2.08302e-06
-2.07427e-06
-2.06602e-06
-2.0776e-06
-2.03926e-06
-2.04634e-06
-2.034e-06
-2.03295e-06
-2.01269e-06
-2.03404e-06
-2.0344e-06
-2.05315e-06
-2.05097e-06
-2.08219e-06
-2.08253e-06
-2.08239e-06
-2.07142e-06
-2.08721e-06
-2.05005e-06
-2.04156e-06
-2.02002e-06
-2.02677e-06
-1.99489e-06
-1.98667e-06
-1.99419e-06
-2.01526e-06
-2.00356e-06
-2.0258e-06
-2.03174e-06
-2.04823e-06
-2.04714e-06
-2.09743e-06
-2.1357e-06
-2.18521e-06
-2.26109e-06
-2.396e-06
-2.54923e-06
-2.78565e-06
-3.10757e-06
-3.56744e-06
-4.21974e-06
-5.1355e-06
-6.38917e-06
-8.06783e-06
-1.03304e-05
-1.33003e-05
-1.75509e-05
-2.26646e-05
-3.28068e-05
-5.07738e-05
-0.000147126
-0.0004462
-0.00162592
-0.00331318
-0.0982519
-0.0321903
-0.00652556
-0.000504338
0.000470698
-0.000279566
-0.000385844
-0.000488332
-0.000416584
-0.000368764
-0.000306984
-0.000261499
-0.000219907
-0.000186593
-0.000158227
-0.000134384
-0.000113429
-9.52685e-05
-7.94989e-05
-6.58914e-05
-5.41339e-05
-4.41086e-05
-3.56045e-05
-2.83445e-05
-2.22632e-05
-1.74654e-05
-1.37133e-05
-1.07383e-05
-8.35057e-06
-6.48627e-06
-5.01831e-06
-3.90663e-06
-3.0276e-06
-2.40763e-06
-1.93314e-06
-1.54731e-06
-1.2462e-06
-1.05837e-06
-8.94161e-07
-7.99838e-07
-7.37278e-07
-7.11268e-07
-6.5997e-07
-6.39522e-07
-6.18127e-07
-6.34043e-07
-6.10382e-07
-5.98793e-07
-5.87525e-07
-6.02544e-07
-5.71193e-07
-5.71257e-07
-5.64497e-07
-5.66492e-07
-5.45295e-07
-5.61943e-07
-5.64197e-07
-5.80178e-07
-5.75081e-07
-5.98623e-07
-6.04385e-07
-6.06315e-07
-5.95331e-07
-6.15725e-07
-5.88107e-07
-5.77578e-07
-5.5496e-07
-5.62216e-07
-5.36676e-07
-5.26502e-07
-5.32102e-07
-5.54159e-07
-5.4491e-07
-5.60996e-07
-5.68993e-07
-5.88162e-07
-5.82517e-07
-6.22336e-07
-6.57943e-07
-6.98963e-07
-7.60341e-07
-8.80529e-07
-1.02227e-06
-1.23178e-06
-1.51676e-06
-1.93201e-06
-2.50201e-06
-3.27795e-06
-4.37086e-06
-5.85574e-06
-7.84806e-06
-1.04321e-05
-1.39958e-05
-1.80003e-05
-2.5665e-05
-3.94194e-05
-0.000119383
-0.000383958
-0.00139875
-0.00284706
-0.109936
-0.0309655
-0.00570075
-0.000550184
0.000405282
-0.00030042
-0.000374709
-0.000470719
-0.000403266
-0.000361391
-0.000305456
-0.000264644
-0.000226786
-0.000196216
-0.000170114
-0.000149275
-0.000131055
-0.000115305
-0.000101651
-8.99136e-05
-7.97957e-05
-7.11767e-05
-6.39025e-05
-5.76993e-05
-5.24929e-05
-4.84165e-05
-4.52512e-05
-4.2756e-05
-4.07581e-05
-3.91987e-05
-3.79832e-05
-3.70758e-05
-3.63661e-05
-3.5874e-05
-3.55082e-05
-3.52037e-05
-3.49497e-05
-3.47953e-05
-3.46665e-05
-3.45893e-05
-3.45338e-05
-3.45162e-05
-3.44761e-05
-3.44548e-05
-3.44336e-05
-3.4448e-05
-3.44292e-05
-3.44181e-05
-3.44042e-05
-3.44215e-05
-3.43985e-05
-3.43934e-05
-3.43897e-05
-3.43969e-05
-3.43749e-05
-3.43859e-05
-3.43886e-05
-3.4403e-05
-3.43958e-05
-3.44119e-05
-3.4421e-05
-3.44275e-05
-3.44161e-05
-3.44392e-05
-3.44213e-05
-3.44094e-05
-3.43852e-05
-3.43923e-05
-3.43731e-05
-3.43641e-05
-3.4366e-05
-3.43882e-05
-3.43827e-05
-3.43921e-05
-3.43996e-05
-3.44214e-05
-3.44125e-05
-3.44406e-05
-3.44702e-05
-3.45047e-05
-3.45512e-05
-3.46516e-05
-3.47777e-05
-3.49547e-05
-3.51902e-05
-3.55403e-05
-3.60003e-05
-3.66319e-05
-3.7543e-05
-3.87974e-05
-4.04741e-05
-4.26152e-05
-4.54439e-05
-4.8345e-05
-5.3329e-05
-6.23883e-05
-0.000123631
-0.00034928
-0.00116836
-0.00229722
-0.123265
-0.0286589
-0.00469513
-0.000703504
0.000183253
-0.000445633
-0.000485418
-0.000569437
-0.000510331
-0.000477084
-0.000430764
-0.000397667
-0.00036665
-0.000341675
-0.000320332
-0.000303526
-0.000288884
-0.000276285
-0.000265394
-0.000256106
-0.000248163
-0.000241444
-0.000235866
-0.000231195
-0.000227337
-0.000224275
-0.000221809
-0.000219869
-0.000218315
-0.000217102
-0.000216166
-0.000215473
-0.000214929
-0.00021455
-0.000214271
-0.000214046
-0.000213849
-0.000213731
-0.000213639
-0.000213582
-0.000213535
-0.000213525
-0.000213496
-0.000213478
-0.000213457
-0.00021347
-0.000213455
-0.000213446
-0.000213431
-0.000213449
-0.000213434
-0.000213427
-0.000213423
-0.000213435
-0.000213414
-0.00021342
-0.000213422
-0.000213435
-0.000213428
-0.000213438
-0.000213448
-0.000213459
-0.000213447
-0.00021347
-0.000213461
-0.000213449
-0.000213423
-0.00021343
-0.000213417
-0.000213412
-0.00021341
-0.000213431
-0.000213429
-0.000213433
-0.000213437
-0.00021346
-0.000213449
-0.000213466
-0.000213487
-0.000213516
-0.000213548
-0.000213624
-0.000213729
-0.000213869
-0.000214045
-0.000214321
-0.000214684
-0.000215178
-0.000215895
-0.000216887
-0.000218204
-0.000219853
-0.000221925
-0.000223801
-0.000226176
-0.000230554
-0.000271565
-0.000444153
-0.00104978
-0.00176944
-0.135884
-0.0244325
-0.00334617
-0.000827061
-0.000104701
-0.000610424
-0.000617223
-0.000682215
-0.000635788
-0.000613049
-0.000579502
-0.000556368
-0.000534489
-0.000517099
-0.000502446
-0.000490555
-0.000480194
-0.000471319
-0.000463654
-0.000457165
-0.000451647
-0.000446983
-0.000443152
-0.000439973
-0.000437345
-0.000435267
-0.00043359
-0.000432278
-0.00043122
-0.000430393
-0.000429765
-0.000429311
-0.000428949
-0.00042869
-0.000428495
-0.000428353
-0.000428223
-0.000428145
-0.000428088
-0.000428052
-0.000428014
-0.000428011
-0.000427995
-0.000427981
-0.000427961
-0.000427973
-0.000427966
-0.000427959
-0.000427943
-0.00042796
-0.000427954
-0.000427947
-0.00042794
-0.000427955
-0.000427938
-0.000427938
-0.000427938
-0.000427952
-0.000427946
-0.00042795
-0.000427959
-0.000427974
-0.00042796
-0.000427978
-0.000427978
-0.000427968
-0.000427943
-0.00042795
-0.000427943
-0.000427942
-0.000427935
-0.000427954
-0.000427956
-0.000427954
-0.000427954
-0.000427976
-0.000427965
-0.000427972
-0.000427985
-0.000428008
-0.000428027
-0.000428074
-0.00042815
-0.000428249
-0.000428358
-0.000428547
-0.000428801
-0.000429137
-0.000429625
-0.000430307
-0.000431208
-0.000432309
-0.000433616
-0.000434624
-0.000435265
-0.00043638
-0.000458814
-0.000569105
-0.000943184
-0.00117812
-0.128443
-0.0160039
-0.000988043
6.96633e-05
0.0005042
0.000189061
0.000199912
0.000161553
0.000190361
0.000202552
0.000221683
0.000234428
0.000246668
0.000256343
0.000264384
0.000270802
0.000276394
0.000281154
0.000285257
0.00028869
0.000291589
0.000294052
0.000296057
0.000297711
0.000299089
0.000300159
0.000301006
0.000301662
0.000302209
0.000302646
0.000302961
0.000303164
0.000303333
0.000303469
0.000303584
0.000303654
0.00030371
0.000303741
0.000303768
0.000303792
0.000303819
0.000303814
0.000303818
0.000303828
0.000303845
0.000303834
0.000303831
0.000303835
0.000303851
0.000303837
0.000303837
0.000303839
0.000303847
0.000303839
0.000303851
0.000303853
0.000303855
0.000303845
0.000303849
0.000303848
0.000303842
0.000303829
0.000303841
0.000303829
0.000303822
0.000303829
0.000303848
0.000303844
0.000303846
0.000303845
0.000303853
0.000303841
0.000303838
0.000303842
0.000303843
0.000303826
0.000303835
0.000303835
0.000303827
0.000303813
0.000303806
0.000303788
0.000303746
0.000303691
0.000303642
0.000303544
0.000303405
0.00030323
0.00030298
0.000302623
0.000302155
0.0003016
0.000300986
0.000300622
0.000300843
0.000301433
0.000293316
0.000239529
7.33965e-05
0.000219132
-0.0563933
-0.00359674
0.00176399
0.002001
0.00213051
0.00203738
0.00204447
0.00203453
0.00204377
0.00204751
0.00205317
0.00205682
0.00206021
0.00206279
0.00206496
0.00206671
0.00206822
0.00206947
0.00207053
0.0020714
0.00207212
0.00207274
0.00207323
0.00207363
0.00207397
0.00207423
0.00207442
0.00207458
0.00207471
0.00207482
0.00207489
0.00207493
0.00207496
0.002075
0.00207504
0.00207505
0.00207506
0.00207506
0.00207507
0.00207508
0.00207509
0.00207509
0.00207508
0.00207509
0.0020751
0.00207509
0.00207508
0.00207508
0.00207509
0.00207509
0.00207509
0.00207509
0.00207509
0.00207509
0.00207509
0.00207509
0.00207509
0.00207509
0.00207509
0.00207509
0.00207509
0.00207509
0.00207509
0.00207509
0.00207509
0.00207509
0.00207509
0.00207509
0.00207509
0.00207509
0.0020751
0.00207509
0.00207509
0.00207509
0.00207509
0.00207509
0.00207509
0.00207509
0.00207509
0.00207508
0.00207508
0.00207508
0.00207507
0.00207505
0.00207504
0.00207501
0.00207497
0.00207492
0.00207485
0.00207475
0.00207462
0.00207448
0.00207435
0.00207432
0.00207462
0.00207527
0.00207437
0.00206117
0.00202117
0.00215158
)
;

boundaryField
{
    inlet
    {
        type            calculated;
        value           uniform 0;
    }
    outlet
    {
        type            calculated;
        value           nonuniform List<scalar> 
40
(
-0.00215158
-0.000219121
0.00117813
0.00176944
0.00229722
0.00284706
0.00331318
0.00365081
0.00385997
0.00394887
0.00392554
0.00379857
0.00357753
0.0032726
0.0028944
0.00245382
0.00196196
0.00143008
0.000869539
0.000291782
-0.00029172
-0.000869477
-0.00143002
-0.0019619
-0.00245376
-0.00289435
-0.00327255
-0.00357748
-0.00379854
-0.00392551
-0.00394885
-0.00385995
-0.0036508
-0.00331318
-0.00284706
-0.00229722
-0.00176944
-0.00117812
0.000219132
0.00215158
)
;
    }
    lowerWall
    {
        type            calculated;
        value           uniform 0;
    }
    upperWall
    {
        type            calculated;
        value           uniform 0;
    }
    frontAndBack
    {
        type            empty;
    }
}


// ************************************************************************* //
