/*--------------------------------*- C++ -*----------------------------------*\
  =========                 |
  \\      /  F ield         | OpenFOAM: The Open Source CFD Toolbox
   \\    /   O peration     | Website:  https://openfoam.org
    \\  /    A nd           | Version:  7
     \\/     M anipulation  |
\*---------------------------------------------------------------------------*/
FoamFile
{
    version     2.0;
    format      ascii;
    class       surfaceScalarField;
    location    "3.5";
    object      phi;
}
// * * * * * * * * * * * * * * * * * * * * * * * * * * * * * * * * * * * * * //

dimensions      [0 3 -1 0 0 0 0];

internalField   nonuniform List<scalar> 
7860
(
0.00283432
0.00216568
0.00262119
0.000213131
0.00260884
1.23556e-05
0.00260634
2.495e-06
0.00260906
-2.72168e-06
0.00260779
1.26757e-06
0.0026067
1.097e-06
0.00260513
1.56542e-06
0.00260392
1.21646e-06
0.00260284
1.08004e-06
0.00260197
8.61193e-07
0.00260125
7.21187e-07
0.00260066
5.91125e-07
0.00260017
4.94079e-07
0.00259976
4.11649e-07
0.00259941
3.46571e-07
0.00259912
2.92825e-07
0.00259887
2.48944e-07
0.00259866
2.12488e-07
0.00259847
1.81958e-07
0.00259832
1.55852e-07
0.00259818
1.33911e-07
0.00259807
1.14987e-07
0.00259797
9.8698e-08
0.00259789
8.45745e-08
0.00259781
7.26776e-08
0.00259775
6.21878e-08
0.0025977
5.32232e-08
0.00259765
4.53974e-08
0.00259761
3.8813e-08
0.00259758
3.28748e-08
0.00259755
2.7993e-08
0.00259753
2.3693e-08
0.00259751
2.0123e-08
0.00259749
1.6914e-08
0.00259748
1.4378e-08
0.00259746
1.20076e-08
0.00259745
1.01738e-08
0.00259745
8.45453e-09
0.00259744
7.19825e-09
0.00259743
5.90415e-09
0.00259743
5.03191e-09
0.00259742
4.14158e-09
0.00259742
3.53587e-09
0.00259742
2.84705e-09
0.00259741
2.47446e-09
0.00259741
1.97048e-09
0.00259741
1.71969e-09
0.00259741
1.32726e-09
0.00259741
1.2363e-09
0.00259741
9.0846e-10
0.00259741
8.35671e-10
0.00259741
6.14814e-10
0.0025974
6.22514e-10
0.0025974
4.27704e-10
0.0025974
4.52873e-10
0.0025974
2.93994e-10
0.0025974
3.5738e-10
0.0025974
1.87816e-10
0.0025974
2.50706e-10
0.0025974
8.5591e-11
0.0025974
1.63244e-10
0.0025974
2.87688e-11
0.0025974
9.96037e-11
0.0025974
-1.62849e-11
0.0025974
9.36266e-11
0.0025974
-1.08469e-11
0.0025974
8.73882e-11
0.0025974
-1.21914e-11
0.0025974
1.06282e-10
0.0025974
-3.8739e-12
0.0025974
8.95998e-11
0.0025974
1.61893e-11
0.0025974
1.20287e-10
0.0025974
5.00496e-11
0.0025974
1.62753e-10
0.0025974
1.4849e-10
0.0025974
2.94494e-10
0.0025974
2.96458e-10
0.0025974
5.15951e-10
0.0025974
6.20742e-10
0.0025974
9.36431e-10
0.0025974
1.21888e-09
0.0025974
1.77903e-09
0.00259739
2.46545e-09
0.00259739
3.54812e-09
0.00259739
4.98051e-09
0.00259738
7.13181e-09
0.00259737
1.00578e-08
0.00259735
1.41499e-08
0.00259733
1.95576e-08
0.00259731
2.61964e-08
0.00259728
3.35447e-08
0.00259724
3.75551e-08
0.0025972
3.34487e-08
0.00259718
2.27169e-08
0.00259708
1.01584e-07
0.00259638
6.95979e-07
0.00259378
2.60237e-06
-1.19039e-06
0.00456761
0.00259807
0.00437532
0.000405417
0.00434651
4.11631e-05
0.00434276
6.25232e-06
0.00434577
-5.73569e-06
0.00434425
2.79117e-06
0.00434263
2.71742e-06
0.00434043
3.76223e-06
0.00433865
2.99633e-06
0.00433708
2.64734e-06
0.00433582
2.12533e-06
0.00433476
1.77757e-06
0.00433389
1.45982e-06
0.00433317
1.22023e-06
0.00433256
1.01714e-06
0.00433205
8.5682e-07
0.00433162
7.24692e-07
0.00433125
6.16854e-07
0.00433094
5.27435e-07
0.00433067
4.52605e-07
0.00433043
3.88559e-07
0.00433023
3.34619e-07
0.00433006
2.88202e-07
0.00432991
2.48141e-07
0.00432978
2.13348e-07
0.00432967
1.83963e-07
0.00432957
1.58102e-07
0.00432949
1.35889e-07
0.00432942
1.16413e-07
0.00432936
1.00008e-07
0.00432931
8.52167e-08
0.00432926
7.28867e-08
0.00432922
6.20821e-08
0.00432919
5.30263e-08
0.00432916
4.48572e-08
0.00432914
3.83366e-08
0.00432912
3.22551e-08
0.0043291
2.74518e-08
0.00432908
2.30057e-08
0.00432907
1.96713e-08
0.00432906
1.63163e-08
0.00432905
1.39276e-08
0.00432904
1.15962e-08
0.00432904
9.95977e-09
0.00432903
8.11854e-09
0.00432903
7.055e-09
0.00432902
5.71911e-09
0.00432902
4.97102e-09
0.00432902
3.92992e-09
0.00432902
3.59825e-09
0.00432901
2.77563e-09
0.00432901
2.4891e-09
0.00432901
1.90018e-09
0.00432901
1.89472e-09
0.00432901
1.415e-09
0.00432901
1.40734e-09
0.00432901
1.02358e-09
0.00432901
1.12571e-09
0.00432901
7.01029e-10
0.004329
7.88977e-10
0.004329
3.54308e-10
0.004329
4.85002e-10
0.004329
1.38237e-10
0.004329
2.62839e-10
0.004329
-1.08422e-11
0.004329
2.19096e-10
0.004329
4.624e-12
0.004329
2.09673e-10
0.004329
-7.09383e-12
0.004329
2.72535e-10
0.004329
2.3697e-11
0.004329
2.23337e-10
0.004329
7.43251e-11
0.004329
3.15847e-10
0.004329
1.79983e-10
0.004329
4.30388e-10
0.004329
4.33268e-10
0.004329
7.96206e-10
0.004329
8.19528e-10
0.004329
1.35236e-09
0.004329
1.63717e-09
0.004329
2.41341e-09
0.004329
3.14939e-09
0.00432899
4.51654e-09
0.00432899
6.27009e-09
0.00432899
8.97191e-09
0.00432898
1.2573e-08
0.00432897
1.79461e-08
0.00432895
2.52838e-08
0.00432893
3.55284e-08
0.0043289
4.91598e-08
0.00432886
6.60868e-08
0.00432881
8.58731e-08
0.00432875
9.99246e-08
0.00432868
1.04733e-07
0.00432859
1.11399e-07
0.00432827
4.17291e-07
0.00432694
2.0281e-06
0.00432236
7.1821e-06
7.90966e-06
0.00507199
0.00252608
0.00495541
0.000521993
0.00492274
7.384e-05
0.00492048
8.50733e-06
0.00492232
-7.57177e-06
0.00492117
3.93709e-06
0.00491951
4.38071e-06
0.00491745
5.82459e-06
0.0049157
4.74305e-06
0.00491418
4.16379e-06
0.00491295
3.36196e-06
0.00491192
2.80688e-06
0.00491107
2.30802e-06
0.00491036
1.92725e-06
0.00490977
1.60812e-06
0.00490927
1.35487e-06
0.00490885
1.14685e-06
0.00490849
9.77205e-07
0.00490818
8.3676e-07
0.00490791
7.19315e-07
0.00490768
6.18837e-07
0.00490748
5.3402e-07
0.00490731
4.61119e-07
0.00490716
3.98152e-07
0.00490703
3.43393e-07
0.00490692
2.96948e-07
0.00490682
2.56176e-07
0.00490673
2.21045e-07
0.00490666
1.90078e-07
0.0049066
1.63919e-07
0.00490654
1.40406e-07
0.00490649
1.20581e-07
0.00490645
1.0321e-07
0.00490642
8.85769e-08
0.00490639
7.53535e-08
0.00490636
6.46707e-08
0.00490634
5.47472e-08
0.00490632
4.67732e-08
0.0049063
3.94536e-08
0.00490629
3.38371e-08
0.00490627
2.83003e-08
0.00490626
2.42158e-08
0.00490625
2.03132e-08
0.00490625
1.75238e-08
0.00490624
1.44377e-08
0.00490624
1.25452e-08
0.00490623
1.02952e-08
0.00490623
8.9401e-09
0.00490622
7.19196e-09
0.00490622
6.50164e-09
0.00490622
5.17691e-09
0.00490622
4.59052e-09
0.00490621
3.58409e-09
0.00490621
3.5253e-09
0.00490621
2.78645e-09
0.00490621
2.68328e-09
0.00490621
2.07265e-09
0.00490621
2.15794e-09
0.00490621
1.46889e-09
0.00490621
1.50648e-09
0.0049062
7.74779e-10
0.0049062
8.77803e-10
0.0049062
3.04365e-10
0.0049062
4.2522e-10
0.0049062
7.07835e-12
0.0049062
3.07957e-10
0.0049062
2.75842e-11
0.0049062
3.07281e-10
0.0049062
-1.60416e-12
0.0049062
4.13659e-10
0.0049062
6.50593e-11
0.0049062
3.30436e-10
0.0049062
1.37636e-10
0.0049062
5.02842e-10
0.0049062
3.41187e-10
0.0049062
7.10788e-10
0.0049062
7.62438e-10
0.0049062
1.34042e-09
0.0049062
1.41561e-09
0.0049062
2.23478e-09
0.0049062
2.72762e-09
0.0049062
3.94784e-09
0.0049062
5.17119e-09
0.00490619
7.32553e-09
0.00490619
1.01713e-08
0.00490619
1.44968e-08
0.00490618
2.02854e-08
0.00490617
2.88627e-08
0.00490615
4.0629e-08
0.00490613
5.70243e-08
0.0049061
7.90275e-08
0.00490606
1.06674e-07
0.00490601
1.40768e-07
0.00490594
1.6971e-07
0.00490584
2.00552e-07
0.00490569
2.56826e-07
0.00490522
8.91376e-07
0.0049036
3.64794e-06
0.00489776
1.30249e-05
2.27384e-05
0.00520988
0.0023162
0.00513955
0.000592321
0.00511247
0.000100919
0.00511134
9.64225e-06
0.00511243
-8.65682e-06
0.00511159
4.76743e-06
0.00511013
5.84207e-06
0.0051084
7.55926e-06
0.00510689
6.25095e-06
0.00510559
5.46507e-06
0.00510452
4.43059e-06
0.00510363
3.69466e-06
0.0051029
3.04038e-06
0.00510229
2.53848e-06
0.00510178
2.11829e-06
0.00510135
1.78534e-06
0.00510098
1.51238e-06
0.00510067
1.28999e-06
0.0051004
1.1061e-06
0.00510017
9.52396e-07
0.00509997
8.21015e-07
0.00509979
7.09896e-07
0.00509964
6.14392e-07
0.0050995
5.31924e-07
0.00509939
4.60136e-07
0.00509928
3.98952e-07
0.00509919
3.45326e-07
0.00509912
2.99108e-07
0.00509905
2.58081e-07
0.00509899
2.23283e-07
0.00509894
1.9214e-07
0.00509889
1.65661e-07
0.00509885
1.4237e-07
0.00509882
1.227e-07
0.00509879
1.04906e-07
0.00509876
9.03675e-08
0.00509874
7.68936e-08
0.00509872
6.5926e-08
0.0050987
5.58927e-08
0.00509869
4.80578e-08
0.00509868
4.04442e-08
0.00509867
3.47116e-08
0.00509866
2.92647e-08
0.00509865
2.53358e-08
0.00509864
2.10588e-08
0.00509864
1.83135e-08
0.00509863
1.51561e-08
0.00509863
1.31732e-08
0.00509863
1.0734e-08
0.00509862
9.61886e-09
0.00509862
7.82017e-09
0.00509862
6.92004e-09
0.00509861
5.47887e-09
0.00509861
5.33245e-09
0.00509861
4.38534e-09
0.00509861
4.16589e-09
0.00509861
3.32878e-09
0.00509861
3.35753e-09
0.00509861
2.40673e-09
0.00509861
2.33479e-09
0.0050986
1.2979e-09
0.0050986
1.30121e-09
0.0050986
4.9254e-10
0.0050986
5.64583e-10
0.0050986
1.49017e-11
0.0050986
3.46428e-10
0.0050986
3.02725e-11
0.0050986
3.69208e-10
0.0050986
-1.30038e-11
0.0050986
5.04484e-10
0.0050986
9.98617e-11
0.0050986
4.01734e-10
0.0050986
1.83771e-10
0.0050986
6.64404e-10
0.0050986
5.06991e-10
0.0050986
9.85093e-10
0.0050986
1.09823e-09
0.0050986
1.87071e-09
0.0050986
2.01626e-09
0.0050986
3.06876e-09
0.0050986
3.76052e-09
0.0050986
5.36731e-09
0.0050986
7.04439e-09
0.0050986
9.89709e-09
0.00509859
1.37189e-08
0.00509859
1.94971e-08
0.00509858
2.72352e-08
0.00509857
3.86359e-08
0.00509856
5.43398e-08
0.00509854
7.61997e-08
0.00509851
1.0583e-07
0.00509847
1.43562e-07
0.00509842
1.92569e-07
0.00509835
2.40395e-07
0.00509824
3.11461e-07
0.00509806
4.41559e-07
0.00509749
1.45893e-06
0.00509584
5.30108e-06
0.00508957
1.92887e-05
3.7814e-05
0.00523327
0.00208293
0.00519416
0.000631432
0.0051735
0.000121576
0.00517317
9.96834e-06
0.00517379
-9.27438e-06
0.00517327
5.29299e-06
0.00517208
7.02423e-06
0.00517072
8.92447e-06
0.00516951
7.46093e-06
0.00516847
6.50782e-06
0.00516761
5.29165e-06
0.00516689
4.4105e-06
0.0051663
3.63163e-06
0.00516581
3.02904e-06
0.0051654
2.5302e-06
0.00516505
2.13375e-06
0.00516475
1.80895e-06
0.0051645
1.54457e-06
0.00516428
1.32614e-06
0.00516408
1.14361e-06
0.00516392
9.87733e-07
0.00516377
8.55702e-07
0.00516364
7.42125e-07
0.00516353
6.44126e-07
0.00516343
5.58771e-07
0.00516335
4.85653e-07
0.00516327
4.21571e-07
0.0051632
3.66478e-07
0.00516314
3.17178e-07
0.00516309
2.75173e-07
0.00516305
2.37754e-07
0.00516301
2.05761e-07
0.00516297
1.77439e-07
0.00516294
1.53483e-07
0.00516291
1.31804e-07
0.00516289
1.13914e-07
0.00516287
9.73414e-08
0.00516285
8.37221e-08
0.00516284
7.12636e-08
0.00516282
6.1404e-08
0.00516281
5.19189e-08
0.0051628
4.46967e-08
0.00516279
3.78202e-08
0.00516278
3.28315e-08
0.00516278
2.74872e-08
0.00516277
2.39331e-08
0.00516277
1.99284e-08
0.00516276
1.73466e-08
0.00516276
1.42753e-08
0.00516276
1.27146e-08
0.00516275
1.04808e-08
0.00516275
9.30331e-09
0.00516275
7.43911e-09
0.00516275
7.1787e-09
0.00516274
6.07409e-09
0.00516274
5.75229e-09
0.00516274
4.6928e-09
0.00516274
4.63939e-09
0.00516274
3.4383e-09
0.00516274
3.21448e-09
0.00516274
1.87769e-09
0.00516274
1.72966e-09
0.00516274
6.77122e-10
0.00516274
6.71615e-10
0.00516274
-3.53195e-12
0.00516274
3.35647e-10
0.00516274
-4.62099e-12
0.00516274
3.9356e-10
0.00516274
-4.7129e-11
0.00516274
5.41014e-10
0.00516274
1.16517e-10
0.00516274
4.47347e-10
0.00516274
2.0927e-10
0.00516274
8.05651e-10
0.00516274
6.72763e-10
0.00516274
1.25625e-09
0.00516274
1.43091e-09
0.00516274
2.36995e-09
0.00516274
2.59079e-09
0.00516274
3.82245e-09
0.00516273
4.68226e-09
0.00516273
6.61037e-09
0.00516273
8.67725e-09
0.00516273
1.21251e-08
0.00516273
1.67563e-08
0.00516272
2.37647e-08
0.00516272
3.31195e-08
0.00516271
4.68557e-08
0.0051627
6.58417e-08
0.00516268
9.22834e-08
0.00516266
1.28506e-07
0.00516263
1.75327e-07
0.00516258
2.39084e-07
0.00516251
3.08518e-07
0.00516239
4.29315e-07
0.00516219
6.48458e-07
0.0051616
2.04296e-06
0.00516004
6.86774e-06
0.00515415
2.51725e-05
5.09449e-05
0.00522258
0.00186036
0.00520653
0.00064748
0.00519181
0.000136299
0.00519202
9.74988e-06
0.00519236
-9.61102e-06
0.00519211
5.54982e-06
0.00519122
7.90841e-06
0.00519023
9.91911e-06
0.00518932
8.36678e-06
0.00518854
7.2871e-06
0.00518789
5.94056e-06
0.00518735
4.95053e-06
0.0051869
4.07872e-06
0.00518653
3.40061e-06
0.00518622
2.84251e-06
0.00518596
2.39879e-06
0.00518573
2.03533e-06
0.00518553
1.73972e-06
0.00518536
1.49563e-06
0.00518522
1.29162e-06
0.00518509
1.11756e-06
0.00518497
9.69992e-07
0.00518487
8.42847e-07
0.00518478
7.33248e-07
0.0051847
6.37758e-07
0.00518463
5.55579e-07
0.00518457
4.83446e-07
0.00518452
4.21335e-07
0.00518447
3.65797e-07
0.00518442
3.18235e-07
0.00518439
2.75915e-07
0.00518435
2.39633e-07
0.00518432
2.07264e-07
0.0051843
1.79842e-07
0.00518427
1.55032e-07
0.00518425
1.34391e-07
0.00518423
1.15241e-07
0.00518422
9.93958e-08
0.0051842
8.48693e-08
0.00518419
7.32531e-08
0.00518418
6.21613e-08
0.00518417
5.36669e-08
0.00518417
4.55414e-08
0.00518416
3.96124e-08
0.00518415
3.33635e-08
0.00518415
2.90786e-08
0.00518414
2.43243e-08
0.00518414
2.12078e-08
0.00518414
1.75948e-08
0.00518413
1.56082e-08
0.00518413
1.29818e-08
0.00518413
1.1594e-08
0.00518413
9.34673e-09
0.00518412
8.95764e-09
0.00518412
7.73548e-09
0.00518412
7.34813e-09
0.00518412
6.07799e-09
0.00518412
5.92841e-09
0.00518412
4.49684e-09
0.00518412
4.09555e-09
0.00518411
2.47184e-09
0.00518411
2.14433e-09
0.00518411
8.38806e-10
0.00518411
7.41095e-10
0.00518411
-6.10494e-11
0.00518411
2.779e-10
0.00518411
-9.01714e-11
0.00518411
3.75198e-10
0.00518411
-1.09557e-10
0.00518411
5.24199e-10
0.00518412
1.02754e-10
0.00518412
4.75828e-10
0.00518412
2.1526e-10
0.00518412
9.31898e-10
0.00518412
8.37602e-10
0.00518411
1.52773e-09
0.00518411
1.75432e-09
0.00518411
2.8298e-09
0.00518411
3.11772e-09
0.00518411
4.48088e-09
0.00518411
5.46553e-09
0.00518411
7.65104e-09
0.00518411
1.00307e-08
0.00518411
1.39703e-08
0.00518411
1.92253e-08
0.0051841
2.72311e-08
0.0051841
3.78424e-08
0.00518409
5.34003e-08
0.00518408
7.49682e-08
0.00518407
1.05067e-07
0.00518405
1.4674e-07
0.00518403
2.01475e-07
0.00518399
2.79244e-07
0.00518392
3.70816e-07
0.00518381
5.46187e-07
0.0051836
8.58772e-07
0.00518303
2.61327e-06
0.00518165
8.24666e-06
0.0051766
3.02174e-05
6.15777e-05
0.00520393
0.00165642
0.00520546
0.000645956
0.00519606
0.000145694
0.00519664
9.1769e-06
0.00519679
-9.76552e-06
0.00519677
5.57567e-06
0.00519617
8.50095e-06
0.00519553
1.05652e-05
0.00519491
8.9799e-06
0.00519439
7.81401e-06
0.00519394
6.38477e-06
0.00519357
5.32118e-06
0.00519326
4.38705e-06
0.00519301
3.65762e-06
0.00519279
3.05908e-06
0.0051926
2.58334e-06
0.00519245
2.19377e-06
0.00519231
1.87715e-06
0.00519219
1.61581e-06
0.00519208
1.39727e-06
0.00519199
1.21095e-06
0.00519191
1.05293e-06
0.00519183
9.16504e-07
0.00519177
7.99011e-07
0.00519171
6.96643e-07
0.00519166
6.08178e-07
0.00519161
5.30299e-07
0.00519157
4.63272e-07
0.00519153
4.03328e-07
0.0051915
3.5173e-07
0.00519147
3.05852e-07
0.00519144
2.66507e-07
0.00519141
2.31116e-07
0.00519139
2.01075e-07
0.00519137
1.73904e-07
0.00519136
1.51164e-07
0.00519134
1.29993e-07
0.00519133
1.12399e-07
0.00519132
9.62054e-08
0.00519131
8.31525e-08
0.0051913
7.07542e-08
0.00519129
6.12464e-08
0.00519129
5.20943e-08
0.00519128
4.53791e-08
0.00519127
3.83967e-08
0.00519127
3.34819e-08
0.00519127
2.80915e-08
0.00519126
2.45583e-08
0.00519126
2.05158e-08
0.00519126
1.81536e-08
0.00519125
1.51819e-08
0.00519125
1.36649e-08
0.00519125
1.11008e-08
0.00519125
1.05834e-08
0.00519125
9.27088e-09
0.00519125
8.86607e-09
0.00519124
7.40808e-09
0.00519124
7.15846e-09
0.00519124
5.52417e-09
0.00519124
4.93691e-09
0.00519124
3.04346e-09
0.00519124
2.52895e-09
0.00519124
9.64623e-10
0.00519124
7.69072e-10
0.00519124
-1.66525e-10
0.00519124
1.73834e-10
0.00519124
-2.34458e-10
0.00519124
3.05998e-10
0.00519124
-2.05804e-10
0.00519124
4.57254e-10
0.00519124
4.8907e-11
0.00519124
4.91027e-10
0.00519124
2.06491e-10
0.00519124
1.04653e-09
0.00519124
1.00147e-09
0.00519124
1.80124e-09
0.00519124
2.06334e-09
0.00519124
3.24412e-09
0.00519124
3.58113e-09
0.00519124
5.03496e-09
0.00519124
6.09623e-09
0.00519124
8.47703e-09
0.00519124
1.10884e-08
0.00519124
1.54186e-08
0.00519123
2.11113e-08
0.00519123
2.98064e-08
0.00519123
4.14023e-08
0.00519122
5.82584e-08
0.00519122
8.17126e-08
0.00519121
1.14545e-07
0.00519119
1.60473e-07
0.00519117
2.21794e-07
0.00519114
3.12199e-07
0.00519109
4.25546e-07
0.00519098
6.55425e-07
0.00519078
1.05882e-06
0.00519026
3.13078e-06
0.00518913
9.37959e-06
0.00518513
3.42134e-05
6.96146e-05
0.00518536
0.00147106
0.00520053
0.000630793
0.00519584
0.000150376
0.00519663
8.39374e-06
0.00519664
-9.78284e-06
0.00519681
5.4132e-06
0.00519649
8.81963e-06
0.00519616
1.08918e-05
0.00519582
9.31922e-06
0.00519553
8.10523e-06
0.00519528
6.63646e-06
0.00519507
5.53243e-06
0.00519489
4.56455e-06
0.00519474
3.80615e-06
0.00519462
3.18512e-06
0.00519451
2.69165e-06
0.00519441
2.28769e-06
0.00519433
1.95954e-06
0.00519426
1.68875e-06
0.00519419
1.46214e-06
0.00519414
1.26904e-06
0.00519408
1.10532e-06
0.00519404
9.63636e-07
0.00519399
8.41702e-07
0.00519395
7.3548e-07
0.00519392
6.43374e-07
0.00519389
5.61979e-07
0.00519386
4.92007e-07
0.00519383
4.29414e-07
0.00519381
3.75268e-07
0.00519379
3.27113e-07
0.00519377
2.85892e-07
0.00519375
2.48517e-07
0.00519373
2.16708e-07
0.00519372
1.87942e-07
0.00519371
1.6378e-07
0.0051937
1.41167e-07
0.00519369
1.22328e-07
0.00519368
1.04901e-07
0.00519367
9.07679e-08
0.00519366
7.73845e-08
0.00519366
6.71488e-08
0.00519365
5.72193e-08
0.00519365
4.98962e-08
0.00519364
4.23161e-08
0.00519364
3.69601e-08
0.00519364
3.10895e-08
0.00519363
2.7238e-08
0.00519363
2.28944e-08
0.00519363
2.02299e-08
0.00519363
1.69714e-08
0.00519363
1.54072e-08
0.00519362
1.26139e-08
0.00519362
1.19857e-08
0.00519362
1.06008e-08
0.00519362
1.02271e-08
0.00519362
8.61741e-09
0.00519362
8.27135e-09
0.00519362
6.47013e-09
0.00519362
5.70464e-09
0.00519361
3.56264e-09
0.00519361
2.86778e-09
0.00519361
1.0471e-09
0.00519361
7.52266e-10
0.00519361
-3.25128e-10
0.00519361
2.21009e-11
0.00519362
-4.40787e-10
0.00519362
1.76692e-10
0.00519362
-3.4163e-10
0.00519362
3.44048e-10
0.00519362
-5.01835e-11
0.00519362
4.91818e-10
0.00519362
1.89565e-10
0.00519362
1.15133e-09
0.00519362
1.16348e-09
0.00519362
2.07583e-09
0.00519362
2.35353e-09
0.00519362
3.60667e-09
0.00519362
3.96886e-09
0.00519361
5.47804e-09
0.00519361
6.5676e-09
0.00519361
9.08096e-09
0.00519361
1.18445e-08
0.00519361
1.64589e-08
0.00519361
2.24295e-08
0.00519361
3.1543e-08
0.00519361
4.37026e-08
0.0051936
6.14754e-08
0.0051936
8.61268e-08
0.00519359
1.20779e-07
0.00519358
1.69732e-07
0.00519357
2.36158e-07
0.00519354
3.37297e-07
0.0051935
4.70565e-07
0.0051934
7.50777e-07
0.00519323
1.23549e-06
0.00519279
3.56425e-06
0.00519194
1.02338e-05
0.00518908
3.70732e-05
7.50829e-05
0.00516893
0.00130213
0.00519488
0.00060485
0.00519434
0.000150913
0.00519522
7.50905e-06
0.00519512
-9.67661e-06
0.00519542
5.1066e-06
0.00519535
8.88764e-06
0.00519532
1.09292e-05
0.00519523
9.40647e-06
0.00519516
8.17927e-06
0.00519508
6.70965e-06
0.00519502
5.59557e-06
0.00519496
4.62012e-06
0.00519492
3.85338e-06
0.00519487
3.22646e-06
0.00519484
2.72849e-06
0.0051948
2.32092e-06
0.00519477
1.98999e-06
0.00519475
1.71694e-06
0.00519472
1.48823e-06
0.0051947
1.29337e-06
0.00519467
1.12829e-06
0.00519465
9.85113e-07
0.00519463
8.61934e-07
0.00519461
7.54647e-07
0.00519459
6.61385e-07
0.00519458
5.78597e-07
0.00519456
5.07488e-07
0.00519455
4.4392e-07
0.00519453
3.88687e-07
0.00519452
3.39482e-07
0.00519451
2.97509e-07
0.0051945
2.5918e-07
0.00519449
2.26449e-07
0.00519448
1.9684e-07
0.00519447
1.71934e-07
0.00519446
1.4847e-07
0.00519446
1.28901e-07
0.00519445
1.10698e-07
0.00519445
9.58601e-08
0.00519444
8.18294e-08
0.00519444
7.11548e-08
0.00519443
6.07189e-08
0.00519443
5.29878e-08
0.00519443
4.50094e-08
0.00519443
3.938e-08
0.00519442
3.31852e-08
0.00519442
2.91394e-08
0.00519442
2.45845e-08
0.00519442
2.17477e-08
0.00519442
1.82706e-08
0.00519441
1.67334e-08
0.00519441
1.38116e-08
0.00519441
1.31072e-08
0.00519441
1.16651e-08
0.00519441
1.13633e-08
0.00519441
9.65165e-09
0.00519441
9.21782e-09
0.00519441
7.29212e-09
0.00519441
6.36941e-09
0.00519441
4.00613e-09
0.00519441
3.1448e-09
0.00519441
1.08269e-09
0.00519441
6.88714e-10
0.00519441
-5.3879e-10
0.00519441
-1.79624e-10
0.00519441
-7.08713e-10
0.00519441
-2.04028e-11
0.00519441
-5.2302e-10
0.00519441
1.88215e-10
0.00519441
-1.94416e-10
0.00519441
4.73573e-10
0.00519441
1.71469e-10
0.00519441
1.24695e-09
0.00519441
1.32161e-09
0.00519441
2.34752e-09
0.00519441
2.62162e-09
0.00519441
3.91098e-09
0.00519441
4.27108e-09
0.00519441
5.80299e-09
0.00519441
6.87666e-09
0.00519441
9.45874e-09
0.00519441
1.23002e-08
0.00519441
1.70964e-08
0.0051944
2.31339e-08
0.0051944
3.24908e-08
0.0051944
4.48884e-08
0.0051944
6.30814e-08
0.0051944
8.8273e-08
0.0051944
1.23847e-07
0.00519439
1.74573e-07
0.00519438
2.44481e-07
0.00519437
3.53923e-07
0.00519433
5.03874e-07
0.00519426
8.2673e-07
0.00519411
1.37786e-06
0.00519379
3.89165e-06
0.00519323
1.07904e-05
0.00519153
3.87742e-05
7.80776e-05
0.00515491
0.00114721
0.00518949
0.000570275
0.00519259
0.000147814
0.0051935
6.59849e-06
0.00519327
-9.44441e-06
0.00519368
4.69741e-06
0.00519383
8.73043e-06
0.00519406
1.07073e-05
0.0051942
9.26415e-06
0.00519432
8.05516e-06
0.00519441
6.61903e-06
0.00519449
5.52245e-06
0.00519454
4.56314e-06
0.00519459
3.80693e-06
0.00519463
3.18931e-06
0.00519466
2.6989e-06
0.00519468
2.2976e-06
0.0051947
1.97185e-06
0.00519471
1.70309e-06
0.00519472
1.47773e-06
0.00519473
1.2857e-06
0.00519474
1.12326e-06
0.00519474
9.82051e-07
0.00519474
8.60576e-07
0.00519474
7.5478e-07
0.00519474
6.62661e-07
0.00519474
5.80485e-07
0.00519473
5.09925e-07
0.00519473
4.46937e-07
0.00519473
3.92029e-07
0.00519472
3.42952e-07
0.00519472
3.01276e-07
0.00519472
2.6299e-07
0.00519471
2.30169e-07
0.00519471
2.00448e-07
0.0051947
1.75459e-07
0.0051947
1.51735e-07
0.0051947
1.31952e-07
0.0051947
1.1344e-07
0.00519469
9.82857e-08
0.00519469
8.39485e-08
0.00519469
7.31228e-08
0.00519469
6.2457e-08
0.00519468
5.45403e-08
0.00519468
4.63742e-08
0.00519468
4.0644e-08
0.00519468
3.4294e-08
0.00519468
3.01776e-08
0.00519468
2.55446e-08
0.00519468
2.26429e-08
0.00519468
1.90247e-08
0.00519468
1.75829e-08
0.00519467
1.46284e-08
0.00519467
1.39046e-08
0.00519467
1.24167e-08
0.00519467
1.22268e-08
0.00519467
1.04607e-08
0.00519467
9.97111e-09
0.00519467
7.95206e-09
0.00519467
6.90859e-09
0.00519467
4.35253e-09
0.00519467
3.34627e-09
0.00519467
1.06984e-09
0.00519467
5.77924e-10
0.00519467
-8.06563e-10
0.00519467
-4.33588e-10
0.00519467
-1.03479e-09
0.00519467
-2.8925e-10
0.00519467
-7.5566e-10
0.00519467
-7.14529e-12
0.00519467
-3.79191e-10
0.00519467
4.30183e-10
0.00519467
1.57909e-10
0.00519467
1.33355e-09
0.00519467
1.4733e-09
0.00519467
2.60966e-09
0.00519467
2.86571e-09
0.00519467
4.15136e-09
0.00519467
4.48226e-09
0.00519467
5.99571e-09
0.00519467
7.02292e-09
0.00519467
9.61858e-09
0.00519467
1.24618e-08
0.00519467
1.73364e-08
0.00519467
2.33122e-08
0.00519467
3.26696e-08
0.00519467
4.50009e-08
0.00519467
6.31447e-08
0.00519467
8.82411e-08
0.00519467
1.23857e-07
0.00519467
1.75097e-07
0.00519467
2.46736e-07
0.00519466
3.61594e-07
0.00519464
5.23873e-07
0.00519459
8.78895e-07
0.00519449
1.47772e-06
0.00519428
4.09829e-06
0.00519403
1.10408e-05
0.00519347
3.93344e-05
7.87395e-05
0.0051431
0.0010041
0.00518465
0.000528735
0.00519094
0.000141525
0.00519182
5.71002e-06
0.00519146
-9.07786e-06
0.00519193
4.22217e-06
0.00519229
8.374e-06
0.00519274
1.02552e-05
0.00519309
8.91479e-06
0.00519339
7.75198e-06
0.00519363
6.3796e-06
0.00519383
5.32517e-06
0.00519399
4.40327e-06
0.00519412
3.67467e-06
0.00519423
3.08008e-06
0.00519432
2.60817e-06
0.0051944
2.22204e-06
0.00519446
1.90869e-06
0.00519451
1.65015e-06
0.00519456
1.43311e-06
0.0051946
1.24808e-06
0.00519463
1.09185e-06
0.00519465
9.55802e-07
0.00519467
8.38732e-07
0.00519469
7.36757e-07
0.00519471
6.47887e-07
0.00519472
5.68192e-07
0.00519473
4.99755e-07
0.00519474
4.38778e-07
0.00519474
3.85527e-07
0.00519475
3.37704e-07
0.00519475
2.97296e-07
0.00519476
2.59998e-07
0.00519476
2.27891e-07
0.00519476
1.98759e-07
0.00519476
1.74322e-07
0.00519476
1.5092e-07
0.00519476
1.31424e-07
0.00519476
1.13068e-07
0.00519476
9.79909e-08
0.00519476
8.36825e-08
0.00519476
7.29892e-08
0.00519476
6.23647e-08
0.00519476
5.44969e-08
0.00519476
4.63508e-08
0.00519476
4.06991e-08
0.00519476
3.43612e-08
0.00519476
3.03083e-08
0.00519476
2.57323e-08
0.00519476
2.28791e-08
0.00519476
1.9208e-08
0.00519476
1.79129e-08
0.00519476
1.50241e-08
0.00519476
1.43404e-08
0.00519476
1.28304e-08
0.00519476
1.27736e-08
0.00519476
1.10129e-08
0.00519476
1.04965e-08
0.00519476
8.42519e-09
0.00519476
7.30368e-09
0.00519476
4.59745e-09
0.00519476
3.46431e-09
0.00519476
1.00873e-09
0.00519476
4.16187e-10
0.00519476
-1.1208e-09
0.00519476
-7.46558e-10
0.00519476
-1.40677e-09
0.00519476
-6.34099e-10
0.00519476
-1.04058e-09
0.00519476
-2.41157e-10
0.00519476
-5.96752e-10
0.00519476
3.57214e-10
0.00519476
1.47922e-10
0.00519476
1.41687e-09
0.00519476
1.61558e-09
0.00519476
2.8555e-09
0.00519476
3.08415e-09
0.00519476
4.32479e-09
0.00519476
4.59913e-09
0.00519476
6.06206e-09
0.00519476
7.01153e-09
0.00519476
9.55869e-09
0.00519476
1.23377e-08
0.00519476
1.71915e-08
0.00519476
2.29875e-08
0.00519476
3.21187e-08
0.00519476
4.40891e-08
0.00519476
6.17469e-08
0.00519477
8.61484e-08
0.00519477
1.20951e-07
0.00519477
1.71454e-07
0.00519478
2.42985e-07
0.00519478
3.60021e-07
0.00519477
5.29438e-07
0.00519475
9.04137e-07
0.00519469
1.52946e-06
0.00519462
4.17577e-06
0.00519467
1.09848e-05
0.00519521
3.88012e-05
7.7237e-05
0.00513321
0.000870888
0.00518039
0.000481557
0.00518947
0.000132452
0.0051903
4.87062e-06
0.00518979
-8.56881e-06
0.00519031
3.71133e-06
0.00519084
7.8439e-06
0.00519149
9.60045e-06
0.00519202
8.38067e-06
0.00519249
7.28866e-06
0.00519286
6.00642e-06
0.00519317
5.01602e-06
0.00519342
4.15039e-06
0.00519363
3.46464e-06
0.00519381
2.9054e-06
0.00519395
2.46178e-06
0.00519408
2.0988e-06
0.00519418
1.80431e-06
0.00519427
1.56129e-06
0.00519435
1.35702e-06
0.00519441
1.18275e-06
0.00519447
1.03594e-06
0.00519452
9.07937e-07
0.00519456
7.97728e-07
0.00519459
7.01684e-07
0.00519462
6.17964e-07
0.00519465
5.42476e-07
0.00519467
4.7762e-07
0.00519469
4.19958e-07
0.0051947
3.69596e-07
0.00519472
3.24092e-07
0.00519473
2.85844e-07
0.00519474
2.50406e-07
0.00519475
2.19778e-07
0.00519475
1.91902e-07
0.00519476
1.68614e-07
0.00519476
1.46092e-07
0.00519477
1.27365e-07
0.00519477
1.09612e-07
0.00519477
9.50027e-08
0.00519478
8.10488e-08
0.00519478
7.07606e-08
0.00519478
6.04396e-08
0.00519478
5.28535e-08
0.00519478
4.49325e-08
0.00519478
3.95374e-08
0.00519478
3.33737e-08
0.00519479
2.95177e-08
0.00519479
2.51282e-08
0.00519479
2.24414e-08
0.00519479
1.8813e-08
0.00519479
1.7707e-08
0.00519479
1.49724e-08
0.00519479
1.43916e-08
0.00519479
1.28913e-08
0.00519479
1.29814e-08
0.00519479
1.12818e-08
0.00519479
1.07791e-08
0.00519479
8.69277e-09
0.00519479
7.54088e-09
0.00519478
4.73634e-09
0.00519478
3.49116e-09
0.00519479
8.99286e-10
0.00519479
2.09561e-10
0.00519479
-1.47635e-09
0.00519479
-1.1141e-09
0.00519479
-1.82274e-09
0.00519479
-1.046e-09
0.00519479
-1.37921e-09
0.00519479
-5.13284e-10
0.00519479
-8.36573e-10
0.00519479
2.54206e-10
0.00519479
1.41872e-10
0.00519479
1.4967e-09
0.00519479
1.7473e-09
0.00519479
3.07405e-09
0.00519479
3.27486e-09
0.00519479
4.4295e-09
0.00519479
4.62217e-09
0.00519479
6.00222e-09
0.00519479
6.84863e-09
0.00519479
9.28982e-09
0.00519479
1.19402e-08
0.00519479
1.66775e-08
0.00519479
2.21815e-08
0.00519479
3.08822e-08
0.00519479
4.22193e-08
0.0051948
5.89828e-08
0.0051948
8.21318e-08
0.00519481
1.153e-07
0.00519481
1.63842e-07
0.00519482
2.33385e-07
0.00519483
3.49144e-07
0.00519484
5.19961e-07
0.00519485
9.00604e-07
0.00519485
1.52997e-06
0.0051949
4.12131e-06
0.00519526
1.06303e-05
0.00519681
3.72431e-05
7.37563e-05
0.00512497
0.000745916
0.00517671
0.000429817
0.0051882
0.000120966
0.00518898
4.09239e-06
0.00518832
-7.91277e-06
0.00518884
3.18886e-06
0.00518952
7.16469e-06
0.00519035
8.76956e-06
0.00519105
7.68373e-06
0.00519165
6.68386e-06
0.00519215
5.51455e-06
0.00519255
4.60733e-06
0.00519289
3.81452e-06
0.00519317
3.18507e-06
0.0051934
2.67207e-06
0.0051936
2.26539e-06
0.00519376
1.93261e-06
0.00519391
1.66269e-06
0.00519403
1.43989e-06
0.00519413
1.25236e-06
0.00519422
1.0922e-06
0.0051943
9.57633e-07
0.00519437
8.40242e-07
0.00519443
7.39105e-07
0.00519448
6.50882e-07
0.00519452
5.74005e-07
0.00519456
5.04286e-07
0.00519459
4.44349e-07
0.00519462
3.91175e-07
0.00519465
3.4482e-07
0.00519467
3.02628e-07
0.00519469
2.67352e-07
0.0051947
2.34562e-07
0.00519472
2.06125e-07
0.00519473
1.80129e-07
0.00519474
1.5854e-07
0.00519475
1.37423e-07
0.00519475
1.19914e-07
0.00519476
1.03187e-07
0.00519477
8.94214e-08
0.00519477
7.61346e-08
0.00519477
6.65074e-08
0.00519478
5.67391e-08
0.00519478
4.96558e-08
0.00519478
4.21593e-08
0.00519479
3.71917e-08
0.00519479
3.1358e-08
0.00519479
2.78226e-08
0.00519479
2.37422e-08
0.00519479
2.1336e-08
0.00519479
1.78518e-08
0.00519479
1.69711e-08
0.00519479
1.44659e-08
0.00519479
1.40489e-08
0.00519479
1.25987e-08
0.00519479
1.28441e-08
0.00519479
1.12541e-08
0.00519479
1.08116e-08
0.00519479
8.74502e-09
0.00519479
7.60932e-09
0.00519479
4.76565e-09
0.00519479
3.42595e-09
0.00519479
7.43345e-10
0.00519479
-3.9001e-11
0.00519479
-1.86254e-09
0.0051948
-1.53272e-09
0.0051948
-2.27537e-09
0.0051948
-1.51478e-09
0.0051948
-1.76956e-09
0.0051948
-8.19793e-10
0.0051948
-1.09023e-09
0.0051948
1.23433e-10
0.0051948
1.36914e-10
0.0051948
1.57523e-09
0.0051948
1.86792e-09
0.0051948
3.25659e-09
0.0051948
3.43386e-09
0.0051948
4.46685e-09
0.0051948
4.55281e-09
0.0051948
5.81801e-09
0.0051948
6.54015e-09
0.0051948
8.82687e-09
0.0051948
1.12855e-08
0.0051948
1.58147e-08
0.0051948
2.09245e-08
0.0051948
2.90101e-08
0.00519481
3.94676e-08
0.00519481
5.49605e-08
0.00519482
7.63456e-08
0.00519483
1.07108e-07
0.00519484
1.52511e-07
0.00519485
2.18205e-07
0.00519487
3.29147e-07
0.0051949
4.95373e-07
0.00519493
8.67721e-07
0.00519498
1.47848e-06
0.00519516
3.93721e-06
0.0051958
9.99238e-06
0.0051983
3.47445e-05
6.84964e-05
0.00511815
0.00062776
0.00517357
0.000374403
0.00518712
0.000107411
0.00518784
3.37739e-06
0.00518704
-7.11066e-06
0.00518755
2.67233e-06
0.00518836
6.35956e-06
0.00518934
7.78768e-06
0.00519018
6.84549e-06
0.00519091
5.95598e-06
0.0051915
4.91902e-06
0.005192
4.11153e-06
0.00519241
3.40579e-06
0.00519275
2.84432e-06
0.00519303
2.38704e-06
0.00519327
2.02487e-06
0.00519348
1.72839e-06
0.00519365
1.48803e-06
0.0051938
1.28954e-06
0.00519393
1.12219e-06
0.00519404
9.79091e-07
0.00519414
8.59241e-07
0.00519423
7.54706e-07
0.0051943
6.64596e-07
0.00519437
5.85869e-07
0.00519442
5.17318e-07
0.00519447
4.54752e-07
0.00519452
4.00942e-07
0.00519456
3.53297e-07
0.00519459
3.11938e-07
0.00519462
2.73963e-07
0.00519464
2.42391e-07
0.00519466
2.12946e-07
0.00519468
1.87345e-07
0.0051947
1.638e-07
0.00519471
1.44409e-07
0.00519472
1.2518e-07
0.00519473
1.093e-07
0.00519474
9.39845e-08
0.00519475
8.14148e-08
0.00519476
6.90897e-08
0.00519476
6.03578e-08
0.00519477
5.13748e-08
0.00519477
4.4996e-08
0.00519478
3.8111e-08
0.00519478
3.37304e-08
0.00519478
2.83745e-08
0.00519479
2.52691e-08
0.00519479
2.16098e-08
0.00519479
1.95905e-08
0.00519479
1.63541e-08
0.00519479
1.57306e-08
0.00519479
1.35165e-08
0.00519479
1.33171e-08
0.0051948
1.19643e-08
0.0051948
1.2369e-08
0.0051948
1.09287e-08
0.0051948
1.05936e-08
0.0051948
8.58108e-09
0.0051948
7.50336e-09
0.0051948
4.68356e-09
0.0051948
3.27243e-09
0.0051948
5.42259e-10
0.0051948
-3.23897e-10
0.0051948
-2.26905e-09
0.0051948
-1.9946e-09
0.0051948
-2.75688e-09
0.0051948
-2.0269e-09
0.0051948
-2.20516e-09
0.0051948
-1.15665e-09
0.0051948
-1.35146e-09
0.0051948
-2.88127e-11
0.0051948
1.30635e-10
0.0051948
1.65193e-09
0.0051948
1.97766e-09
0.0051948
3.39668e-09
0.0051948
3.55524e-09
0.0051948
4.4402e-09
0.0051948
4.39432e-09
0.0051948
5.51468e-09
0.0051948
6.09292e-09
0.0051948
8.18715e-09
0.0051948
1.03937e-08
0.0051948
1.46286e-08
0.00519481
1.9252e-08
0.00519481
2.65595e-08
0.00519481
3.59167e-08
0.00519482
4.9801e-08
0.00519483
6.89603e-08
0.00519484
9.66114e-08
0.00519485
1.37765e-07
0.00519487
1.97823e-07
0.0051949
3.00473e-07
0.00519494
4.56145e-07
0.005195
8.06137e-07
0.0051951
1.37639e-06
0.00519541
3.63022e-06
0.00519631
9.09247e-06
0.00519965
3.14023e-05
6.16651e-05
0.00511259
0.000515171
0.00517093
0.000316056
0.00518623
9.21141e-05
0.00518689
2.72133e-06
0.00518595
-6.16942e-06
0.00518645
2.17323e-06
0.00518736
5.45022e-06
0.00518846
6.67878e-06
0.00518942
5.88705e-06
0.00519026
5.12319e-06
0.00519094
4.2348e-06
0.00519151
3.54105e-06
0.00519198
2.93445e-06
0.00519237
2.45088e-06
0.0051927
2.05742e-06
0.00519298
1.7462e-06
0.00519322
1.49125e-06
0.00519342
1.28469e-06
0.0051936
1.11399e-06
0.00519375
9.69792e-07
0.00519388
8.46287e-07
0.005194
7.4327e-07
0.0051941
6.53504e-07
0.00519419
5.76113e-07
0.00519427
5.08335e-07
0.00519434
4.49384e-07
0.00519439
3.95171e-07
0.00519445
3.4855e-07
0.00519449
3.07342e-07
0.00519453
2.71831e-07
0.00519457
2.38877e-07
0.0051946
2.11658e-07
0.00519463
1.86154e-07
0.00519465
1.63958e-07
0.00519467
1.43374e-07
0.00519469
1.26621e-07
0.0051947
1.09715e-07
0.00519472
9.58295e-08
0.00519473
8.22647e-08
0.00519474
7.12106e-08
0.00519475
6.012e-08
0.00519475
5.24917e-08
0.00519476
4.45055e-08
0.00519477
3.90097e-08
0.00519477
3.29037e-08
0.00519478
2.92531e-08
0.00519478
2.45123e-08
0.00519478
2.19319e-08
0.00519479
1.87892e-08
0.00519479
1.72521e-08
0.00519479
1.43654e-08
0.00519479
1.40288e-08
0.00519479
1.21534e-08
0.00519479
1.22157e-08
0.00519479
1.10104e-08
0.0051948
1.15761e-08
0.0051948
1.03162e-08
0.0051948
1.01324e-08
0.0051948
8.20821e-09
0.0051948
7.22461e-09
0.0051948
4.48967e-09
0.0051948
3.03798e-09
0.0051948
2.98512e-10
0.0051948
-6.37339e-10
0.0051948
-2.68539e-09
0.0051948
-2.48762e-09
0.0051948
-3.25894e-09
0.0051948
-2.56643e-09
0.0051948
-2.67574e-09
0.0051948
-1.51818e-09
0.0051948
-1.61526e-09
0.0051948
-1.93389e-10
0.0051948
1.18686e-10
0.0051948
1.72499e-09
0.0051948
2.07662e-09
0.0051948
3.49119e-09
0.0051948
3.63182e-09
0.0051948
4.35383e-09
0.0051948
4.1524e-09
0.0051948
5.10105e-09
0.0051948
5.51556e-09
0.0051948
7.39011e-09
0.00519481
9.2893e-09
0.00519481
1.31503e-08
0.00519481
1.72034e-08
0.00519481
2.3594e-08
0.00519482
3.16566e-08
0.00519482
4.36374e-08
0.00519483
6.01627e-08
0.00519484
8.40747e-08
0.00519486
1.19963e-07
0.00519489
1.72731e-07
0.00519492
2.63811e-07
0.00519498
4.03272e-07
0.00519507
7.17645e-07
0.00519521
1.22709e-06
0.00519563
3.21094e-06
0.00519677
7.95761e-06
0.00520085
2.73226e-05
5.34774e-05
0.00510813
0.000407038
0.00516878
0.000255409
0.00518551
7.53841e-05
0.00518612
2.11626e-06
0.00518505
-5.10194e-06
0.00518552
1.69761e-06
0.00518652
4.45683e-06
0.00518773
5.46576e-06
0.00518879
4.82916e-06
0.00518971
4.20336e-06
0.00519047
3.47678e-06
0.0051911
2.90834e-06
0.00519162
2.41082e-06
0.00519206
2.01336e-06
0.00519243
1.69044e-06
0.00519274
1.43552e-06
0.005193
1.22643e-06
0.00519323
1.05719e-06
0.00519343
9.17175e-07
0.0051936
7.9859e-07
0.00519375
6.9681e-07
0.00519388
6.12398e-07
0.00519399
5.38979e-07
0.00519409
4.75726e-07
0.00519418
4.20126e-07
0.00519426
3.71836e-07
0.00519433
3.2698e-07
0.00519439
2.88459e-07
0.00519444
2.54458e-07
0.00519448
2.25506e-07
0.00519453
1.98259e-07
0.00519456
1.75955e-07
0.00519459
1.54887e-07
0.00519462
1.36578e-07
0.00519464
1.19397e-07
0.00519466
1.05657e-07
0.00519468
9.14492e-08
0.0051947
7.98775e-08
0.00519471
6.83509e-08
0.00519472
5.90897e-08
0.00519473
4.9479e-08
0.00519474
4.3134e-08
0.00519475
3.63307e-08
0.00519476
3.18709e-08
0.00519476
2.66861e-08
0.00519477
2.38863e-08
0.00519477
1.98848e-08
0.00519478
1.7911e-08
0.00519478
1.53602e-08
0.00519478
1.4386e-08
0.00519479
1.19442e-08
0.00519479
1.19245e-08
0.00519479
1.0421e-08
0.00519479
1.0778e-08
0.00519479
9.76837e-09
0.00519479
1.04958e-08
0.0051948
9.4374e-09
0.0051948
9.4428e-09
0.0051948
7.64079e-09
0.0051948
6.78233e-09
0.0051948
4.18544e-09
0.0051948
2.73237e-09
0.0051948
1.73364e-11
0.0051948
-9.721e-10
0.0051948
-3.10067e-09
0.0051948
-2.99633e-09
0.0051948
-3.77192e-09
0.0051948
-3.11648e-09
0.0051948
-3.16826e-09
0.0051948
-1.89605e-09
0.0051948
-1.87784e-09
0.0051948
-3.61491e-10
0.0051948
9.82037e-11
0.0051948
1.79105e-09
0.0051948
2.16409e-09
0.0051948
3.54051e-09
0.0051948
3.65673e-09
0.0051948
4.21195e-09
0.0051948
3.83518e-09
0.0051948
4.58923e-09
0.0051948
4.81903e-09
0.0051948
6.45627e-09
0.00519481
8.00049e-09
0.00519481
1.14158e-08
0.00519481
1.48221e-08
0.00519481
2.01827e-08
0.00519482
2.67843e-08
0.00519483
3.66135e-08
0.00519484
5.01541e-08
0.00519485
6.97931e-08
0.00519487
9.95181e-08
0.0051949
1.4353e-07
0.00519494
2.20088e-07
0.00519501
3.38227e-07
0.00519512
6.05067e-07
0.00519531
1.03571e-06
0.00519583
2.69322e-06
0.00519717
6.61967e-06
0.00520187
2.2619e-05
4.41533e-05
0.00510469
0.000302354
0.00516708
0.000193012
0.00518494
5.75203e-05
0.00518551
1.55239e-06
0.00518433
-3.92649e-06
0.00518478
1.24674e-06
0.00518584
3.39813e-06
0.00518714
4.17059e-06
0.00518827
3.69217e-06
0.00518926
3.2142e-06
0.00519008
2.65977e-06
0.00519076
2.22583e-06
0.00519133
1.84529e-06
0.0051918
1.54046e-06
0.0051922
1.29343e-06
0.00519254
1.0991e-06
0.00519282
9.39312e-07
0.00519307
8.10196e-07
0.00519328
7.03175e-07
0.00519347
6.12165e-07
0.00519363
5.33818e-07
0.00519378
4.69444e-07
0.0051939
4.13618e-07
0.00519401
3.65643e-07
0.00519411
3.23216e-07
0.00519419
2.86438e-07
0.00519427
2.51744e-07
0.00519433
2.22069e-07
0.00519439
1.95901e-07
0.00519444
1.74072e-07
0.00519449
1.53092e-07
0.00519453
1.36171e-07
0.00519456
1.19932e-07
0.00519459
1.05902e-07
0.00519462
9.24844e-08
0.00519464
8.20666e-08
0.00519467
7.08678e-08
0.00519468
6.18763e-08
0.0051947
5.26192e-08
0.00519471
4.53784e-08
0.00519472
3.74611e-08
0.00519473
3.25476e-08
0.00519474
2.7083e-08
0.00519475
2.37856e-08
0.00519476
1.96356e-08
0.00519477
1.77801e-08
0.00519477
1.46248e-08
0.00519477
1.33279e-08
0.00519478
1.14223e-08
0.00519478
1.10732e-08
0.00519478
9.16044e-09
0.00519479
9.48865e-09
0.00519479
8.37652e-09
0.00519479
9.04946e-09
0.00519479
8.27822e-09
0.00519479
9.16764e-09
0.00519479
8.32236e-09
0.0051948
8.54649e-09
0.0051948
6.89923e-09
0.0051948
6.19312e-09
0.0051948
3.77543e-09
0.0051948
2.36639e-09
0.0051948
-2.9402e-10
0.0051948
-1.31965e-09
0.0051948
-3.50468e-09
0.0051948
-3.50325e-09
0.0051948
-4.28418e-09
0.0051948
-3.6603e-09
0.0051948
-3.66766e-09
0.0051948
-2.27964e-09
0.0051948
-2.13604e-09
0.0051948
-5.25447e-10
0.0051948
6.82669e-11
0.0051948
1.84555e-09
0.0051948
2.23782e-09
0.0051948
3.54783e-09
0.0051948
3.62506e-09
0.0051948
4.018e-09
0.0051948
3.45276e-09
0.0051948
3.99431e-09
0.0051948
4.01723e-09
0.00519481
5.40634e-09
0.00519481
6.55861e-09
0.00519481
9.4656e-09
0.00519481
1.21562e-08
0.00519482
1.6399e-08
0.00519482
2.14036e-08
0.00519483
2.88825e-08
0.00519484
3.91491e-08
0.00519486
5.40849e-08
0.00519488
7.68915e-08
0.00519491
1.10911e-07
0.00519496
1.70443e-07
0.00519504
2.62907e-07
0.00519517
4.72113e-07
0.0051954
8.0885e-07
0.005196
2.0936e-06
0.0051975
5.11451e-06
0.00520271
1.74104e-05
3.39163e-05
0.00510216
0.000200194
0.00516582
0.000129351
0.00518453
3.88127e-05
0.00518506
1.01927e-06
0.0051838
-2.66587e-06
0.00518423
8.17985e-07
0.00518534
2.29159e-06
0.00518669
2.81447e-06
0.00518789
2.49617e-06
0.00518893
2.1732e-06
0.00518979
1.79854e-06
0.00519051
1.50597e-06
0.00519111
1.2483e-06
0.00519161
1.04097e-06
0.00519203
8.73826e-07
0.00519238
7.43288e-07
0.00519269
6.3538e-07
0.00519295
5.48477e-07
0.00519317
4.76176e-07
0.00519337
4.14215e-07
0.00519355
3.60588e-07
0.0051937
3.17344e-07
0.00519383
2.8003e-07
0.00519395
2.48182e-07
0.00519405
2.19685e-07
0.00519414
1.95055e-07
0.00519422
1.71126e-07
0.0051943
1.50871e-07
0.00519436
1.33017e-07
0.00519441
1.18727e-07
0.00519446
1.04436e-07
0.0051945
9.32656e-08
0.00519454
8.21454e-08
0.00519458
7.26865e-08
0.0051946
6.33114e-08
0.00519463
5.64511e-08
0.00519465
4.85027e-08
0.00519467
4.23039e-08
0.00519469
3.54902e-08
0.0051947
3.04404e-08
0.00519472
2.43921e-08
0.00519473
2.10261e-08
0.00519474
1.70203e-08
0.00519475
1.4985e-08
0.00519475
1.19535e-08
0.00519476
1.11046e-08
0.00519477
8.87998e-09
0.00519477
8.3203e-09
0.00519478
7.09245e-09
0.00519478
7.40863e-09
0.00519478
6.09299e-09
0.00519479
6.80128e-09
0.00519479
6.08803e-09
0.00519479
7.0855e-09
0.00519479
6.587e-09
0.00519479
7.63832e-09
0.00519479
7.0097e-09
0.00519479
7.47127e-09
0.0051948
6.00869e-09
0.0051948
5.47971e-09
0.0051948
3.26857e-09
0.0051948
1.95092e-09
0.0051948
-6.26574e-10
0.0051948
-1.67004e-09
0.0051948
-3.8876e-09
0.0051948
-3.99053e-09
0.0051948
-4.78183e-09
0.0051948
-4.18188e-09
0.0051948
-4.15768e-09
0.0051948
-2.65694e-09
0.0051948
-2.38631e-09
0.0051948
-6.79657e-10
0.0051948
2.97103e-11
0.0051948
1.88366e-09
0.0051948
2.29395e-09
0.0051948
3.51762e-09
0.0051948
3.53532e-09
0.0051948
3.77459e-09
0.0051948
3.01655e-09
0.0051948
3.33369e-09
0.0051948
3.12777e-09
0.00519481
4.26104e-09
0.00519481
4.99691e-09
0.00519481
7.34377e-09
0.00519481
9.25855e-09
0.00519482
1.232e-08
0.00519482
1.56245e-08
0.00519483
2.06061e-08
0.00519484
2.73746e-08
0.00519486
3.72882e-08
0.00519488
5.25874e-08
0.00519492
7.56528e-08
0.00519497
1.1619e-07
0.00519506
1.79564e-07
0.00519521
3.23231e-07
0.00519546
5.54311e-07
0.00519612
1.43073e-06
0.00519776
3.48119e-06
0.00520335
1.18198e-05
2.29926e-05
0.00510051
9.9686e-05
0.00516499
6.48724e-05
0.00518425
1.95458e-05
0.00518477
5.06383e-07
0.00518345
-1.34644e-06
0.00518386
4.05723e-07
0.005185
1.15369e-06
0.00518639
1.41804e-06
0.00518763
1.26097e-06
0.0051887
1.09772e-06
0.0051896
9.07825e-07
0.00519034
7.61198e-07
0.00519096
6.30332e-07
0.00519148
5.23718e-07
0.00519191
4.39122e-07
0.00519228
3.74514e-07
0.00519259
3.20204e-07
0.00519287
2.76896e-07
0.0051931
2.40461e-07
0.00519331
2.08531e-07
0.00519349
1.80484e-07
0.00519365
1.59119e-07
0.00519378
1.40914e-07
0.00519391
1.2575e-07
0.00519401
1.11693e-07
0.00519411
9.96327e-08
0.00519419
8.68667e-08
0.00519427
7.64256e-08
0.00519433
6.72178e-08
0.00519439
6.07311e-08
0.00519444
5.34107e-08
0.00519449
4.82483e-08
0.00519453
4.24348e-08
0.00519456
3.77409e-08
0.00519459
3.25983e-08
0.00519462
2.94548e-08
0.00519464
2.49227e-08
0.00519466
2.1671e-08
0.00519468
1.74179e-08
0.0051947
1.4669e-08
0.00519471
1.06223e-08
0.00519472
8.886e-09
0.00519473
6.41941e-09
0.00519474
5.71726e-09
0.00519475
3.85986e-09
0.00519476
4.04664e-09
0.00519476
2.80967e-09
0.00519477
3.03648e-09
0.00519477
2.50128e-09
0.00519478
3.49918e-09
0.00519478
2.82819e-09
0.00519478
3.94791e-09
0.00519479
3.63156e-09
0.00519479
4.94921e-09
0.00519479
4.74738e-09
0.00519479
5.95959e-09
0.00519479
5.54512e-09
0.00519479
6.25047e-09
0.0051948
4.99808e-09
0.0051948
4.66921e-09
0.0051948
2.67913e-09
0.0051948
1.49658e-09
0.0051948
-9.70181e-10
0.0051948
-2.01233e-09
0.0051948
-4.23968e-09
0.0051948
-4.44116e-09
0.0051948
-5.24909e-09
0.0051948
-4.6662e-09
0.0051948
-4.62167e-09
0.0051948
-3.01563e-09
0.0051948
-2.62385e-09
0.0051948
-8.20981e-10
0.0051948
-1.53427e-11
0.0051948
1.90112e-09
0.0051948
2.32745e-09
0.0051948
3.4541e-09
0.0051948
3.39014e-09
0.0051948
3.48424e-09
0.0051948
2.5384e-09
0.0051948
2.62629e-09
0.0051948
2.17218e-09
0.00519481
3.04144e-09
0.00519481
3.34962e-09
0.00519481
5.09679e-09
0.00519481
6.1869e-09
0.00519482
8.02553e-09
0.00519482
9.56188e-09
0.00519483
1.19521e-08
0.00519484
1.50679e-08
0.00519486
1.97548e-08
0.00519489
2.71439e-08
0.00519492
3.85945e-08
0.00519498
5.87848e-08
0.00519507
9.07223e-08
0.00519523
1.63425e-07
0.0051955
2.80812e-07
0.00519621
7.24846e-07
0.00519793
1.76112e-06
0.00520378
5.97305e-06
1.16103e-05
0.0050997
-4.2184e-09
0.00516457
-8.73066e-09
0.00518412
2.00867e-11
0.00518462
3.37947e-09
0.00518327
3.07093e-09
0.00518368
2.2823e-09
0.00518483
2.30406e-10
0.00518625
1.49083e-09
0.0051875
6.22221e-09
0.00518859
5.02231e-09
0.0051895
2.31485e-09
0.00519026
3.92663e-09
0.00519088
1.86967e-09
0.00519141
-2.40689e-09
0.00519185
-3.13729e-09
0.00519223
-7.45637e-10
0.00519255
-5.93249e-10
0.00519282
3.70544e-10
0.00519306
3.71545e-10
0.00519327
-1.03169e-09
0.00519346
-3.06545e-09
0.00519362
-2.15731e-09
0.00519376
-9.72555e-10
0.00519389
8.12678e-10
0.005194
1.45426e-09
0.00519409
2.16747e-09
0.00519418
7.59605e-10
0.00519426
3.41586e-10
0.00519432
-3.97872e-11
0.00519438
1.39032e-09
0.00519443
1.17663e-09
0.00519448
2.16318e-09
0.00519452
1.74413e-09
0.00519456
1.90632e-09
0.00519459
1.0961e-09
0.00519462
1.74986e-09
0.00519464
7.20996e-10
0.00519466
5.0902e-10
0.00519468
-1.12114e-09
0.0051947
-1.52162e-09
0.00519471
-3.48307e-09
0.00519472
-3.5408e-09
0.00519473
-4.43043e-09
0.00519474
-3.75956e-09
0.00519475
-4.41351e-09
0.00519476
-3.19407e-09
0.00519476
-3.41863e-09
0.00519477
-2.36971e-09
0.00519477
-2.21103e-09
0.00519478
-5.38912e-10
0.00519478
-5.41826e-10
0.00519478
1.0161e-09
0.00519479
1.08824e-09
0.00519479
2.70909e-09
0.00519479
2.81595e-09
0.00519479
4.18636e-09
0.00519479
3.97973e-09
0.00519479
4.92234e-09
0.0051948
3.89902e-09
0.0051948
3.79098e-09
0.0051948
2.02677e-09
0.0051948
1.01413e-09
0.0051948
-1.31434e-09
0.0051948
-2.33513e-09
0.0051948
-4.55101e-09
0.0051948
-4.83993e-09
0.0051948
-5.66912e-09
0.0051948
-5.09932e-09
0.0051948
-5.04327e-09
0.0051948
-3.34407e-09
0.0051948
-2.84235e-09
0.0051948
-9.48422e-10
0.0051948
-6.43026e-11
0.0051948
1.89485e-09
0.0051948
2.33312e-09
0.0051948
3.35989e-09
0.0051948
3.1959e-09
0.0051948
3.15041e-09
0.0051948
2.03012e-09
0.0051948
1.89142e-09
0.0051948
1.17553e-09
0.00519481
1.76979e-09
0.00519481
1.65111e-09
0.00519481
2.7725e-09
0.00519481
3.00298e-09
0.00519482
3.59798e-09
0.00519482
3.3342e-09
0.00519483
3.09266e-09
0.00519485
2.47433e-09
0.00519486
1.84593e-09
0.00519489
1.12194e-09
0.00519493
6.22018e-10
0.00519499
-2.19518e-10
0.00519508
-9.09149e-10
0.00519524
-1.92e-09
0.00519553
-2.31155e-09
0.00519625
-2.79411e-09
0.00519802
-2.68843e-09
0.00520399
-2.19576e-09
-1.54295e-09
0.0050997
-9.96944e-05
0.00516457
-6.48893e-05
0.00518412
-1.9546e-05
0.00518462
-4.99901e-07
0.00518327
1.35269e-06
0.00518368
-4.01038e-07
0.00518483
-1.15334e-06
0.00518625
-1.41514e-06
0.0051875
-1.2485e-06
0.00518859
-1.08768e-06
0.0051895
-9.03292e-07
0.00519026
-7.53416e-07
0.00519088
-6.26585e-07
0.00519141
-5.2851e-07
0.00519185
-4.45383e-07
0.00519223
-3.75991e-07
0.00519255
-3.21365e-07
0.00519282
-2.76152e-07
0.00519306
-2.39719e-07
0.00519327
-2.10585e-07
0.00519346
-1.866e-07
0.00519362
-1.63383e-07
0.00519376
-1.4284e-07
0.00519389
-1.24131e-07
0.005194
-1.08788e-07
0.00519409
-9.5317e-08
0.00519418
-8.53758e-08
0.00519426
-7.57498e-08
0.00519432
-6.72785e-08
0.00519438
-5.79666e-08
0.00519443
-5.10841e-08
0.00519448
-4.39302e-08
0.00519452
-3.89664e-08
0.00519456
-3.39589e-08
0.00519459
-3.04289e-08
0.00519462
-2.59771e-08
0.00519464
-2.34962e-08
0.00519466
-2.0642e-08
0.00519468
-1.96396e-08
0.0051947
-1.77052e-08
0.00519471
-1.75511e-08
0.00519472
-1.59157e-08
0.00519473
-1.52337e-08
0.00519474
-1.31847e-08
0.00519475
-1.263e-08
0.00519476
-1.04098e-08
0.00519476
-9.6318e-09
0.00519477
-7.7436e-09
0.00519477
-6.90008e-09
0.00519478
-4.58321e-09
0.00519478
-3.92054e-09
0.00519478
-1.90732e-09
0.00519479
-1.45899e-09
0.00519479
4.36925e-10
0.00519479
8.51427e-10
0.00519479
2.37474e-09
0.00519479
2.3679e-09
0.00519479
3.52937e-09
0.0051948
2.74532e-09
0.0051948
2.87458e-09
0.0051948
1.33559e-09
0.0051948
5.15315e-10
0.0051948
-1.64886e-09
0.0051948
-2.62725e-09
0.0051948
-4.81165e-09
0.0051948
-5.17378e-09
0.0051948
-6.02517e-09
0.0051948
-5.4684e-09
0.0051948
-5.40694e-09
0.0051948
-3.63187e-09
0.0051948
-3.03425e-09
0.0051948
-1.06222e-09
0.0051948
-1.14994e-10
0.0051948
1.86323e-09
0.0051948
2.30661e-09
0.0051948
3.23549e-09
0.0051948
2.96149e-09
0.0051948
2.77861e-09
0.0051948
1.50312e-09
0.0051948
1.14792e-09
0.0051948
1.65343e-10
0.00519481
4.70241e-10
0.00519481
-6.45414e-11
0.00519481
4.19115e-10
0.00519481
-2.28357e-10
0.00519482
-8.78131e-10
0.00519482
-2.9375e-09
0.00519483
-5.79789e-09
0.00519485
-1.01551e-08
0.00519486
-1.60734e-08
0.00519489
-2.4906e-08
0.00519493
-3.73563e-08
0.00519499
-5.92221e-08
0.00519508
-9.25262e-08
0.00519524
-1.67231e-07
0.00519553
-2.85413e-07
0.00519626
-7.304e-07
0.00519802
-1.76646e-06
0.00520399
-5.97742e-06
-1.16134e-05
0.00510051
-0.000200202
0.00516499
-0.000129367
0.00518425
-3.88135e-05
0.00518477
-1.01359e-06
0.00518345
2.67244e-06
0.00518386
-8.1296e-07
0.005185
-2.29156e-06
0.00518639
-2.81181e-06
0.00518763
-2.48366e-06
0.00518871
-2.16318e-06
0.0051896
-1.79429e-06
0.00519034
-1.4984e-06
0.00519096
-1.24454e-06
0.00519148
-1.04569e-06
0.00519191
-8.80045e-07
0.00519228
-7.44722e-07
0.00519259
-6.36468e-07
0.00519287
-5.47724e-07
0.0051931
-4.75439e-07
0.00519331
-4.16242e-07
0.00519349
-3.66654e-07
0.00519365
-3.21461e-07
0.00519378
-2.81901e-07
0.00519391
-2.46584e-07
0.00519402
-2.16793e-07
0.00519411
-1.90797e-07
0.00519419
-1.69718e-07
0.00519427
-1.50217e-07
0.00519433
-1.33023e-07
0.00519439
-1.1601e-07
0.00519444
-1.02186e-07
0.00519449
-8.89739e-08
0.00519453
-7.8737e-08
0.00519456
-6.89955e-08
0.00519459
-6.12094e-08
0.00519462
-5.30387e-08
0.00519464
-4.71219e-08
0.00519467
-4.12447e-08
0.00519468
-3.76519e-08
0.0051947
-3.34532e-08
0.00519471
-3.12098e-08
0.00519472
-2.7902e-08
0.00519473
-2.56951e-08
0.00519474
-2.23005e-08
0.00519475
-2.05558e-08
0.00519476
-1.73904e-08
0.00519476
-1.56542e-08
0.00519477
-1.29333e-08
0.00519477
-1.14226e-08
0.00519478
-8.50902e-09
0.00519478
-7.20889e-09
0.00519478
-4.73827e-09
0.00519479
-3.92889e-09
0.00519479
-1.79439e-09
0.00519479
-1.08689e-09
0.00519479
5.80282e-10
0.00519479
7.64749e-10
0.00519479
2.11713e-09
0.0051948
1.57243e-09
0.0051948
1.94832e-09
0.0051948
6.32308e-10
0.0051948
1.36007e-11
0.0051948
-1.96425e-09
0.0051948
-2.87839e-09
0.0051948
-5.01202e-09
0.0051948
-5.43191e-09
0.0051948
-6.30183e-09
0.0051948
-5.76183e-09
0.0051948
-5.69847e-09
0.0051948
-3.87027e-09
0.0051948
-3.19159e-09
0.0051948
-1.16269e-09
0.0051948
-1.66299e-10
0.0051948
1.80596e-09
0.0051948
2.24535e-09
0.0051948
3.07968e-09
0.0051948
2.69648e-09
0.0051948
2.37697e-09
0.0051948
9.68566e-10
0.0051948
4.13353e-10
0.0051948
-8.2991e-10
0.00519481
-8.30616e-10
0.00519481
-1.76367e-09
0.00519481
-1.91554e-09
0.00519481
-3.4405e-09
0.00519482
-5.31667e-09
0.00519482
-9.13101e-09
0.00519483
-1.45451e-08
0.00519485
-2.25675e-08
0.00519486
-3.36387e-08
0.00519489
-5.0368e-08
0.00519493
-7.44319e-08
0.00519498
-1.16621e-07
0.00519507
-1.81324e-07
0.00519523
-3.26938e-07
0.00519551
-5.58845e-07
0.00519621
-1.43619e-06
0.00519793
-3.4864e-06
0.00520378
-1.18241e-05
-2.29957e-05
0.00510216
-0.000302362
0.00516582
-0.000193024
0.00518453
-5.75219e-05
0.00518506
-1.54791e-06
0.0051838
3.93351e-06
0.00518423
-1.2412e-06
0.00518534
-3.39859e-06
0.00518669
-4.16829e-06
0.00518789
-3.67962e-06
0.00518893
-3.20425e-06
0.00518979
-2.65594e-06
0.00519051
-2.2186e-06
0.00519111
-1.84152e-06
0.00519161
-1.54508e-06
0.00519203
-1.29958e-06
0.00519238
-1.10046e-06
0.00519269
-9.4029e-07
0.00519295
-8.09428e-07
0.00519318
-7.02445e-07
0.00519337
-6.14146e-07
0.00519355
-5.39791e-07
0.0051937
-4.73327e-07
0.00519383
-4.15403e-07
0.00519395
-3.64074e-07
0.00519405
-3.20343e-07
0.00519414
-2.82276e-07
0.00519422
-2.50469e-07
0.0051943
-2.21449e-07
0.00519436
-1.95826e-07
0.00519441
-1.7143e-07
0.00519446
-1.5096e-07
0.00519451
-1.31928e-07
0.00519454
-1.16626e-07
0.00519458
-1.02359e-07
0.00519461
-9.04924e-08
0.00519463
-7.87607e-08
0.00519465
-6.95602e-08
0.00519467
-6.07746e-08
0.00519469
-5.46855e-08
0.0051947
-4.83453e-08
0.00519472
-4.40961e-08
0.00519473
-3.9173e-08
0.00519474
-3.55257e-08
0.00519475
-3.08578e-08
0.00519475
-2.79666e-08
0.00519476
-2.393e-08
0.00519477
-2.13117e-08
0.00519477
-1.77928e-08
0.00519478
-1.56413e-08
0.00519478
-1.21939e-08
0.00519478
-1.03077e-08
0.00519478
-7.39685e-09
0.00519479
-6.24516e-09
0.00519479
-3.91322e-09
0.00519479
-2.94065e-09
0.00519479
-1.14347e-09
0.00519479
-7.76437e-10
0.0051948
7.32725e-10
0.0051948
4.17044e-10
0.0051948
1.03854e-09
0.0051948
-5.6119e-11
0.0051948
-4.75764e-10
0.0051948
-2.25163e-09
0.0051948
-3.07973e-09
0.0051948
-5.14364e-09
0.0051948
-5.60566e-09
0.0051948
-6.48609e-09
0.0051948
-5.96943e-09
0.0051948
-5.90554e-09
0.0051948
-4.05192e-09
0.0051948
-3.30706e-09
0.0051948
-1.24925e-09
0.0051948
-2.18318e-10
0.0051948
1.72363e-09
0.0051948
2.14901e-09
0.0051948
2.89066e-09
0.0051948
2.40936e-09
0.0051948
1.95611e-09
0.0051948
4.37652e-10
0.0051948
-2.96293e-10
0.0051948
-1.78257e-09
0.00519481
-2.10376e-09
0.00519481
-3.41287e-09
0.00519481
-4.18445e-09
0.00519481
-6.56634e-09
0.00519482
-9.6306e-09
0.00519482
-1.51241e-08
0.00519483
-2.29765e-08
0.00519484
-3.45115e-08
0.00519486
-5.04911e-08
0.00519489
-7.47047e-08
0.00519492
-1.09718e-07
0.00519498
-1.70864e-07
0.00519506
-2.64594e-07
0.00519521
-4.75668e-07
0.00519546
-8.13269e-07
0.00519612
-2.09889e-06
0.00519776
-5.11954e-06
0.00520335
-1.74146e-05
-3.39192e-05
0.00510468
-0.000407046
0.00516708
-0.000255419
0.00518494
-7.53868e-05
0.00518551
-2.11324e-06
0.00518433
5.10948e-06
0.00518478
-1.69148e-06
0.00518584
-4.45789e-06
0.00518714
-5.46391e-06
0.00518828
-4.8166e-06
0.00518926
-4.19354e-06
0.00519008
-3.47346e-06
0.00519076
-2.90154e-06
0.00519133
-2.40708e-06
0.0051918
-2.01785e-06
0.0051922
-1.69647e-06
0.00519254
-1.4368e-06
0.00519282
-1.22728e-06
0.00519307
-1.05641e-06
0.00519328
-9.16457e-07
0.00519347
-8.00504e-07
0.00519363
-7.02631e-07
0.00519378
-6.15978e-07
0.0051939
-5.40654e-07
0.00519401
-4.7419e-07
0.00519411
-4.17281e-07
0.00519419
-3.67808e-07
0.00519427
-3.25879e-07
0.00519434
-2.87882e-07
0.00519439
-2.54284e-07
0.00519445
-2.2296e-07
0.00519449
-1.96274e-07
0.00519453
-1.7179e-07
0.00519457
-1.51729e-07
0.0051946
-1.33238e-07
0.00519462
-1.17554e-07
0.00519465
-1.02496e-07
0.00519467
-9.02391e-08
0.00519469
-7.87311e-08
0.0051947
-7.02924e-08
0.00519471
-6.19796e-08
0.00519473
-5.58637e-08
0.00519474
-4.94207e-08
0.00519474
-4.44505e-08
0.00519475
-3.86208e-08
0.00519476
-3.46537e-08
0.00519476
-2.98335e-08
0.00519477
-2.64355e-08
0.00519477
-2.21844e-08
0.00519478
-1.94297e-08
0.00519478
-1.55221e-08
0.00519478
-1.31207e-08
0.00519479
-9.80824e-09
0.00519479
-8.33895e-09
0.00519479
-5.85182e-09
0.00519479
-4.65386e-09
0.00519479
-2.74613e-09
0.00519479
-2.20655e-09
0.0051948
-5.7734e-10
0.0051948
-6.83736e-10
0.0051948
1.69661e-10
0.0051948
-7.04696e-10
0.0051948
-9.35799e-10
0.0051948
-2.50267e-09
0.0051948
-3.22436e-09
0.0051948
-5.19988e-09
0.0051948
-5.6886e-09
0.0051948
-6.56814e-09
0.0051948
-6.08278e-09
0.0051948
-6.0183e-09
0.0051948
-4.17069e-09
0.0051948
-3.37504e-09
0.0051948
-1.31989e-09
0.0051948
-2.72022e-10
0.0051948
1.61724e-09
0.0051948
2.01934e-09
0.0051948
2.66763e-09
0.0051948
2.10641e-09
0.0051948
1.52835e-09
0.0051948
-7.81372e-11
0.0051948
-9.66599e-10
0.0051948
-2.66741e-09
0.00519481
-3.31836e-09
0.00519481
-4.97882e-09
0.00519481
-6.34165e-09
0.00519481
-9.53944e-09
0.00519482
-1.37329e-08
0.00519482
-2.07961e-08
0.00519483
-3.09226e-08
0.00519484
-4.57416e-08
0.00519486
-6.62818e-08
0.00519488
-9.73797e-08
0.00519491
-1.42374e-07
0.00519496
-2.20495e-07
0.00519504
-3.39811e-07
0.00519517
-6.08425e-07
0.0051954
-1.03996e-06
0.005196
-2.69827e-06
0.0051975
-6.62444e-06
0.00520271
-2.2623e-05
-4.41561e-05
0.00510813
-0.000515179
0.00516878
-0.000316062
0.00518551
-9.21177e-05
0.00518611
-2.71985e-06
0.00518505
6.17743e-06
0.00518552
-2.16653e-06
0.00518652
-5.45188e-06
0.00518773
-6.67741e-06
0.00518879
-5.87459e-06
0.00518971
-5.11358e-06
0.00519047
-4.23205e-06
0.0051911
-3.53478e-06
0.00519162
-2.9308e-06
0.00519206
-2.45521e-06
0.00519243
-2.0633e-06
0.00519274
-1.74737e-06
0.005193
-1.49196e-06
0.00519323
-1.28389e-06
0.00519343
-1.11328e-06
0.0051936
-9.71615e-07
0.00519375
-8.51885e-07
0.00519388
-7.46498e-07
0.00519399
-6.55052e-07
0.00519409
-5.74606e-07
0.00519418
-5.05528e-07
0.00519426
-4.45528e-07
0.00519433
-3.94274e-07
0.00519439
-3.4802e-07
0.00519444
-3.07066e-07
0.00519449
-2.694e-07
0.00519453
-2.37051e-07
0.00519456
-2.07606e-07
0.00519459
-1.83192e-07
0.00519462
-1.60866e-07
0.00519464
-1.41713e-07
0.00519467
-1.23638e-07
0.00519468
-1.08622e-07
0.0051947
-9.46475e-08
0.00519471
-8.40592e-08
0.00519473
-7.39839e-08
0.00519474
-6.61913e-08
0.00519474
-5.8363e-08
0.00519475
-5.22158e-08
0.00519476
-4.53719e-08
0.00519476
-4.04295e-08
0.00519477
-3.49238e-08
0.00519477
-3.08684e-08
0.00519478
-2.59814e-08
0.00519478
-2.26752e-08
0.00519478
-1.83892e-08
0.00519479
-1.55585e-08
0.00519479
-1.19039e-08
0.00519479
-1.01506e-08
0.00519479
-7.54899e-09
0.00519479
-6.17439e-09
0.00519479
-4.1814e-09
0.0051948
-3.48246e-09
0.0051948
-1.76951e-09
0.0051948
-1.69354e-09
0.0051948
-6.3548e-10
0.0051948
-1.29195e-09
0.0051948
-1.34936e-09
0.0051948
-2.70922e-09
0.0051948
-3.30748e-09
0.0051948
-5.17656e-09
0.0051948
-5.67662e-09
0.0051948
-6.54187e-09
0.0051948
-6.09559e-09
0.0051948
-6.03001e-09
0.0051948
-4.22143e-09
0.0051948
-3.39225e-09
0.0051948
-1.37126e-09
0.0051948
-3.2854e-10
0.0051948
1.48787e-09
0.0051948
1.85958e-09
0.0051948
2.41215e-09
0.0051948
1.79156e-09
0.0051948
1.1063e-09
0.0051948
-5.66967e-10
0.0051948
-1.58447e-09
0.0051948
-3.46283e-09
0.00519481
-4.443e-09
0.00519481
-6.42822e-09
0.00519481
-8.34236e-09
0.00519481
-1.2295e-08
0.00519482
-1.75373e-08
0.00519482
-2.60291e-08
0.00519483
-3.82189e-08
0.00519484
-5.60211e-08
0.00519485
-8.06769e-08
0.00519487
-1.1789e-07
0.0051949
-1.7162e-07
0.00519495
-2.64198e-07
0.00519501
-4.04728e-07
0.00519512
-7.20775e-07
0.00519532
-1.23112e-06
0.00519583
-3.2157e-06
0.00519717
-7.96209e-06
0.00520187
-2.73264e-05
-5.34801e-05
0.00511259
-0.000627768
0.00517093
-0.000374406
0.00518623
-0.000107416
0.00518689
-3.37732e-06
0.00518595
7.11901e-06
0.00518645
-2.66518e-06
0.00518736
-6.36176e-06
0.00518846
-7.78677e-06
0.00518942
-6.83325e-06
0.00519026
-5.94671e-06
0.00519094
-4.91681e-06
0.00519151
-4.10583e-06
0.00519198
-3.40232e-06
0.00519238
-2.84848e-06
0.00519271
-2.39271e-06
0.00519298
-2.02592e-06
0.00519322
-1.72897e-06
0.00519343
-1.48722e-06
0.0051936
-1.28885e-06
0.00519375
-1.1239e-06
0.00519389
-9.84383e-07
0.005194
-8.62089e-07
0.0051941
-7.56113e-07
0.00519419
-6.63108e-07
0.00519427
-5.83116e-07
0.00519434
-5.13671e-07
0.0051944
-4.54076e-07
0.00519445
-4.00455e-07
0.00519449
-3.52929e-07
0.00519453
-3.09635e-07
0.00519457
-2.72291e-07
0.0051946
-2.38494e-07
0.00519463
-2.10229e-07
0.00519465
-1.8454e-07
0.00519467
-1.62349e-07
0.00519469
-1.41633e-07
0.0051947
-1.24222e-07
0.00519472
-1.08101e-07
0.00519473
-9.56166e-08
0.00519474
-8.40254e-08
0.00519475
-7.47911e-08
0.00519476
-6.57514e-08
0.00519476
-5.85966e-08
0.00519477
-5.09168e-08
0.00519477
-4.51314e-08
0.00519478
-3.9048e-08
0.00519478
-3.44696e-08
0.00519478
-2.90716e-08
0.00519478
-2.52826e-08
0.00519479
-2.07062e-08
0.00519479
-1.75421e-08
0.00519479
-1.36231e-08
0.00519479
-1.16304e-08
0.00519479
-8.95263e-09
0.00519479
-7.45573e-09
0.0051948
-5.40799e-09
0.0051948
-4.56808e-09
0.0051948
-2.80549e-09
0.0051948
-2.57838e-09
0.0051948
-1.35524e-09
0.0051948
-1.80067e-09
0.0051948
-1.70051e-09
0.0051948
-2.86342e-09
0.0051948
-3.32644e-09
0.0051948
-5.07233e-09
0.0051948
-5.56828e-09
0.0051948
-6.40526e-09
0.0051948
-6.00411e-09
0.0051948
-5.93757e-09
0.0051948
-4.20001e-09
0.0051948
-3.35787e-09
0.0051948
-1.3994e-09
0.0051948
-3.88297e-10
0.0051948
1.33673e-09
0.0051948
1.67361e-09
0.0051948
2.12909e-09
0.0051948
1.46721e-09
0.0051948
7.01381e-10
0.0051948
-1.01688e-09
0.0051948
-2.13782e-09
0.0051948
-4.15146e-09
0.0051948
-5.44713e-09
0.00519481
-7.72791e-09
0.00519481
-1.01431e-08
0.00519481
-1.47706e-08
0.00519481
-2.09596e-08
0.00519482
-3.07096e-08
0.00519483
-4.47072e-08
0.00519483
-6.51251e-08
0.00519485
-9.33618e-08
0.00519487
-1.35775e-07
0.00519489
-1.96761e-07
0.00519493
-3.00837e-07
0.00519498
-4.57452e-07
0.00519507
-8.09015e-07
0.00519522
-1.38014e-06
0.00519564
-3.63464e-06
0.00519677
-9.09662e-06
0.00520085
-3.14058e-05
-6.16676e-05
0.00511815
-0.000745924
0.00517357
-0.000429818
0.00518712
-0.000120971
0.00518784
-4.09344e-06
0.00518704
7.92125e-06
0.00518755
-3.18148e-06
0.00518836
-7.16729e-06
0.00518934
-8.76902e-06
0.00519018
-7.67192e-06
0.00519091
-6.67505e-06
0.0051915
-5.51281e-06
0.005192
-4.60222e-06
0.00519241
-3.81132e-06
0.00519275
-3.18906e-06
0.00519303
-2.67748e-06
0.00519327
-2.26633e-06
0.00519348
-1.93308e-06
0.00519365
-1.66189e-06
0.0051938
-1.43923e-06
0.00519393
-1.25393e-06
0.00519405
-1.0971e-06
0.00519414
-9.60094e-07
0.00519423
-8.41493e-07
0.0051943
-7.37624e-07
0.00519437
-6.48208e-07
0.00519443
-5.70605e-07
0.00519448
-5.03829e-07
0.00519452
-4.43897e-07
0.00519456
-3.90741e-07
0.00519459
-3.42653e-07
0.00519462
-3.01091e-07
0.00519464
-2.63656e-07
0.00519466
-2.32139e-07
0.00519468
-2.03635e-07
0.0051947
-1.78909e-07
0.00519471
-1.55997e-07
0.00519473
-1.36611e-07
0.00519474
-1.18725e-07
0.00519475
-1.04648e-07
0.00519475
-9.18208e-08
0.00519476
-8.14166e-08
0.00519477
-7.13778e-08
0.00519477
-6.34039e-08
0.00519477
-5.50902e-08
0.00519478
-4.86258e-08
0.00519478
-4.20827e-08
0.00519478
-3.71215e-08
0.00519479
-3.136e-08
0.00519479
-2.71764e-08
0.00519479
-2.24019e-08
0.00519479
-1.90068e-08
0.00519479
-1.49149e-08
0.00519479
-1.27395e-08
0.00519479
-1.00217e-08
0.00519479
-8.45867e-09
0.0051948
-6.39078e-09
0.0051948
-5.43499e-09
0.0051948
-3.6542e-09
0.0051948
-3.30854e-09
0.0051948
-1.96921e-09
0.0051948
-2.21778e-09
0.0051948
-1.97609e-09
0.0051948
-2.95797e-09
0.0051948
-3.28085e-09
0.0051948
-4.88864e-09
0.0051948
-5.36513e-09
0.0051948
-6.16048e-09
0.0051948
-5.80764e-09
0.0051948
-5.7419e-09
0.0051948
-4.10383e-09
0.0051948
-3.27331e-09
0.0051948
-1.40084e-09
0.0051948
-4.50113e-10
0.0051948
1.16566e-09
0.0051948
1.46527e-09
0.0051948
1.82659e-09
0.0051948
1.13586e-09
0.0051948
3.2238e-10
0.0051948
-1.41619e-09
0.0051948
-2.61545e-09
0.0051948
-4.72019e-09
0.0051948
-6.30264e-09
0.0051948
-8.84535e-09
0.00519481
-1.17021e-08
0.00519481
-1.69071e-08
0.00519481
-2.39179e-08
0.00519482
-3.47298e-08
0.00519482
-5.02369e-08
0.00519483
-7.28426e-08
0.00519484
-1.04045e-07
0.00519485
-1.50621e-07
0.00519488
-2.17197e-07
0.0051949
-3.29486e-07
0.00519494
-4.96517e-07
0.005195
-8.7033e-07
0.00519511
-1.48192e-06
0.00519541
-3.94125e-06
0.00519631
-9.99618e-06
0.00519965
-3.47478e-05
-6.84988e-05
0.00512497
-0.000870895
0.00517671
-0.000481557
0.0051882
-0.000132458
0.00518897
-4.87236e-06
0.00518832
8.57715e-06
0.00518884
-3.704e-06
0.00518952
-7.84672e-06
0.00519035
-9.60016e-06
0.00519105
-8.36949e-06
0.00519165
-7.28046e-06
0.00519215
-6.00505e-06
0.00519256
-5.0115e-06
0.00519289
-4.14757e-06
0.00519317
-3.46847e-06
0.0051934
-2.9105e-06
0.0051936
-2.46258e-06
0.00519377
-2.0992e-06
0.00519391
-1.80354e-06
0.00519403
-1.56066e-06
0.00519413
-1.35843e-06
0.00519422
-1.1872e-06
0.0051943
-1.03802e-06
0.00519437
-9.09013e-07
0.00519443
-7.96238e-07
0.00519448
-6.99124e-07
0.00519452
-6.14844e-07
0.00519456
-5.42223e-07
0.00519459
-4.77187e-07
0.00519462
-4.19494e-07
0.00519465
-3.67572e-07
0.00519467
-3.22665e-07
0.00519469
-2.82399e-07
0.0051947
-2.48318e-07
0.00519472
-2.1762e-07
0.00519473
-1.90928e-07
0.00519474
-1.66324e-07
0.00519475
-1.45433e-07
0.00519476
-1.26216e-07
0.00519476
-1.109e-07
0.00519477
-9.71442e-08
0.00519477
-8.58708e-08
0.00519478
-7.50803e-08
0.00519478
-6.64925e-08
0.00519478
-5.77618e-08
0.00519478
-5.08109e-08
0.00519479
-4.39386e-08
0.00519479
-3.87347e-08
0.00519479
-3.27732e-08
0.00519479
-2.83027e-08
0.00519479
-2.34266e-08
0.00519479
-1.9905e-08
0.00519479
-1.57405e-08
0.00519479
-1.34496e-08
0.00519479
-1.07276e-08
0.00519479
-9.15302e-09
0.00519479
-7.10185e-09
0.00519479
-6.06237e-09
0.0051948
-4.29317e-09
0.0051948
-3.86046e-09
0.0051948
-2.4589e-09
0.0051948
-2.53387e-09
0.0051948
-2.16684e-09
0.0051948
-2.98676e-09
0.0051948
-3.17252e-09
0.0051948
-4.62967e-09
0.0051948
-5.07177e-09
0.0051948
-5.81409e-09
0.0051948
-5.50915e-09
0.0051948
-5.44793e-09
0.0051948
-3.93249e-09
0.0051948
-3.14156e-09
0.0051948
-1.37378e-09
0.0051948
-5.10624e-10
0.0051948
9.77676e-10
0.0051948
1.23809e-09
0.0051948
1.51519e-09
0.0051948
8.01576e-10
0.0051948
-2.4106e-11
0.0051948
-1.75437e-09
0.0051948
-3.00728e-09
0.0051948
-5.15976e-09
0.0051948
-6.9854e-09
0.0051948
-9.74938e-09
0.0051948
-1.29792e-08
0.0051948
-1.8649e-08
0.00519481
-2.63342e-08
0.00519481
-3.79883e-08
0.00519481
-5.46672e-08
0.00519482
-7.89779e-08
0.00519483
-1.12459e-07
0.00519484
-1.6207e-07
0.00519486
-2.32435e-07
0.00519488
-3.49452e-07
0.0051949
-5.20939e-07
0.00519493
-9.02929e-07
0.00519498
-1.53307e-06
0.00519517
-4.12494e-06
0.00519581
-1.06337e-05
0.0051983
-3.72461e-05
-7.37585e-05
0.00513321
-0.00100411
0.00518039
-0.000528734
0.00518946
-0.00014153
0.0051903
-5.71197e-06
0.00518979
9.08579e-06
0.00519031
-4.2152e-06
0.00519084
-8.37682e-06
0.00519149
-1.0255e-05
0.00519202
-8.90446e-06
0.00519249
-7.74452e-06
0.00519286
-6.3785e-06
0.00519317
-5.32125e-06
0.00519343
-4.4009e-06
0.00519364
-3.67834e-06
0.00519381
-3.08483e-06
0.00519396
-2.60886e-06
0.00519408
-2.22241e-06
0.00519418
-1.90798e-06
0.00519427
-1.64956e-06
0.00519435
-1.43433e-06
0.00519441
-1.25201e-06
0.00519447
-1.09357e-06
0.00519452
-9.56683e-07
0.00519456
-8.37219e-07
0.00519459
-7.34357e-07
0.00519462
-6.45078e-07
0.00519465
-5.68109e-07
0.00519467
-4.99325e-07
0.00519469
-4.38328e-07
0.00519471
-3.83646e-07
0.00519472
-3.3636e-07
0.00519473
-2.94151e-07
0.00519474
-2.58276e-07
0.00519475
-2.26067e-07
0.00519476
-1.98038e-07
0.00519476
-1.72299e-07
0.00519477
-1.50417e-07
0.00519477
-1.30346e-07
0.00519477
-1.14185e-07
0.00519478
-9.98354e-08
0.00519478
-8.80136e-08
0.00519478
-7.67488e-08
0.00519478
-6.77664e-08
0.00519478
-5.88426e-08
0.00519478
-5.16202e-08
0.00519478
-4.45636e-08
0.00519478
-3.92538e-08
0.00519478
-3.32626e-08
0.00519478
-2.86315e-08
0.00519478
-2.37531e-08
0.00519478
-2.02089e-08
0.00519479
-1.60759e-08
0.00519479
-1.37437e-08
0.00519479
-1.10551e-08
0.00519479
-9.51908e-09
0.00519479
-7.5222e-09
0.00519479
-6.43711e-09
0.00519479
-4.70939e-09
0.00519479
-4.2185e-09
0.00519479
-2.80885e-09
0.00519479
-2.74256e-09
0.00519479
-2.26806e-09
0.00519479
-2.9455e-09
0.00519479
-3.00531e-09
0.00519479
-4.30207e-09
0.00519479
-4.69586e-09
0.00519479
-5.37692e-09
0.00519479
-5.11584e-09
0.00519479
-5.0643e-09
0.00519479
-3.68864e-09
0.00519479
-2.96638e-09
0.00519479
-1.31879e-09
0.00519479
-5.64868e-10
0.00519479
7.77402e-10
0.00519479
9.95102e-10
0.00519479
1.20603e-09
0.00519479
4.70067e-10
0.00519479
-3.30796e-10
0.00519479
-2.02433e-09
0.00519479
-3.30444e-09
0.00519479
-5.46425e-09
0.00519479
-7.47614e-09
0.00519479
-1.0411e-08
0.00519479
-1.39372e-08
0.00519479
-1.99449e-08
0.00519479
-2.81348e-08
0.0051948
-4.03901e-08
0.0051948
-5.78685e-08
0.0051948
-8.33524e-08
0.00519481
-1.18365e-07
0.00519482
-1.69817e-07
0.00519483
-2.42096e-07
0.00519484
-3.60295e-07
0.00519485
-5.30256e-07
0.00519485
-9.06169e-07
0.00519485
-1.5322e-06
0.0051949
-4.17897e-06
0.00519526
-1.09878e-05
0.00519682
-3.88039e-05
-7.72389e-05
0.0051431
-0.00114722
0.00518464
-0.000570275
0.00519093
-0.000147819
0.00519182
-6.60016e-06
0.00519145
9.45167e-06
0.00519193
-4.6911e-06
0.00519229
-8.73304e-06
0.00519274
-1.07072e-05
0.00519309
-9.25486e-06
0.00519339
-8.04854e-06
0.00519363
-6.61811e-06
0.00519383
-5.51909e-06
0.00519399
-4.56129e-06
0.00519412
-3.81045e-06
0.00519423
-3.19368e-06
0.00519432
-2.6995e-06
0.0051944
-2.29797e-06
0.00519446
-1.97124e-06
0.00519452
-1.70255e-06
0.00519456
-1.47876e-06
0.0051946
-1.28909e-06
0.00519463
-1.12465e-06
0.00519465
-9.82713e-07
0.00519468
-8.59037e-07
0.00519469
-7.52593e-07
0.00519471
-6.60186e-07
0.00519472
-5.80524e-07
0.00519473
-5.09487e-07
0.00519474
-4.46543e-07
0.00519475
-3.90288e-07
0.00519475
-3.41673e-07
0.00519476
-2.98475e-07
0.00519476
-2.61649e-07
0.00519476
-2.28669e-07
0.00519476
-1.9998e-07
0.00519476
-1.73711e-07
0.00519477
-1.51383e-07
0.00519477
-1.30969e-07
0.00519477
-1.14395e-07
0.00519477
-9.98065e-08
0.00519477
-8.7769e-08
0.00519476
-7.63302e-08
0.00519476
-6.71848e-08
0.00519476
-5.82914e-08
0.00519476
-5.10258e-08
0.00519476
-4.3946e-08
0.00519476
-3.86616e-08
0.00519476
-3.28084e-08
0.00519476
-2.81582e-08
0.00519476
-2.33792e-08
0.00519476
-1.9912e-08
0.00519476
-1.5914e-08
0.00519476
-1.36172e-08
0.00519476
-1.10039e-08
0.00519476
-9.5492e-09
0.00519476
-7.64426e-09
0.00519476
-6.55448e-09
0.00519476
-4.89962e-09
0.00519476
-4.37594e-09
0.00519476
-3.0082e-09
0.00519476
-2.84019e-09
0.00519476
-2.27964e-09
0.00519476
-2.83243e-09
0.00519476
-2.78464e-09
0.00519476
-3.91501e-09
0.00519476
-4.24817e-09
0.00519476
-4.86365e-09
0.00519476
-4.63967e-09
0.00519476
-4.60303e-09
0.00519476
-3.37882e-09
0.00519476
-2.75185e-09
0.00519476
-1.23823e-09
0.00519476
-6.07762e-10
0.00519476
5.72347e-10
0.00519476
7.39772e-10
0.00519476
9.08642e-10
0.00519476
1.54458e-10
0.00519476
-5.97569e-10
0.00519476
-2.21914e-09
0.00519476
-3.49976e-09
0.00519476
-5.63057e-09
0.00519476
-7.76005e-09
0.00519476
-1.08041e-08
0.00519476
-1.4542e-08
0.00519476
-2.07499e-08
0.00519476
-2.92528e-08
0.00519476
-4.18468e-08
0.00519477
-5.97234e-08
0.00519477
-8.58053e-08
0.00519477
-1.21552e-07
0.00519478
-1.73613e-07
0.00519478
-2.45916e-07
0.00519478
-3.61826e-07
0.00519478
-5.24545e-07
0.00519475
-8.80634e-07
0.0051947
-1.48009e-06
0.00519462
-4.10106e-06
0.00519468
-1.10434e-05
0.00519521
-3.93368e-05
-7.87412e-05
0.00515491
-0.00130213
0.00518949
-0.000604851
0.00519259
-0.000150917
0.0051935
-7.51004e-06
0.00519327
9.68301e-06
0.00519368
-5.10119e-06
0.00519383
-8.88987e-06
0.00519406
-1.09289e-05
0.0051942
-9.39837e-06
0.00519432
-8.17357e-06
0.00519442
-6.70882e-06
0.00519449
-5.59277e-06
0.00519455
-4.61884e-06
0.00519459
-3.85674e-06
0.00519463
-3.23043e-06
0.00519466
-2.72901e-06
0.00519468
-2.32134e-06
0.0051947
-1.98952e-06
0.00519471
-1.71647e-06
0.00519472
-1.48905e-06
0.00519473
-1.29623e-06
0.00519474
-1.12939e-06
0.00519474
-9.85535e-07
0.00519474
-8.60376e-07
0.00519474
-7.52727e-07
0.00519474
-6.59252e-07
0.00519474
-5.78704e-07
0.00519473
-5.0704e-07
0.00519473
-4.43618e-07
0.00519473
-3.87082e-07
0.00519473
-3.38265e-07
0.00519472
-2.95087e-07
0.00519472
-2.58211e-07
0.00519471
-2.25251e-07
0.00519471
-1.96614e-07
0.00519471
-1.70462e-07
0.0051947
-1.48257e-07
0.0051947
-1.28034e-07
0.0051947
-1.11504e-07
0.0051947
-9.70473e-08
0.00519469
-8.51305e-08
0.00519469
-7.38324e-08
0.00519469
-6.47661e-08
0.00519469
-5.61205e-08
0.00519468
-4.90426e-08
0.00519468
-4.21172e-08
0.00519468
-3.69834e-08
0.00519468
-3.14244e-08
0.00519468
-2.69052e-08
0.00519468
-2.23288e-08
0.00519467
-1.90302e-08
0.00519467
-1.52668e-08
0.00519467
-1.30798e-08
0.00519467
-1.05887e-08
0.00519467
-9.24951e-09
0.00519467
-7.4731e-09
0.00519467
-6.41808e-09
0.00519467
-4.86804e-09
0.00519467
-4.33566e-09
0.00519467
-3.05167e-09
0.00519467
-2.82634e-09
0.00519467
-2.20492e-09
0.00519467
-2.64966e-09
0.00519467
-2.51685e-09
0.00519467
-3.48057e-09
0.00519467
-3.74239e-09
0.00519467
-4.2923e-09
0.00519467
-4.09724e-09
0.00519467
-4.07961e-09
0.00519467
-3.01348e-09
0.00519467
-2.50386e-09
0.00519467
-1.13926e-09
0.00519467
-6.31571e-10
0.00519467
3.73898e-10
0.00519467
4.81035e-10
0.00519467
6.29836e-10
0.00519467
-1.30449e-10
0.00519467
-8.1684e-10
0.00519467
-2.33969e-09
0.00519467
-3.5866e-09
0.00519467
-5.65441e-09
0.00519467
-7.82596e-09
0.00519467
-1.09069e-08
0.00519467
-1.47626e-08
0.00519467
-2.10284e-08
0.00519467
-2.96289e-08
0.00519467
-4.22781e-08
0.00519467
-6.01274e-08
0.00519467
-8.61938e-08
0.00519467
-1.21836e-07
0.00519467
-1.7326e-07
0.00519467
-2.43737e-07
0.00519466
-3.54105e-07
0.00519464
-5.04421e-07
0.00519459
-8.28187e-07
0.00519449
-1.37986e-06
0.00519428
-3.89399e-06
0.00519403
-1.07927e-05
0.00519347
-3.87762e-05
-7.80791e-05
0.00516893
-0.00147106
0.00519487
-0.000630794
0.00519434
-0.000150379
0.00519522
-8.39377e-06
0.00519511
9.78825e-06
0.00519542
-5.40883e-06
0.00519535
-8.82135e-06
0.00519532
-1.08914e-05
0.00519523
-9.3124e-06
0.00519516
-8.10048e-06
0.00519508
-6.6357e-06
0.00519502
-5.53015e-06
0.00519497
-4.56383e-06
0.00519492
-3.80934e-06
0.00519488
-3.18866e-06
0.00519484
-2.69214e-06
0.00519481
-2.28816e-06
0.00519478
-1.95925e-06
0.00519475
-1.68838e-06
0.00519472
-1.46277e-06
0.0051947
-1.27143e-06
0.00519467
-1.10616e-06
0.00519465
-9.63813e-07
0.00519463
-8.40148e-07
0.00519461
-7.33874e-07
0.00519459
-6.41579e-07
0.00519458
-5.62099e-07
0.00519456
-4.91559e-07
0.00519455
-4.29228e-07
0.00519453
-3.73791e-07
0.00519452
-3.25976e-07
0.00519451
-2.83871e-07
0.0051945
-2.4789e-07
0.00519449
-2.15779e-07
0.00519448
-1.87934e-07
0.00519447
-1.62575e-07
0.00519447
-1.41075e-07
0.00519446
-1.21587e-07
0.00519445
-1.05575e-07
0.00519445
-9.16309e-08
0.00519444
-8.01674e-08
0.00519444
-6.93299e-08
0.00519444
-6.05922e-08
0.00519443
-5.24028e-08
0.00519443
-4.57351e-08
0.00519442
-3.91539e-08
0.00519442
-3.42913e-08
0.00519442
-2.91608e-08
0.00519442
-2.49194e-08
0.00519442
-2.06463e-08
0.00519441
-1.76025e-08
0.00519441
-1.41627e-08
0.00519441
-1.21569e-08
0.00519441
-9.83327e-09
0.00519441
-8.64203e-09
0.00519441
-7.02128e-09
0.00519441
-6.03777e-09
0.00519441
-4.6228e-09
0.00519441
-4.11081e-09
0.00519441
-2.94334e-09
0.00519441
-2.7035e-09
0.00519441
-2.05274e-09
0.00519441
-2.40201e-09
0.00519441
-2.21064e-09
0.00519441
-3.01197e-09
0.00519441
-3.19498e-09
0.00519441
-3.68224e-09
0.00519441
-3.50927e-09
0.00519441
-3.51119e-09
0.00519441
-2.60667e-09
0.00519441
-2.22444e-09
0.00519441
-1.02492e-09
0.00519441
-6.36488e-10
0.00519441
1.90467e-10
0.00519441
2.28073e-10
0.00519441
3.7727e-10
0.00519441
-3.72488e-10
0.00519441
-9.89342e-10
0.00519441
-2.38009e-09
0.00519441
-3.56239e-09
0.00519441
-5.51612e-09
0.00519441
-7.6731e-09
0.00519441
-1.0708e-08
0.00519441
-1.45693e-08
0.00519441
-2.07471e-08
0.00519441
-2.92078e-08
0.00519441
-4.16205e-08
0.0051944
-5.89885e-08
0.0051944
-8.43955e-08
0.0051944
-1.19064e-07
0.0051944
-1.68607e-07
0.00519439
-2.35502e-07
0.00519437
-3.37423e-07
0.00519434
-4.71009e-07
0.00519426
-7.51972e-07
0.00519412
-1.23712e-06
0.00519379
-3.56618e-06
0.00519323
-1.02356e-05
0.00519153
-3.7075e-05
-7.50842e-05
0.00518536
-0.00165642
0.00520052
-0.000645959
0.00519584
-0.000145696
0.00519663
-9.17584e-06
0.00519664
9.7699e-06
0.00519681
-5.57236e-06
0.00519649
-8.5021e-06
0.00519616
-1.05646e-05
0.00519582
-8.97439e-06
0.00519553
-7.8102e-06
0.00519528
-6.38408e-06
0.00519507
-5.31942e-06
0.00519489
-4.38685e-06
0.00519474
-3.6606e-06
0.00519462
-3.0622e-06
0.00519451
-2.58382e-06
0.00519442
-2.19433e-06
0.00519433
-1.87707e-06
0.00519426
-1.61556e-06
0.0051942
-1.39772e-06
0.00519414
-1.21293e-06
0.00519408
-1.05355e-06
0.00519404
-9.16449e-07
0.00519399
-7.97505e-07
0.00519396
-6.95381e-07
0.00519392
-6.06697e-07
0.00519389
-5.30387e-07
0.00519386
-4.62847e-07
0.00519383
-4.0326e-07
0.00519381
-3.50378e-07
0.00519379
-3.0483e-07
0.00519377
-2.6489e-07
0.00519375
-2.30777e-07
0.00519374
-2.00377e-07
0.00519372
-1.74078e-07
0.00519371
-1.50204e-07
0.0051937
-1.3e-07
0.00519369
-1.11782e-07
0.00519368
-9.67652e-08
0.00519367
-8.37181e-08
0.00519367
-7.30321e-08
0.00519366
-6.29686e-08
0.00519365
-5.48146e-08
0.00519365
-4.72735e-08
0.00519364
-4.12171e-08
0.00519364
-3.51646e-08
0.00519364
-3.07052e-08
0.00519363
-2.6108e-08
0.00519363
-2.22579e-08
0.00519363
-1.83931e-08
0.00519363
-1.56908e-08
0.00519362
-1.26537e-08
0.00519362
-1.08852e-08
0.00519362
-8.7809e-09
0.00519362
-7.75686e-09
0.00519362
-6.32184e-09
0.00519362
-5.44313e-09
0.00519362
-4.19281e-09
0.00519362
-3.72381e-09
0.00519362
-2.69609e-09
0.00519362
-2.47913e-09
0.00519362
-1.83405e-09
0.00519362
-2.09906e-09
0.00519362
-1.8755e-09
0.00519362
-2.52489e-09
0.00519362
-2.62515e-09
0.00519362
-3.05422e-09
0.00519361
-2.89957e-09
0.00519361
-2.91798e-09
0.00519361
-2.17522e-09
0.00519361
-1.91888e-09
0.00519361
-9.00893e-10
0.00519361
-6.20507e-10
0.00519361
3.28207e-11
0.00519361
-3.27775e-12
0.00519361
1.55961e-10
0.00519361
-5.58463e-10
0.00519362
-1.10766e-09
0.00519362
-2.33992e-09
0.00519362
-3.42456e-09
0.00519361
-5.23012e-09
0.00519361
-7.29552e-09
0.00519361
-1.01924e-08
0.00519361
-1.39419e-08
0.00519361
-1.98258e-08
0.00519361
-2.79323e-08
0.00519361
-3.98223e-08
0.00519361
-5.62244e-08
0.0051936
-8.03177e-08
0.0051936
-1.1312e-07
0.00519359
-1.59549e-07
0.00519357
-2.21235e-07
0.00519355
-3.1227e-07
0.0051935
-4.25904e-07
0.00519341
-6.56388e-07
0.00519323
-1.0601e-06
0.0051928
-3.13232e-06
0.00519194
-9.38108e-06
0.00518908
-3.42148e-05
-6.96157e-05
0.00520393
-0.00186036
0.00520546
-0.000647485
0.00519606
-0.0001363
0.00519663
-9.74781e-06
0.00519679
9.6144e-06
0.00519676
-5.54749e-06
0.00519617
-7.90899e-06
0.00519553
-9.91831e-06
0.00519491
-8.36254e-06
0.00519439
-7.28418e-06
0.00519394
-5.93998e-06
0.00519357
-4.94927e-06
0.00519326
-4.07896e-06
0.00519301
-3.40334e-06
0.00519279
-2.84523e-06
0.00519261
-2.3993e-06
0.00519245
-2.03597e-06
0.00519231
-1.73987e-06
0.00519219
-1.49554e-06
0.00519208
-1.29195e-06
0.00519199
-1.11922e-06
0.00519191
-9.70433e-07
0.00519183
-8.42603e-07
0.00519177
-7.31854e-07
0.00519171
-6.3685e-07
0.00519166
-5.5438e-07
0.00519161
-4.83479e-07
0.00519157
-4.2096e-07
0.00519153
-3.65832e-07
0.0051915
-3.17012e-07
0.00519147
-2.75054e-07
0.00519144
-2.38399e-07
0.00519142
-2.07143e-07
0.0051914
-1.79332e-07
0.00519138
-1.55338e-07
0.00519136
-1.33644e-07
0.00519135
-1.15321e-07
0.00519133
-9.88922e-08
0.00519132
-8.53337e-08
0.00519131
-7.35601e-08
0.0051913
-6.39624e-08
0.00519129
-5.49652e-08
0.00519129
-4.76499e-08
0.00519128
-4.09376e-08
0.00519127
-3.56214e-08
0.00519127
-3.02866e-08
0.00519126
-2.63695e-08
0.00519126
-2.2389e-08
0.00519126
-1.90539e-08
0.00519126
-1.56883e-08
0.00519125
-1.33821e-08
0.00519125
-1.08099e-08
0.00519125
-9.32141e-09
0.00519125
-7.48423e-09
0.00519125
-6.64201e-09
0.00519125
-5.41599e-09
0.00519124
-4.67118e-09
0.00519124
-3.60996e-09
0.00519124
-3.20632e-09
0.00519124
-2.3324e-09
0.00519124
-2.16577e-09
0.00519124
-1.56258e-09
0.00519124
-1.75449e-09
0.00519124
-1.52238e-09
0.00519124
-2.03612e-09
0.00519124
-2.05494e-09
0.00519124
-2.42943e-09
0.00519124
-2.29336e-09
0.00519124
-2.3221e-09
0.00519124
-1.7377e-09
0.00519124
-1.59435e-09
0.00519124
-7.70518e-10
0.00519124
-5.82486e-10
0.00519124
-8.92081e-11
0.00519124
-1.95539e-10
0.00519124
-2.85988e-11
0.00519124
-6.77589e-10
0.00519124
-1.1619e-09
0.00519124
-2.21787e-09
0.00519124
-3.17443e-09
0.00519124
-4.79442e-09
0.00519124
-6.69532e-09
0.00519124
-9.35718e-09
0.00519124
-1.28619e-08
0.00519124
-1.82857e-08
0.00519123
-2.57886e-08
0.00519123
-3.66946e-08
0.00519123
-5.17917e-08
0.00519122
-7.38952e-08
0.00519121
-1.03917e-07
0.0051912
-1.46026e-07
0.00519118
-2.01019e-07
0.00519114
-2.79271e-07
0.00519109
-3.71104e-07
0.00519098
-5.46948e-07
0.00519078
-8.5973e-07
0.00519026
-2.61446e-06
0.00518913
-8.24783e-06
0.00518513
-3.02186e-05
-6.15785e-05
0.00522258
-0.00208293
0.00520653
-0.000631438
0.0051918
-0.000121576
0.00519202
-9.96551e-06
0.00519236
9.27681e-06
0.0051921
-5.29145e-06
0.00519122
-7.02427e-06
0.00519022
-8.92354e-06
0.00518932
-7.45786e-06
0.00518854
-6.5057e-06
0.00518789
-5.29123e-06
0.00518735
-4.40971e-06
0.00518691
-3.63224e-06
0.00518653
-3.03146e-06
0.00518622
-2.53253e-06
0.00518596
-2.13432e-06
0.00518573
-1.8097e-06
0.00518554
-1.54495e-06
0.00518537
-1.32623e-06
0.00518522
-1.14386e-06
0.00518509
-9.89154e-07
0.00518497
-8.56013e-07
0.00518487
-7.41767e-07
0.00518478
-6.42924e-07
0.0051847
-5.58198e-07
0.00518463
-4.84702e-07
0.00518457
-4.21548e-07
0.00518452
-3.66179e-07
0.00518447
-3.1728e-07
0.00518443
-2.74092e-07
0.00518439
-2.37095e-07
0.00518435
-2.04868e-07
0.00518433
-1.77458e-07
0.0051843
-1.53117e-07
0.00518428
-1.32177e-07
0.00518426
-1.13339e-07
0.00518424
-9.74669e-08
0.00518422
-8.33129e-08
0.00518421
-7.16457e-08
0.0051842
-6.15036e-08
0.00518418
-5.32784e-08
0.00518418
-4.56103e-08
0.00518417
-3.9368e-08
0.00518416
-3.36548e-08
0.00518415
-2.922e-08
0.00518415
-2.47389e-08
0.00518414
-2.14404e-08
0.00518414
-1.81753e-08
0.00518413
-1.5453e-08
0.00518413
-1.26653e-08
0.00518413
-1.07918e-08
0.00518413
-8.72382e-09
0.00518412
-7.54265e-09
0.00518412
-6.01295e-09
0.00518412
-5.36162e-09
0.00518412
-4.36019e-09
0.00518412
-3.77071e-09
0.00518412
-2.91498e-09
0.00518412
-2.59638e-09
0.00518412
-1.8837e-09
0.00518412
-1.78167e-09
0.00518412
-1.25465e-09
0.00518412
-1.38587e-09
0.00518412
-1.16419e-09
0.00518412
-1.56252e-09
0.00518412
-1.50871e-09
0.00518411
-1.82935e-09
0.00518411
-1.7152e-09
0.00518411
-1.74681e-09
0.00518411
-1.31281e-09
0.00518411
-1.26e-09
0.00518411
-6.34552e-10
0.00518411
-5.22406e-10
0.00518411
-1.68372e-10
0.00518411
-3.31286e-10
0.00518411
-1.6864e-10
0.00518411
-7.22943e-10
0.00518411
-1.14124e-09
0.00518411
-2.01086e-09
0.00518411
-2.8129e-09
0.00518411
-4.20655e-09
0.00518411
-5.87486e-09
0.00518411
-8.20623e-09
0.00518411
-1.13285e-08
0.00518411
-1.61203e-08
0.0051841
-2.26856e-08
0.0051841
-3.23466e-08
0.00518409
-4.56347e-08
0.00518409
-6.50664e-08
0.00518407
-9.13899e-08
0.00518406
-1.27998e-07
0.00518403
-1.74973e-07
0.00518399
-2.39083e-07
0.00518393
-3.08743e-07
0.00518381
-4.29902e-07
0.0051836
-6.49131e-07
0.00518303
-2.04383e-06
0.00518165
-6.8686e-06
0.0051766
-2.51734e-05
-5.09455e-05
0.00523327
-0.0023162
0.00519416
-0.000592326
0.0051735
-0.000100918
0.00517317
-9.63895e-06
0.00517379
8.65842e-06
0.00517327
-4.7665e-06
0.00517208
-5.8416e-06
0.00517072
-7.55826e-06
0.00516951
-6.24893e-06
0.00516847
-5.46363e-06
0.00516761
-4.43035e-06
0.00516689
-3.6943e-06
0.0051663
-3.04124e-06
0.00516581
-2.54054e-06
0.0051654
-2.12028e-06
0.00516505
-1.78599e-06
0.00516475
-1.51325e-06
0.0051645
-1.29059e-06
0.00516428
-1.10639e-06
0.00516409
-9.52656e-07
0.00516392
-8.22263e-07
0.00516377
-7.10131e-07
0.00516364
-6.14027e-07
0.00516353
-5.30991e-07
0.00516343
-4.5986e-07
0.00516335
-3.98216e-07
0.00516327
-3.45276e-07
0.0051632
-2.98891e-07
0.00516315
-2.5821e-07
0.00516309
-2.22372e-07
0.00516305
-1.91702e-07
0.00516301
-1.65047e-07
0.00516297
-1.42451e-07
0.00516294
-1.22437e-07
0.00516292
-1.05274e-07
0.00516289
-8.99228e-08
0.00516287
-7.70315e-08
0.00516285
-6.5591e-08
0.00516284
-5.61952e-08
0.00516282
-4.80082e-08
0.00516281
-4.14026e-08
0.0051628
-3.52842e-08
0.00516279
-3.03126e-08
0.00516278
-2.57557e-08
0.00516278
-2.23022e-08
0.00516277
-1.8787e-08
0.00516277
-1.62008e-08
0.00516276
-1.36853e-08
0.00516276
-1.16321e-08
0.00516275
-9.48138e-09
0.00516275
-8.05989e-09
0.00516275
-6.51129e-09
0.00516275
-5.64778e-09
0.00516275
-4.45489e-09
0.00516274
-3.99577e-09
0.00516274
-3.22665e-09
0.00516274
-2.80329e-09
0.00516274
-2.15935e-09
0.00516274
-1.93801e-09
0.00516274
-1.38984e-09
0.00516274
-1.35167e-09
0.00516274
-9.29084e-10
0.00516274
-1.01418e-09
0.00516274
-8.16727e-10
0.00516274
-1.12026e-09
0.00516274
-1.01211e-09
0.00516274
-1.27586e-09
0.00516274
-1.18763e-09
0.00516274
-1.21555e-09
0.00516274
-9.1821e-10
0.00516274
-9.27416e-10
0.00516274
-4.92488e-10
0.00516274
-4.4052e-10
0.00516274
-2.00602e-10
0.00516274
-3.95448e-10
0.00516274
-2.53758e-10
0.00516274
-6.91311e-10
0.00516274
-1.03556e-09
0.00516274
-1.7145e-09
0.00516274
-2.34174e-09
0.00516273
-3.46837e-09
0.00516273
-4.84003e-09
0.00516273
-6.75237e-09
0.00516273
-9.3532e-09
0.00516273
-1.33295e-08
0.00516272
-1.87315e-08
0.00516272
-2.67666e-08
0.00516271
-3.77616e-08
0.0051627
-5.38271e-08
0.00516268
-7.55419e-08
0.00516266
-1.05512e-07
0.00516263
-1.43305e-07
0.00516258
-1.92563e-07
0.00516252
-2.40559e-07
0.0051624
-3.11902e-07
0.00516219
-4.41993e-07
0.00516161
-1.45953e-06
0.00516004
-5.30168e-06
0.00515415
-1.92893e-05
-3.78144e-05
0.00520988
-0.00252608
0.00513955
-0.000521999
0.00511247
-7.38389e-05
0.00511134
-8.50385e-06
0.00511242
7.57275e-06
0.00511159
-3.93647e-06
0.00511013
-4.37985e-06
0.0051084
-5.82362e-06
0.00510689
-4.74188e-06
0.00510559
-4.1629e-06
0.00510452
-3.36192e-06
0.00510363
-2.80687e-06
0.0051029
-2.30899e-06
0.00510229
-1.92895e-06
0.00510178
-1.60977e-06
0.00510135
-1.35561e-06
0.00510098
-1.14782e-06
0.00510067
-9.77981e-07
0.0051004
-8.37252e-07
0.00510017
-7.19651e-07
0.00509997
-6.19934e-07
0.00509979
-5.34233e-07
0.00509964
-4.60865e-07
0.0050995
-3.97556e-07
0.00509939
-3.43348e-07
0.00509929
-2.96422e-07
0.0050992
-2.56134e-07
0.00509912
-2.20907e-07
0.00509905
-1.90187e-07
0.00509899
-1.63209e-07
0.00509894
-1.40171e-07
0.00509889
-1.20173e-07
0.00509885
-1.03286e-07
0.00509882
-8.8378e-08
0.00509879
-7.56424e-08
0.00509877
-6.43221e-08
0.00509874
-5.48606e-08
0.00509872
-4.6494e-08
0.00509871
-3.96667e-08
0.00509869
-3.36957e-08
0.00509868
-2.89051e-08
0.00509867
-2.44963e-08
0.00509866
-2.09379e-08
0.00509865
-1.76562e-08
0.00509864
-1.52394e-08
0.00509864
-1.27589e-08
0.00509863
-1.0947e-08
0.00509863
-9.19126e-09
0.00509862
-7.81187e-09
0.00509862
-6.32589e-09
0.00509862
-5.35602e-09
0.00509862
-4.31488e-09
0.00509861
-3.75988e-09
0.00509861
-2.91784e-09
0.00509861
-2.64086e-09
0.00509861
-2.10334e-09
0.00509861
-1.84286e-09
0.00509861
-1.40599e-09
0.00509861
-1.28156e-09
0.00509861
-8.97937e-10
0.00509861
-9.08453e-10
0.00509861
-6.08057e-10
0.00509861
-6.62814e-10
0.00509861
-4.99778e-10
0.0050986
-7.24449e-10
0.0050986
-5.90659e-10
0.0050986
-7.91175e-10
0.0050986
-7.30718e-10
0.0050986
-7.51198e-10
0.0050986
-5.70421e-10
0.0050986
-6.11019e-10
0.0050986
-3.448e-10
0.0050986
-3.3736e-10
0.0050986
-1.86079e-10
0.0050986
-3.78964e-10
0.0050986
-2.72951e-10
0.0050986
-5.82948e-10
0.0050986
-8.39189e-10
0.0050986
-1.32635e-09
0.0050986
-1.76726e-09
0.0050986
-2.59159e-09
0.0050986
-3.60994e-09
0.0050986
-5.02827e-09
0.0050986
-6.97941e-09
0.00509859
-9.97099e-09
0.00509859
-1.39986e-08
0.00509858
-2.00446e-08
0.00509857
-2.82913e-08
0.00509856
-4.03352e-08
0.00509854
-5.65819e-08
0.00509851
-7.88671e-08
0.00509848
-1.06504e-07
0.00509842
-1.40775e-07
0.00509835
-1.69817e-07
0.00509824
-2.00859e-07
0.00509806
-2.57074e-07
0.00509749
-8.91747e-07
0.00509584
-3.64831e-06
0.00508957
-1.30253e-05
-2.27386e-05
0.00507199
-0.00259807
0.00495541
-0.000405421
0.00492273
-4.11618e-05
0.00492048
-6.24934e-06
0.00492232
5.73601e-06
0.00492117
-2.79069e-06
0.00491951
-2.7163e-06
0.00491744
-3.7614e-06
0.0049157
-2.99582e-06
0.00491418
-2.64688e-06
0.00491295
-2.1254e-06
0.00491192
-1.77781e-06
0.00491107
-1.46075e-06
0.00491036
-1.22149e-06
0.00490977
-1.01841e-06
0.00490927
-8.57595e-07
0.00490885
-7.25662e-07
0.00490849
-6.17682e-07
0.00490818
-5.2804e-07
0.00490791
-4.53033e-07
0.00490768
-3.89453e-07
0.00490748
-3.34842e-07
0.00490731
-2.88143e-07
0.00490716
-2.47893e-07
0.00490703
-2.13443e-07
0.00490692
-1.83653e-07
0.00490682
-1.58094e-07
0.00490673
-1.35806e-07
0.00490666
-1.16464e-07
0.0049066
-9.95291e-08
0.00490654
-8.51199e-08
0.00490649
-7.2616e-08
0.00490645
-6.21062e-08
0.00490642
-5.28648e-08
0.00490639
-4.5008e-08
0.00490636
-3.80673e-08
0.00490634
-3.23071e-08
0.00490632
-2.72217e-08
0.0049063
-2.31112e-08
0.00490629
-1.94973e-08
0.00490628
-1.66185e-08
0.00490626
-1.39828e-08
0.00490626
-1.18855e-08
0.00490625
-9.927e-09
0.00490624
-8.53645e-09
0.00490624
-7.08957e-09
0.00490623
-6.0534e-09
0.00490623
-5.03471e-09
0.00490622
-4.27836e-09
0.00490622
-3.43706e-09
0.00490622
-2.89242e-09
0.00490621
-2.31443e-09
0.00490621
-2.03348e-09
0.00490621
-1.53627e-09
0.00490621
-1.41344e-09
0.00490621
-1.09721e-09
0.00490621
-9.77478e-10
0.00490621
-7.30989e-10
0.00490621
-6.86171e-10
0.00490621
-4.61575e-10
0.00490621
-4.94457e-10
0.00490621
-3.19258e-10
0.00490621
-3.56431e-10
0.00490621
-2.38114e-10
0.0049062
-3.89495e-10
0.0049062
-2.68318e-10
0.0049062
-3.97744e-10
0.0049062
-3.63204e-10
0.0049062
-3.75714e-10
0.0049062
-2.85634e-10
0.0049062
-3.28808e-10
0.0049062
-1.96668e-10
0.0049062
-2.15339e-10
0.0049062
-1.3081e-10
0.0049062
-2.8271e-10
0.0049062
-2.1963e-10
0.0049062
-4.03419e-10
0.0049062
-5.58506e-10
0.0049062
-8.55564e-10
0.0049062
-1.11143e-09
0.0049062
-1.61313e-09
0.0049062
-2.23991e-09
0.0049062
-3.11584e-09
0.0049062
-4.32606e-09
0.00490619
-6.20205e-09
0.00490619
-8.69946e-09
0.00490618
-1.24847e-08
0.00490617
-1.76341e-08
0.00490615
-2.51574e-08
0.00490613
-3.52812e-08
0.0049061
-4.91119e-08
0.00490606
-6.5994e-08
0.00490601
-8.58985e-08
0.00490594
-9.99837e-08
0.00490584
-1.04917e-07
0.0049057
-1.11514e-07
0.00490522
-4.17482e-07
0.0049036
-2.02828e-06
0.00489776
-7.18229e-06
-7.90981e-06
0.00456761
-0.00216568
0.00437532
-0.000213134
0.00434651
-1.23544e-05
0.00434276
-2.49305e-06
0.00434577
2.72153e-06
0.00434425
-1.26733e-06
0.00434263
-1.09612e-06
0.00434043
-1.56495e-06
0.00433865
-1.2164e-06
0.00433708
-1.07989e-06
0.00433582
-8.61285e-07
0.00433476
-7.21457e-07
0.0043339
-5.91718e-07
0.00433317
-4.94746e-07
0.00433256
-4.12362e-07
0.00433205
-3.47117e-07
0.00433162
-2.93472e-07
0.00433125
-2.49507e-07
0.00433094
-2.12936e-07
0.00433067
-1.823e-07
0.00433043
-1.56349e-07
0.00433023
-1.34076e-07
0.00433006
-1.15056e-07
0.00432991
-9.8679e-08
0.00432978
-8.46686e-08
0.00432967
-7.25649e-08
0.00432957
-6.21936e-08
0.00432949
-5.31749e-08
0.00432942
-4.53883e-08
0.00432936
-3.85926e-08
0.00432931
-3.28393e-08
0.00432926
-2.78455e-08
0.00432922
-2.36699e-08
0.00432919
-2.0018e-08
0.00432916
-1.69332e-08
0.00432914
-1.4225e-08
0.00432912
-1.19999e-08
0.0043291
-1.00357e-08
0.00432909
-8.46738e-09
0.00432907
-7.08041e-09
0.00432906
-5.98502e-09
0.00432905
-4.98735e-09
0.00432905
-4.21143e-09
0.00432904
-3.47395e-09
0.00432903
-2.97403e-09
0.00432903
-2.44252e-09
0.00432902
-2.07626e-09
0.00432902
-1.70266e-09
0.00432902
-1.44515e-09
0.00432902
-1.15075e-09
0.00432901
-9.59415e-10
0.00432901
-7.57587e-10
0.00432901
-6.76334e-10
0.00432901
-4.88697e-10
0.00432901
-4.63319e-10
0.00432901
-3.43658e-10
0.00432901
-3.16338e-10
0.00432901
-2.2834e-10
0.00432901
-2.25592e-10
0.00432901
-1.42595e-10
0.00432901
-1.65076e-10
0.004329
-1.01051e-10
0.004329
-1.20868e-10
0.004329
-6.26805e-11
0.004329
-1.31486e-10
0.004329
-6.64167e-11
0.004329
-1.18666e-10
0.004329
-1.05591e-10
0.004329
-1.10317e-10
0.004329
-8.19448e-11
0.004329
-1.0421e-10
0.004329
-6.38473e-11
0.004329
-8.2795e-11
0.004329
-5.06465e-11
0.004329
-1.24259e-10
0.004329
-1.02512e-10
0.004329
-1.73146e-10
0.004329
-2.30147e-10
0.004329
-3.4838e-10
0.004329
-4.43369e-10
0.004329
-6.37926e-10
0.004329
-8.83529e-10
0.004329
-1.23025e-09
0.00432899
-1.70751e-09
0.00432899
-2.46011e-09
0.00432899
-3.4513e-09
0.00432898
-4.96566e-09
0.00432897
-7.02207e-09
0.00432895
-1.0029e-08
0.00432893
-1.40621e-08
0.0043289
-1.95587e-08
0.00432886
-2.61642e-08
0.00432881
-3.35679e-08
0.00432875
-3.75751e-08
0.00432868
-3.35189e-08
0.00432859
-2.27494e-08
0.00432827
-1.01644e-07
0.00432694
-6.96031e-07
0.00432236
-2.60243e-06
1.19034e-06
0.00283432
0.00262119
0.00260884
0.00260634
0.00260906
0.0026078
0.0026067
0.00260514
0.00260392
0.00260284
0.00260198
0.00260126
0.00260067
0.00260017
0.00259976
0.00259941
0.00259912
0.00259887
0.00259866
0.00259847
0.00259832
0.00259818
0.00259807
0.00259797
0.00259788
0.00259781
0.00259775
0.0025977
0.00259765
0.00259761
0.00259758
0.00259755
0.00259753
0.00259751
0.00259749
0.00259748
0.00259746
0.00259745
0.00259745
0.00259744
0.00259743
0.00259743
0.00259742
0.00259742
0.00259742
0.00259741
0.00259741
0.00259741
0.00259741
0.00259741
0.00259741
0.00259741
0.00259741
0.0025974
0.0025974
0.0025974
0.0025974
0.0025974
0.0025974
0.0025974
0.0025974
0.0025974
0.0025974
0.0025974
0.0025974
0.0025974
0.0025974
0.0025974
0.0025974
0.0025974
0.0025974
0.0025974
0.0025974
0.0025974
0.0025974
0.0025974
0.0025974
0.0025974
0.0025974
0.0025974
0.0025974
0.0025974
0.0025974
0.0025974
0.00259739
0.00259739
0.00259739
0.00259738
0.00259737
0.00259735
0.00259734
0.00259731
0.00259728
0.00259724
0.0025972
0.00259718
0.00259708
0.00259638
0.00259378
)
;

boundaryField
{
    inlet
    {
        type            calculated;
        value           nonuniform List<scalar> 
40
(
-0.005
-0.005
-0.005
-0.005
-0.005
-0.005
-0.005
-0.005
-0.005
-0.005
-0.005
-0.005
-0.005
-0.005
-0.005
-0.005
-0.005
-0.005
-0.005
-0.005
-0.005
-0.005
-0.005
-0.005
-0.005
-0.005
-0.005
-0.005
-0.005
-0.005
-0.005
-0.005
-0.005
-0.005
-0.005
-0.005
-0.005
-0.005
-0.005
-0.005
)
;
    }
    outlet
    {
        type            calculated;
        value           nonuniform List<scalar> 
40
(
0.00259497
0.00431326
0.00488293
0.0050745
0.00514102
0.00516597
0.00517709
0.00518361
0.00518854
0.00519281
0.00519671
0.0052003
0.00520356
0.00520648
0.00520904
0.0052112
0.00521295
0.00521427
0.00521516
0.00521561
0.00521561
0.00521516
0.00521427
0.00521295
0.0052112
0.00520904
0.00520649
0.00520356
0.0052003
0.00519671
0.00519281
0.00518854
0.00518361
0.00517709
0.00516597
0.00514102
0.0050745
0.00488293
0.00431326
0.00259497
)
;
    }
    lowerWall
    {
        type            calculated;
        value           uniform 0;
    }
    upperWall
    {
        type            calculated;
        value           uniform 0;
    }
    frontAndBack
    {
        type            empty;
        value           nonuniform 0();
    }
}


// ************************************************************************* //
