/*--------------------------------*- C++ -*----------------------------------*\
  =========                 |
  \\      /  F ield         | OpenFOAM: The Open Source CFD Toolbox
   \\    /   O peration     | Website:  https://openfoam.org
    \\  /    A nd           | Version:  7
     \\/     M anipulation  |
\*---------------------------------------------------------------------------*/
FoamFile
{
    version     2.0;
    format      ascii;
    class       volScalarField;
    location    "3.5";
    object      Ux;
}
// * * * * * * * * * * * * * * * * * * * * * * * * * * * * * * * * * * * * * //

dimensions      [0 1 -1 0 0 0 0];

internalField   nonuniform List<scalar> 
4000
(
0.53756
0.552164
0.517048
0.522868
0.521057
0.52199
0.521383
0.521233
0.52089
0.520683
0.520478
0.520324
0.520191
0.520083
0.519992
0.519916
0.519852
0.519798
0.519752
0.519713
0.519679
0.51965
0.519625
0.519604
0.519585
0.51957
0.519556
0.519545
0.519535
0.519526
0.519519
0.519513
0.519508
0.519504
0.5195
0.519497
0.519494
0.519492
0.51949
0.519488
0.519487
0.519486
0.519485
0.519484
0.519484
0.519483
0.519483
0.519482
0.519482
0.519482
0.519481
0.519481
0.519481
0.519481
0.519481
0.519481
0.519481
0.519481
0.519481
0.519481
0.519481
0.51948
0.51948
0.51948
0.51948
0.51948
0.51948
0.51948
0.51948
0.51948
0.51948
0.51948
0.51948
0.51948
0.51948
0.51948
0.51948
0.51948
0.51948
0.51948
0.51948
0.51948
0.51948
0.519479
0.519479
0.519478
0.519478
0.519476
0.519475
0.519472
0.519469
0.519464
0.519458
0.51945
0.519443
0.519436
0.519442
0.51936
0.519228
0.518638
0.864904
0.911539
0.861932
0.871316
0.867932
0.86952
0.868561
0.868394
0.867882
0.867587
0.867284
0.86706
0.866864
0.866706
0.866572
0.866461
0.866367
0.866287
0.866218
0.86616
0.866109
0.866066
0.866029
0.865996
0.865969
0.865945
0.865924
0.865906
0.865891
0.865877
0.865866
0.865856
0.865848
0.865841
0.865835
0.86583
0.865825
0.865821
0.865818
0.865816
0.865813
0.865811
0.86581
0.865808
0.865807
0.865806
0.865805
0.865805
0.865804
0.865803
0.865803
0.865803
0.865802
0.865802
0.865802
0.865802
0.865801
0.865801
0.865801
0.865801
0.865801
0.865801
0.865801
0.865801
0.865801
0.865801
0.865801
0.865801
0.865801
0.865801
0.865801
0.865801
0.865801
0.865801
0.865801
0.865801
0.865801
0.865801
0.865801
0.8658
0.8658
0.8658
0.8658
0.865799
0.865799
0.865798
0.865796
0.865795
0.865792
0.865788
0.865783
0.865776
0.865767
0.865755
0.865742
0.865724
0.865718
0.865546
0.865253
0.863186
0.960306
1.02531
0.976298
0.987379
0.98307
0.984972
0.983898
0.983804
0.983282
0.983006
0.982706
0.982489
0.982297
0.982143
0.982013
0.981904
0.981812
0.981734
0.981667
0.981609
0.981559
0.981516
0.981479
0.981447
0.981419
0.981394
0.981373
0.981355
0.981339
0.981325
0.981313
0.981303
0.981294
0.981287
0.98128
0.981274
0.981269
0.981265
0.981262
0.981259
0.981256
0.981254
0.981252
0.98125
0.981249
0.981248
0.981247
0.981246
0.981245
0.981244
0.981244
0.981243
0.981243
0.981243
0.981242
0.981242
0.981242
0.981241
0.981241
0.981241
0.981241
0.981241
0.981241
0.981241
0.981241
0.981241
0.981241
0.981241
0.981241
0.981241
0.981241
0.981241
0.981241
0.981241
0.981241
0.981241
0.981241
0.981241
0.981241
0.98124
0.98124
0.98124
0.98124
0.981239
0.981239
0.981238
0.981236
0.981235
0.981232
0.981228
0.981223
0.981216
0.981206
0.981193
0.981179
0.981153
0.981133
0.980909
0.980543
0.977595
0.984959
1.05948
1.01374
1.02589
1.02097
1.02309
1.02197
1.02198
1.02149
1.02127
1.02101
1.02082
1.02065
1.02052
1.02041
1.02031
1.02023
1.02017
1.02011
1.02006
1.02001
1.01998
1.01994
1.01991
1.01989
1.01987
1.01985
1.01983
1.01982
1.0198
1.01979
1.01978
1.01977
1.01977
1.01976
1.01976
1.01975
1.01975
1.01974
1.01974
1.01974
1.01973
1.01973
1.01973
1.01973
1.01973
1.01973
1.01973
1.01973
1.01972
1.01972
1.01972
1.01972
1.01972
1.01972
1.01972
1.01972
1.01972
1.01972
1.01972
1.01972
1.01972
1.01972
1.01972
1.01972
1.01972
1.01972
1.01972
1.01972
1.01972
1.01972
1.01972
1.01972
1.01972
1.01972
1.01972
1.01972
1.01972
1.01972
1.01972
1.01972
1.01972
1.01972
1.01972
1.01972
1.01972
1.01972
1.01972
1.01971
1.01971
1.0197
1.0197
1.01969
1.01968
1.01966
1.01963
1.0196
1.01935
1.01899
1.01589
0.988567
1.06794
1.02558
1.03849
1.03316
1.03543
1.03431
1.03442
1.03398
1.03382
1.0336
1.03346
1.03332
1.03321
1.03312
1.03305
1.03298
1.03293
1.03288
1.03284
1.0328
1.03277
1.03274
1.03272
1.0327
1.03268
1.03266
1.03265
1.03263
1.03262
1.03261
1.03261
1.0326
1.03259
1.03259
1.03258
1.03258
1.03257
1.03257
1.03257
1.03256
1.03256
1.03256
1.03256
1.03256
1.03255
1.03255
1.03255
1.03255
1.03255
1.03255
1.03255
1.03255
1.03255
1.03255
1.03255
1.03255
1.03255
1.03255
1.03255
1.03255
1.03255
1.03255
1.03255
1.03255
1.03255
1.03255
1.03255
1.03255
1.03255
1.03255
1.03255
1.03255
1.03255
1.03255
1.03255
1.03255
1.03255
1.03255
1.03255
1.03255
1.03255
1.03255
1.03255
1.03255
1.03254
1.03254
1.03254
1.03254
1.03254
1.03253
1.03253
1.03252
1.03251
1.03249
1.03246
1.03242
1.03218
1.03186
1.02902
0.986394
1.06821
1.02896
1.04242
1.0368
1.03921
1.03808
1.03829
1.03792
1.03782
1.03764
1.03753
1.03743
1.03735
1.03728
1.03722
1.03717
1.03713
1.03709
1.03706
1.03703
1.03701
1.03698
1.03697
1.03695
1.03693
1.03692
1.03691
1.0369
1.03689
1.03688
1.03687
1.03687
1.03686
1.03686
1.03685
1.03685
1.03685
1.03684
1.03684
1.03684
1.03684
1.03683
1.03683
1.03683
1.03683
1.03683
1.03683
1.03683
1.03683
1.03683
1.03683
1.03683
1.03682
1.03682
1.03682
1.03682
1.03682
1.03682
1.03682
1.03682
1.03682
1.03682
1.03682
1.03682
1.03682
1.03682
1.03682
1.03682
1.03682
1.03682
1.03682
1.03682
1.03682
1.03682
1.03682
1.03682
1.03682
1.03682
1.03682
1.03682
1.03682
1.03682
1.03682
1.03682
1.03682
1.03682
1.03682
1.03682
1.03682
1.03681
1.03681
1.0368
1.03679
1.03678
1.03674
1.0367
1.03647
1.03621
1.03382
0.983101
1.0661
1.02959
1.04347
1.03762
1.04015
1.03902
1.03932
1.039
1.03896
1.03883
1.03876
1.03869
1.03863
1.03858
1.03854
1.03851
1.03848
1.03845
1.03843
1.03841
1.03839
1.03837
1.03836
1.03835
1.03834
1.03833
1.03832
1.03831
1.0383
1.0383
1.03829
1.03829
1.03828
1.03828
1.03827
1.03827
1.03827
1.03826
1.03826
1.03826
1.03826
1.03826
1.03826
1.03826
1.03825
1.03825
1.03825
1.03825
1.03825
1.03825
1.03825
1.03825
1.03825
1.03825
1.03825
1.03825
1.03825
1.03825
1.03825
1.03825
1.03825
1.03825
1.03825
1.03825
1.03825
1.03825
1.03825
1.03825
1.03825
1.03825
1.03825
1.03825
1.03825
1.03825
1.03825
1.03825
1.03825
1.03825
1.03825
1.03825
1.03825
1.03825
1.03825
1.03825
1.03825
1.03825
1.03825
1.03824
1.03824
1.03824
1.03824
1.03823
1.03822
1.03821
1.03818
1.03814
1.03794
1.03774
1.03587
0.980018
1.06348
1.02937
1.04355
1.03755
1.04016
1.03904
1.03943
1.03916
1.03917
1.03908
1.03905
1.039
1.03897
1.03894
1.03892
1.03889
1.03888
1.03886
1.03885
1.03883
1.03882
1.03881
1.0388
1.0388
1.03879
1.03878
1.03877
1.03877
1.03876
1.03876
1.03876
1.03875
1.03875
1.03875
1.03874
1.03874
1.03874
1.03874
1.03873
1.03873
1.03873
1.03873
1.03873
1.03873
1.03873
1.03873
1.03873
1.03873
1.03873
1.03873
1.03873
1.03872
1.03872
1.03872
1.03872
1.03872
1.03872
1.03872
1.03872
1.03872
1.03872
1.03872
1.03872
1.03872
1.03872
1.03872
1.03872
1.03872
1.03872
1.03872
1.03872
1.03872
1.03872
1.03872
1.03872
1.03872
1.03872
1.03872
1.03872
1.03872
1.03872
1.03872
1.03872
1.03872
1.03872
1.03872
1.03872
1.03872
1.03872
1.03872
1.03872
1.03871
1.0387
1.03869
1.03867
1.03863
1.03847
1.03834
1.03701
0.977434
1.06096
1.02893
1.04333
1.03721
1.03989
1.03878
1.03924
1.03901
1.03908
1.03902
1.03902
1.039
1.03899
1.03898
1.03898
1.03897
1.03896
1.03895
1.03895
1.03894
1.03894
1.03893
1.03893
1.03892
1.03892
1.03892
1.03891
1.03891
1.03891
1.03891
1.0389
1.0389
1.0389
1.0389
1.0389
1.03889
1.03889
1.03889
1.03889
1.03889
1.03889
1.03889
1.03889
1.03889
1.03889
1.03888
1.03888
1.03888
1.03888
1.03888
1.03888
1.03888
1.03888
1.03888
1.03888
1.03888
1.03888
1.03888
1.03888
1.03888
1.03888
1.03888
1.03888
1.03888
1.03888
1.03888
1.03888
1.03888
1.03888
1.03888
1.03888
1.03888
1.03888
1.03888
1.03888
1.03888
1.03888
1.03888
1.03888
1.03888
1.03888
1.03888
1.03888
1.03888
1.03888
1.03888
1.03888
1.03888
1.03888
1.03888
1.03888
1.03887
1.03887
1.03886
1.03884
1.03881
1.03869
1.03863
1.03784
0.975341
1.0587
1.02847
1.04304
1.03682
1.03954
1.03844
1.03896
1.03878
1.0389
1.03888
1.03891
1.03891
1.03892
1.03893
1.03893
1.03894
1.03894
1.03894
1.03895
1.03895
1.03895
1.03895
1.03895
1.03895
1.03895
1.03895
1.03895
1.03895
1.03895
1.03895
1.03894
1.03894
1.03894
1.03894
1.03894
1.03894
1.03894
1.03894
1.03894
1.03894
1.03894
1.03894
1.03894
1.03894
1.03894
1.03894
1.03894
1.03894
1.03894
1.03894
1.03894
1.03894
1.03893
1.03893
1.03893
1.03893
1.03893
1.03893
1.03893
1.03893
1.03893
1.03893
1.03893
1.03893
1.03893
1.03893
1.03893
1.03893
1.03893
1.03893
1.03893
1.03893
1.03893
1.03893
1.03893
1.03893
1.03893
1.03893
1.03893
1.03893
1.03893
1.03893
1.03893
1.03893
1.03893
1.03893
1.03893
1.03893
1.03893
1.03893
1.03893
1.03893
1.03893
1.03892
1.03891
1.03889
1.03882
1.03882
1.03856
0.973661
1.05672
1.02805
1.04273
1.03644
1.03919
1.0381
1.03868
1.03854
1.03869
1.03871
1.03876
1.03879
1.03882
1.03884
1.03886
1.03888
1.03889
1.0389
1.03891
1.03892
1.03892
1.03893
1.03893
1.03894
1.03894
1.03894
1.03895
1.03895
1.03895
1.03895
1.03895
1.03895
1.03895
1.03895
1.03895
1.03895
1.03895
1.03895
1.03895
1.03895
1.03895
1.03895
1.03895
1.03895
1.03895
1.03895
1.03895
1.03895
1.03895
1.03895
1.03895
1.03895
1.03895
1.03895
1.03895
1.03895
1.03895
1.03895
1.03895
1.03895
1.03895
1.03895
1.03895
1.03895
1.03895
1.03895
1.03895
1.03895
1.03895
1.03895
1.03895
1.03895
1.03895
1.03895
1.03895
1.03895
1.03895
1.03895
1.03895
1.03895
1.03895
1.03895
1.03895
1.03895
1.03895
1.03895
1.03895
1.03895
1.03895
1.03895
1.03895
1.03895
1.03895
1.03895
1.03895
1.03893
1.03892
1.03898
1.03921
0.972314
1.055
1.02768
1.04245
1.0361
1.03887
1.03778
1.03842
1.03831
1.0385
1.03854
1.03862
1.03867
1.03871
1.03875
1.03878
1.03881
1.03883
1.03885
1.03886
1.03888
1.03889
1.0389
1.03891
1.03892
1.03892
1.03893
1.03893
1.03894
1.03894
1.03894
1.03894
1.03895
1.03895
1.03895
1.03895
1.03895
1.03895
1.03895
1.03895
1.03895
1.03896
1.03896
1.03896
1.03896
1.03896
1.03896
1.03896
1.03896
1.03896
1.03896
1.03896
1.03896
1.03896
1.03896
1.03896
1.03896
1.03896
1.03896
1.03896
1.03896
1.03896
1.03896
1.03896
1.03896
1.03896
1.03896
1.03896
1.03896
1.03896
1.03896
1.03896
1.03896
1.03896
1.03896
1.03896
1.03896
1.03896
1.03896
1.03896
1.03896
1.03896
1.03896
1.03896
1.03896
1.03896
1.03896
1.03896
1.03896
1.03896
1.03896
1.03896
1.03896
1.03897
1.03897
1.03897
1.03896
1.03901
1.03912
1.03982
0.971235
1.05354
1.02737
1.0422
1.03581
1.03857
1.03749
1.03817
1.0381
1.03832
1.03838
1.03849
1.03855
1.03862
1.03866
1.03871
1.03874
1.03877
1.0388
1.03882
1.03884
1.03885
1.03887
1.03888
1.03889
1.0389
1.03891
1.03892
1.03892
1.03893
1.03893
1.03894
1.03894
1.03894
1.03894
1.03895
1.03895
1.03895
1.03895
1.03895
1.03895
1.03895
1.03896
1.03896
1.03896
1.03896
1.03896
1.03896
1.03896
1.03896
1.03896
1.03896
1.03896
1.03896
1.03896
1.03896
1.03896
1.03896
1.03896
1.03896
1.03896
1.03896
1.03896
1.03896
1.03896
1.03896
1.03896
1.03896
1.03896
1.03896
1.03896
1.03896
1.03896
1.03896
1.03896
1.03896
1.03896
1.03896
1.03896
1.03896
1.03896
1.03896
1.03896
1.03896
1.03896
1.03896
1.03896
1.03896
1.03896
1.03896
1.03897
1.03897
1.03897
1.03898
1.03898
1.03899
1.03899
1.0391
1.03926
1.04037
0.970374
1.0523
1.0271
1.04199
1.03556
1.03832
1.03724
1.03796
1.03791
1.03816
1.03825
1.03837
1.03845
1.03853
1.03859
1.03864
1.03868
1.03872
1.03875
1.03878
1.0388
1.03882
1.03884
1.03885
1.03887
1.03888
1.03889
1.0389
1.03891
1.03891
1.03892
1.03893
1.03893
1.03893
1.03894
1.03894
1.03894
1.03895
1.03895
1.03895
1.03895
1.03895
1.03895
1.03895
1.03896
1.03896
1.03896
1.03896
1.03896
1.03896
1.03896
1.03896
1.03896
1.03896
1.03896
1.03896
1.03896
1.03896
1.03896
1.03896
1.03896
1.03896
1.03896
1.03896
1.03896
1.03896
1.03896
1.03896
1.03896
1.03896
1.03896
1.03896
1.03896
1.03896
1.03896
1.03896
1.03896
1.03896
1.03896
1.03896
1.03896
1.03896
1.03896
1.03896
1.03896
1.03896
1.03896
1.03896
1.03896
1.03897
1.03897
1.03897
1.03898
1.03898
1.03899
1.03901
1.03902
1.03917
1.03938
1.04087
0.969691
1.05127
1.02689
1.0418
1.03534
1.0381
1.03703
1.03777
1.03774
1.03802
1.03812
1.03827
1.03836
1.03845
1.03852
1.03858
1.03863
1.03867
1.03871
1.03874
1.03877
1.03879
1.03881
1.03883
1.03885
1.03886
1.03887
1.03888
1.03889
1.0389
1.03891
1.03892
1.03892
1.03893
1.03893
1.03894
1.03894
1.03894
1.03894
1.03895
1.03895
1.03895
1.03895
1.03895
1.03895
1.03895
1.03896
1.03896
1.03896
1.03896
1.03896
1.03896
1.03896
1.03896
1.03896
1.03896
1.03896
1.03896
1.03896
1.03896
1.03896
1.03896
1.03896
1.03896
1.03896
1.03896
1.03896
1.03896
1.03896
1.03896
1.03896
1.03896
1.03896
1.03896
1.03896
1.03896
1.03896
1.03896
1.03896
1.03896
1.03896
1.03896
1.03896
1.03896
1.03896
1.03896
1.03896
1.03896
1.03897
1.03897
1.03897
1.03897
1.03898
1.03899
1.039
1.03903
1.03905
1.03925
1.03949
1.04131
0.969158
1.05043
1.02671
1.04165
1.03517
1.03791
1.03685
1.03762
1.03761
1.0379
1.03802
1.03818
1.03828
1.03838
1.03846
1.03852
1.03858
1.03863
1.03867
1.03871
1.03874
1.03876
1.03879
1.03881
1.03883
1.03884
1.03886
1.03887
1.03888
1.03889
1.0389
1.03891
1.03892
1.03892
1.03893
1.03893
1.03893
1.03894
1.03894
1.03894
1.03895
1.03895
1.03895
1.03895
1.03895
1.03895
1.03895
1.03896
1.03896
1.03896
1.03896
1.03896
1.03896
1.03896
1.03896
1.03896
1.03896
1.03896
1.03896
1.03896
1.03896
1.03896
1.03896
1.03896
1.03896
1.03896
1.03896
1.03896
1.03896
1.03896
1.03896
1.03896
1.03896
1.03896
1.03896
1.03896
1.03896
1.03896
1.03896
1.03896
1.03896
1.03896
1.03896
1.03896
1.03896
1.03896
1.03896
1.03896
1.03897
1.03897
1.03897
1.03898
1.03898
1.03899
1.039
1.03904
1.03907
1.03931
1.03959
1.04168
0.968754
1.04978
1.02657
1.04153
1.03503
1.03777
1.0367
1.03749
1.0375
1.03781
1.03794
1.03811
1.03822
1.03832
1.03841
1.03848
1.03854
1.03859
1.03864
1.03868
1.03871
1.03874
1.03877
1.03879
1.03881
1.03883
1.03885
1.03886
1.03887
1.03888
1.03889
1.0389
1.03891
1.03892
1.03892
1.03893
1.03893
1.03894
1.03894
1.03894
1.03894
1.03895
1.03895
1.03895
1.03895
1.03895
1.03895
1.03895
1.03896
1.03896
1.03896
1.03896
1.03896
1.03896
1.03896
1.03896
1.03896
1.03896
1.03896
1.03896
1.03896
1.03896
1.03896
1.03896
1.03896
1.03896
1.03896
1.03896
1.03896
1.03896
1.03896
1.03896
1.03896
1.03896
1.03896
1.03896
1.03896
1.03896
1.03896
1.03896
1.03896
1.03896
1.03896
1.03896
1.03896
1.03896
1.03896
1.03896
1.03897
1.03897
1.03897
1.03898
1.03898
1.039
1.03901
1.03906
1.03909
1.03936
1.03967
1.04198
0.968463
1.04929
1.02647
1.04145
1.03493
1.03766
1.03659
1.0374
1.03741
1.03774
1.03788
1.03805
1.03817
1.03828
1.03837
1.03845
1.03851
1.03857
1.03862
1.03866
1.03869
1.03873
1.03875
1.03878
1.0388
1.03882
1.03884
1.03885
1.03887
1.03888
1.03889
1.0389
1.03891
1.03891
1.03892
1.03892
1.03893
1.03893
1.03894
1.03894
1.03894
1.03894
1.03895
1.03895
1.03895
1.03895
1.03895
1.03895
1.03895
1.03896
1.03896
1.03896
1.03896
1.03896
1.03896
1.03896
1.03896
1.03896
1.03896
1.03896
1.03896
1.03896
1.03896
1.03896
1.03896
1.03896
1.03896
1.03896
1.03896
1.03896
1.03896
1.03896
1.03896
1.03896
1.03896
1.03896
1.03896
1.03896
1.03896
1.03896
1.03896
1.03896
1.03896
1.03896
1.03896
1.03896
1.03896
1.03897
1.03897
1.03897
1.03897
1.03898
1.03899
1.039
1.03902
1.03907
1.0391
1.0394
1.03973
1.04221
0.968275
1.04897
1.02641
1.04139
1.03487
1.03758
1.03652
1.03733
1.03736
1.03769
1.03784
1.03802
1.03814
1.03826
1.03835
1.03843
1.03849
1.03855
1.0386
1.03864
1.03868
1.03872
1.03874
1.03877
1.03879
1.03881
1.03883
1.03885
1.03886
1.03887
1.03888
1.03889
1.0389
1.03891
1.03892
1.03892
1.03893
1.03893
1.03893
1.03894
1.03894
1.03894
1.03895
1.03895
1.03895
1.03895
1.03895
1.03895
1.03895
1.03896
1.03896
1.03896
1.03896
1.03896
1.03896
1.03896
1.03896
1.03896
1.03896
1.03896
1.03896
1.03896
1.03896
1.03896
1.03896
1.03896
1.03896
1.03896
1.03896
1.03896
1.03896
1.03896
1.03896
1.03896
1.03896
1.03896
1.03896
1.03896
1.03896
1.03896
1.03896
1.03896
1.03896
1.03896
1.03896
1.03896
1.03896
1.03897
1.03897
1.03897
1.03897
1.03898
1.03899
1.039
1.03902
1.03907
1.03911
1.03943
1.03977
1.04236
0.968182
1.04881
1.02637
1.04136
1.03483
1.03755
1.03648
1.0373
1.03733
1.03767
1.03782
1.038
1.03812
1.03824
1.03833
1.03842
1.03848
1.03854
1.03859
1.03864
1.03868
1.03871
1.03874
1.03877
1.03879
1.03881
1.03883
1.03884
1.03886
1.03887
1.03888
1.03889
1.0389
1.03891
1.03891
1.03892
1.03893
1.03893
1.03893
1.03894
1.03894
1.03894
1.03895
1.03895
1.03895
1.03895
1.03895
1.03895
1.03895
1.03896
1.03896
1.03896
1.03896
1.03896
1.03896
1.03896
1.03896
1.03896
1.03896
1.03896
1.03896
1.03896
1.03896
1.03896
1.03896
1.03896
1.03896
1.03896
1.03896
1.03896
1.03896
1.03896
1.03896
1.03896
1.03896
1.03896
1.03896
1.03896
1.03896
1.03896
1.03896
1.03896
1.03896
1.03896
1.03896
1.03896
1.03896
1.03897
1.03897
1.03897
1.03897
1.03898
1.03899
1.039
1.03902
1.03908
1.03912
1.03944
1.03979
1.04244
0.968182
1.04881
1.02637
1.04136
1.03483
1.03755
1.03648
1.0373
1.03733
1.03767
1.03782
1.038
1.03812
1.03824
1.03833
1.03842
1.03848
1.03854
1.03859
1.03864
1.03868
1.03871
1.03874
1.03877
1.03879
1.03881
1.03883
1.03884
1.03886
1.03887
1.03888
1.03889
1.0389
1.03891
1.03891
1.03892
1.03893
1.03893
1.03893
1.03894
1.03894
1.03894
1.03895
1.03895
1.03895
1.03895
1.03895
1.03895
1.03895
1.03896
1.03896
1.03896
1.03896
1.03896
1.03896
1.03896
1.03896
1.03896
1.03896
1.03896
1.03896
1.03896
1.03896
1.03896
1.03896
1.03896
1.03896
1.03896
1.03896
1.03896
1.03896
1.03896
1.03896
1.03896
1.03896
1.03896
1.03896
1.03896
1.03896
1.03896
1.03896
1.03896
1.03896
1.03896
1.03896
1.03896
1.03896
1.03897
1.03897
1.03897
1.03897
1.03898
1.03899
1.039
1.03902
1.03908
1.03912
1.03944
1.03979
1.04244
0.968275
1.04897
1.02641
1.04139
1.03487
1.03758
1.03652
1.03733
1.03736
1.03769
1.03784
1.03802
1.03814
1.03826
1.03835
1.03843
1.03849
1.03855
1.0386
1.03864
1.03868
1.03872
1.03874
1.03877
1.03879
1.03881
1.03883
1.03885
1.03886
1.03887
1.03888
1.03889
1.0389
1.03891
1.03892
1.03892
1.03893
1.03893
1.03893
1.03894
1.03894
1.03894
1.03895
1.03895
1.03895
1.03895
1.03895
1.03895
1.03895
1.03896
1.03896
1.03896
1.03896
1.03896
1.03896
1.03896
1.03896
1.03896
1.03896
1.03896
1.03896
1.03896
1.03896
1.03896
1.03896
1.03896
1.03896
1.03896
1.03896
1.03896
1.03896
1.03896
1.03896
1.03896
1.03896
1.03896
1.03896
1.03896
1.03896
1.03896
1.03896
1.03896
1.03896
1.03896
1.03896
1.03896
1.03896
1.03897
1.03897
1.03897
1.03897
1.03898
1.03899
1.039
1.03902
1.03907
1.03911
1.03943
1.03977
1.04236
0.968463
1.04929
1.02647
1.04145
1.03493
1.03766
1.03659
1.0374
1.03741
1.03774
1.03788
1.03805
1.03817
1.03828
1.03837
1.03845
1.03851
1.03857
1.03862
1.03866
1.03869
1.03873
1.03875
1.03878
1.0388
1.03882
1.03884
1.03885
1.03887
1.03888
1.03889
1.0389
1.03891
1.03891
1.03892
1.03892
1.03893
1.03893
1.03894
1.03894
1.03894
1.03894
1.03895
1.03895
1.03895
1.03895
1.03895
1.03895
1.03895
1.03896
1.03896
1.03896
1.03896
1.03896
1.03896
1.03896
1.03896
1.03896
1.03896
1.03896
1.03896
1.03896
1.03896
1.03896
1.03896
1.03896
1.03896
1.03896
1.03896
1.03896
1.03896
1.03896
1.03896
1.03896
1.03896
1.03896
1.03896
1.03896
1.03896
1.03896
1.03896
1.03896
1.03896
1.03896
1.03896
1.03896
1.03896
1.03897
1.03897
1.03897
1.03897
1.03898
1.03899
1.039
1.03902
1.03907
1.0391
1.0394
1.03973
1.04221
0.968754
1.04978
1.02657
1.04153
1.03503
1.03777
1.0367
1.03749
1.0375
1.03781
1.03794
1.03811
1.03822
1.03833
1.03841
1.03848
1.03854
1.03859
1.03864
1.03868
1.03871
1.03874
1.03877
1.03879
1.03881
1.03883
1.03885
1.03886
1.03887
1.03888
1.03889
1.0389
1.03891
1.03892
1.03892
1.03893
1.03893
1.03894
1.03894
1.03894
1.03894
1.03895
1.03895
1.03895
1.03895
1.03895
1.03895
1.03895
1.03896
1.03896
1.03896
1.03896
1.03896
1.03896
1.03896
1.03896
1.03896
1.03896
1.03896
1.03896
1.03896
1.03896
1.03896
1.03896
1.03896
1.03896
1.03896
1.03896
1.03896
1.03896
1.03896
1.03896
1.03896
1.03896
1.03896
1.03896
1.03896
1.03896
1.03896
1.03896
1.03896
1.03896
1.03896
1.03896
1.03896
1.03896
1.03896
1.03897
1.03897
1.03897
1.03897
1.03898
1.03899
1.039
1.03901
1.03906
1.03909
1.03936
1.03967
1.04198
0.969158
1.05043
1.02671
1.04165
1.03517
1.03791
1.03685
1.03762
1.03761
1.0379
1.03802
1.03818
1.03828
1.03838
1.03846
1.03852
1.03858
1.03863
1.03867
1.03871
1.03874
1.03876
1.03879
1.03881
1.03883
1.03884
1.03886
1.03887
1.03888
1.03889
1.0389
1.03891
1.03892
1.03892
1.03893
1.03893
1.03894
1.03894
1.03894
1.03894
1.03895
1.03895
1.03895
1.03895
1.03895
1.03895
1.03895
1.03896
1.03896
1.03896
1.03896
1.03896
1.03896
1.03896
1.03896
1.03896
1.03896
1.03896
1.03896
1.03896
1.03896
1.03896
1.03896
1.03896
1.03896
1.03896
1.03896
1.03896
1.03896
1.03896
1.03896
1.03896
1.03896
1.03896
1.03896
1.03896
1.03896
1.03896
1.03896
1.03896
1.03896
1.03896
1.03896
1.03896
1.03896
1.03896
1.03896
1.03896
1.03897
1.03897
1.03897
1.03898
1.03898
1.03899
1.03901
1.03904
1.03907
1.03931
1.03959
1.04168
0.969691
1.05127
1.02689
1.0418
1.03534
1.0381
1.03703
1.03777
1.03774
1.03802
1.03812
1.03827
1.03836
1.03845
1.03852
1.03858
1.03863
1.03867
1.03871
1.03874
1.03877
1.03879
1.03881
1.03883
1.03885
1.03886
1.03887
1.03889
1.03889
1.0389
1.03891
1.03892
1.03892
1.03893
1.03893
1.03894
1.03894
1.03894
1.03894
1.03895
1.03895
1.03895
1.03895
1.03895
1.03895
1.03895
1.03896
1.03896
1.03896
1.03896
1.03896
1.03896
1.03896
1.03896
1.03896
1.03896
1.03896
1.03896
1.03896
1.03896
1.03896
1.03896
1.03896
1.03896
1.03896
1.03896
1.03896
1.03896
1.03896
1.03896
1.03896
1.03896
1.03896
1.03896
1.03896
1.03896
1.03896
1.03896
1.03896
1.03896
1.03896
1.03896
1.03896
1.03896
1.03896
1.03896
1.03896
1.03896
1.03897
1.03897
1.03897
1.03897
1.03898
1.03899
1.039
1.03903
1.03905
1.03925
1.03949
1.04131
0.970373
1.0523
1.0271
1.04198
1.03556
1.03832
1.03724
1.03796
1.03791
1.03816
1.03825
1.03837
1.03845
1.03853
1.03859
1.03864
1.03868
1.03872
1.03875
1.03878
1.0388
1.03882
1.03884
1.03885
1.03887
1.03888
1.03889
1.0389
1.03891
1.03891
1.03892
1.03893
1.03893
1.03894
1.03894
1.03894
1.03894
1.03895
1.03895
1.03895
1.03895
1.03895
1.03895
1.03895
1.03896
1.03896
1.03896
1.03896
1.03896
1.03896
1.03896
1.03896
1.03896
1.03896
1.03896
1.03896
1.03896
1.03896
1.03896
1.03896
1.03896
1.03896
1.03896
1.03896
1.03896
1.03896
1.03896
1.03896
1.03896
1.03896
1.03896
1.03896
1.03896
1.03896
1.03896
1.03896
1.03896
1.03896
1.03896
1.03896
1.03896
1.03896
1.03896
1.03896
1.03896
1.03896
1.03896
1.03896
1.03896
1.03897
1.03897
1.03897
1.03898
1.03898
1.03899
1.03901
1.03902
1.03917
1.03938
1.04087
0.971235
1.05354
1.02737
1.0422
1.03581
1.03857
1.03749
1.03817
1.0381
1.03832
1.03838
1.03849
1.03855
1.03862
1.03866
1.03871
1.03874
1.03877
1.0388
1.03882
1.03884
1.03885
1.03887
1.03888
1.03889
1.0389
1.03891
1.03892
1.03892
1.03893
1.03893
1.03894
1.03894
1.03894
1.03895
1.03895
1.03895
1.03895
1.03895
1.03895
1.03895
1.03895
1.03896
1.03896
1.03896
1.03896
1.03896
1.03896
1.03896
1.03896
1.03896
1.03896
1.03896
1.03896
1.03896
1.03896
1.03896
1.03896
1.03896
1.03896
1.03896
1.03896
1.03896
1.03896
1.03896
1.03896
1.03896
1.03896
1.03896
1.03896
1.03896
1.03896
1.03896
1.03896
1.03896
1.03896
1.03896
1.03896
1.03896
1.03896
1.03896
1.03896
1.03896
1.03896
1.03896
1.03896
1.03896
1.03896
1.03896
1.03896
1.03897
1.03897
1.03897
1.03898
1.03898
1.03899
1.03899
1.0391
1.03926
1.04037
0.972313
1.055
1.02768
1.04245
1.0361
1.03887
1.03778
1.03842
1.03831
1.0385
1.03854
1.03862
1.03867
1.03872
1.03875
1.03878
1.03881
1.03883
1.03885
1.03886
1.03888
1.03889
1.0389
1.03891
1.03892
1.03892
1.03893
1.03893
1.03894
1.03894
1.03894
1.03895
1.03895
1.03895
1.03895
1.03895
1.03895
1.03895
1.03895
1.03896
1.03896
1.03896
1.03896
1.03896
1.03896
1.03896
1.03896
1.03896
1.03896
1.03896
1.03896
1.03896
1.03896
1.03896
1.03896
1.03896
1.03896
1.03896
1.03896
1.03896
1.03896
1.03896
1.03896
1.03896
1.03896
1.03896
1.03896
1.03896
1.03896
1.03896
1.03896
1.03896
1.03896
1.03896
1.03896
1.03896
1.03896
1.03896
1.03896
1.03896
1.03896
1.03896
1.03896
1.03896
1.03896
1.03896
1.03896
1.03896
1.03896
1.03896
1.03896
1.03896
1.03897
1.03897
1.03897
1.03897
1.03896
1.03901
1.03912
1.03982
0.97366
1.05672
1.02804
1.04273
1.03644
1.03919
1.0381
1.03868
1.03854
1.0387
1.03871
1.03876
1.03879
1.03882
1.03884
1.03886
1.03888
1.03889
1.0389
1.03891
1.03892
1.03892
1.03893
1.03893
1.03894
1.03894
1.03894
1.03895
1.03895
1.03895
1.03895
1.03895
1.03895
1.03895
1.03895
1.03895
1.03895
1.03895
1.03895
1.03895
1.03895
1.03895
1.03895
1.03895
1.03895
1.03895
1.03895
1.03895
1.03895
1.03895
1.03895
1.03895
1.03895
1.03895
1.03895
1.03895
1.03895
1.03895
1.03895
1.03895
1.03895
1.03895
1.03895
1.03895
1.03895
1.03895
1.03895
1.03895
1.03895
1.03895
1.03895
1.03895
1.03895
1.03895
1.03895
1.03895
1.03895
1.03895
1.03895
1.03895
1.03895
1.03895
1.03895
1.03895
1.03895
1.03895
1.03895
1.03895
1.03895
1.03895
1.03895
1.03896
1.03896
1.03896
1.03895
1.03895
1.03893
1.03892
1.03898
1.03921
0.975341
1.0587
1.02847
1.04304
1.03682
1.03954
1.03844
1.03896
1.03878
1.0389
1.03888
1.03891
1.03891
1.03892
1.03893
1.03893
1.03894
1.03894
1.03894
1.03895
1.03895
1.03895
1.03895
1.03895
1.03895
1.03895
1.03895
1.03895
1.03895
1.03895
1.03895
1.03894
1.03894
1.03894
1.03894
1.03894
1.03894
1.03894
1.03894
1.03894
1.03894
1.03894
1.03894
1.03894
1.03894
1.03894
1.03894
1.03894
1.03894
1.03894
1.03894
1.03893
1.03893
1.03893
1.03893
1.03893
1.03893
1.03893
1.03893
1.03893
1.03893
1.03893
1.03893
1.03893
1.03893
1.03893
1.03893
1.03893
1.03893
1.03893
1.03893
1.03893
1.03893
1.03893
1.03893
1.03893
1.03893
1.03893
1.03893
1.03893
1.03893
1.03893
1.03893
1.03893
1.03893
1.03893
1.03893
1.03893
1.03893
1.03893
1.03893
1.03893
1.03893
1.03893
1.03892
1.03891
1.03889
1.03882
1.03882
1.03856
0.977434
1.06096
1.02893
1.04333
1.03721
1.03989
1.03878
1.03924
1.03901
1.03908
1.03902
1.03902
1.039
1.039
1.03898
1.03898
1.03897
1.03896
1.03895
1.03895
1.03894
1.03894
1.03893
1.03893
1.03892
1.03892
1.03892
1.03891
1.03891
1.03891
1.03891
1.0389
1.0389
1.0389
1.0389
1.0389
1.03889
1.03889
1.03889
1.03889
1.03889
1.03889
1.03889
1.03889
1.03889
1.03889
1.03888
1.03888
1.03888
1.03888
1.03888
1.03888
1.03888
1.03888
1.03888
1.03888
1.03888
1.03888
1.03888
1.03888
1.03888
1.03888
1.03888
1.03888
1.03888
1.03888
1.03888
1.03888
1.03888
1.03888
1.03888
1.03888
1.03888
1.03888
1.03888
1.03888
1.03888
1.03888
1.03888
1.03888
1.03888
1.03888
1.03888
1.03888
1.03888
1.03888
1.03888
1.03888
1.03888
1.03888
1.03888
1.03888
1.03888
1.03887
1.03886
1.03884
1.03881
1.0387
1.03863
1.03784
0.980018
1.06348
1.02937
1.04355
1.03755
1.04016
1.03904
1.03943
1.03916
1.03917
1.03908
1.03905
1.039
1.03897
1.03894
1.03892
1.0389
1.03888
1.03886
1.03885
1.03883
1.03882
1.03881
1.0388
1.0388
1.03879
1.03878
1.03878
1.03877
1.03876
1.03876
1.03876
1.03875
1.03875
1.03875
1.03874
1.03874
1.03874
1.03874
1.03874
1.03873
1.03873
1.03873
1.03873
1.03873
1.03873
1.03873
1.03873
1.03873
1.03873
1.03873
1.03872
1.03872
1.03872
1.03872
1.03872
1.03872
1.03872
1.03872
1.03872
1.03872
1.03872
1.03872
1.03872
1.03872
1.03872
1.03872
1.03872
1.03872
1.03872
1.03872
1.03872
1.03872
1.03872
1.03872
1.03872
1.03872
1.03872
1.03872
1.03872
1.03872
1.03872
1.03872
1.03872
1.03872
1.03872
1.03872
1.03872
1.03872
1.03872
1.03872
1.03872
1.03871
1.03871
1.03869
1.03867
1.03863
1.03847
1.03834
1.03701
0.983101
1.0661
1.02959
1.04347
1.03762
1.04015
1.03902
1.03932
1.039
1.03896
1.03883
1.03876
1.03869
1.03863
1.03858
1.03854
1.03851
1.03848
1.03845
1.03843
1.03841
1.03839
1.03837
1.03836
1.03835
1.03834
1.03833
1.03832
1.03831
1.0383
1.0383
1.03829
1.03829
1.03828
1.03828
1.03827
1.03827
1.03827
1.03827
1.03826
1.03826
1.03826
1.03826
1.03826
1.03826
1.03825
1.03825
1.03825
1.03825
1.03825
1.03825
1.03825
1.03825
1.03825
1.03825
1.03825
1.03825
1.03825
1.03825
1.03825
1.03825
1.03825
1.03825
1.03825
1.03825
1.03825
1.03825
1.03825
1.03825
1.03825
1.03825
1.03825
1.03825
1.03825
1.03825
1.03825
1.03825
1.03825
1.03825
1.03825
1.03825
1.03825
1.03825
1.03825
1.03825
1.03825
1.03825
1.03825
1.03824
1.03824
1.03824
1.03824
1.03823
1.03822
1.03821
1.03818
1.03814
1.03794
1.03774
1.03587
0.986394
1.06821
1.02896
1.04242
1.03679
1.03921
1.03808
1.03829
1.03792
1.03782
1.03764
1.03753
1.03743
1.03735
1.03728
1.03722
1.03717
1.03713
1.03709
1.03706
1.03703
1.03701
1.03698
1.03697
1.03695
1.03693
1.03692
1.03691
1.0369
1.03689
1.03688
1.03687
1.03687
1.03686
1.03686
1.03685
1.03685
1.03685
1.03684
1.03684
1.03684
1.03684
1.03683
1.03683
1.03683
1.03683
1.03683
1.03683
1.03683
1.03683
1.03683
1.03683
1.03683
1.03682
1.03682
1.03682
1.03682
1.03682
1.03682
1.03682
1.03682
1.03682
1.03682
1.03682
1.03682
1.03682
1.03682
1.03682
1.03682
1.03682
1.03682
1.03682
1.03682
1.03682
1.03682
1.03682
1.03682
1.03682
1.03682
1.03682
1.03682
1.03682
1.03682
1.03682
1.03682
1.03682
1.03682
1.03682
1.03682
1.03682
1.03681
1.03681
1.0368
1.03679
1.03678
1.03674
1.0367
1.03647
1.03621
1.03382
0.988567
1.06794
1.02558
1.03849
1.03316
1.03543
1.03431
1.03442
1.03398
1.03382
1.0336
1.03346
1.03332
1.03321
1.03312
1.03305
1.03298
1.03293
1.03288
1.03284
1.0328
1.03277
1.03274
1.03272
1.0327
1.03268
1.03266
1.03265
1.03263
1.03262
1.03261
1.03261
1.0326
1.03259
1.03259
1.03258
1.03258
1.03257
1.03257
1.03257
1.03256
1.03256
1.03256
1.03256
1.03256
1.03255
1.03255
1.03255
1.03255
1.03255
1.03255
1.03255
1.03255
1.03255
1.03255
1.03255
1.03255
1.03255
1.03255
1.03255
1.03255
1.03255
1.03255
1.03255
1.03255
1.03255
1.03255
1.03255
1.03255
1.03255
1.03255
1.03255
1.03255
1.03255
1.03255
1.03255
1.03255
1.03255
1.03255
1.03255
1.03255
1.03255
1.03255
1.03255
1.03255
1.03255
1.03254
1.03254
1.03254
1.03254
1.03253
1.03253
1.03252
1.03251
1.03249
1.03246
1.03242
1.03218
1.03186
1.02902
0.984959
1.05948
1.01373
1.02589
1.02097
1.02309
1.02197
1.02198
1.02149
1.02127
1.02101
1.02082
1.02065
1.02052
1.02041
1.02031
1.02023
1.02017
1.02011
1.02006
1.02001
1.01998
1.01994
1.01991
1.01989
1.01987
1.01985
1.01983
1.01982
1.0198
1.01979
1.01978
1.01977
1.01977
1.01976
1.01976
1.01975
1.01975
1.01974
1.01974
1.01974
1.01973
1.01973
1.01973
1.01973
1.01973
1.01973
1.01973
1.01973
1.01972
1.01972
1.01972
1.01972
1.01972
1.01972
1.01972
1.01972
1.01972
1.01972
1.01972
1.01972
1.01972
1.01972
1.01972
1.01972
1.01972
1.01972
1.01972
1.01972
1.01972
1.01972
1.01972
1.01972
1.01972
1.01972
1.01972
1.01972
1.01972
1.01972
1.01972
1.01972
1.01972
1.01972
1.01972
1.01972
1.01972
1.01972
1.01972
1.01971
1.01971
1.01971
1.0197
1.01969
1.01968
1.01966
1.01963
1.0196
1.01936
1.01899
1.01589
0.960306
1.02531
0.976297
0.987379
0.98307
0.984972
0.983898
0.983803
0.983282
0.983006
0.982706
0.982489
0.982297
0.982144
0.982013
0.981904
0.981812
0.981734
0.981667
0.981609
0.981559
0.981516
0.981479
0.981447
0.981419
0.981395
0.981374
0.981355
0.981339
0.981326
0.981314
0.981303
0.981295
0.981287
0.98128
0.981275
0.98127
0.981266
0.981262
0.981259
0.981256
0.981254
0.981252
0.98125
0.981249
0.981248
0.981247
0.981246
0.981245
0.981244
0.981244
0.981243
0.981243
0.981242
0.981242
0.981242
0.981242
0.981242
0.981241
0.981241
0.981241
0.981241
0.981241
0.981241
0.981241
0.981241
0.981241
0.981241
0.981241
0.981241
0.981241
0.981241
0.981241
0.981241
0.981241
0.981241
0.981241
0.981241
0.981241
0.98124
0.98124
0.98124
0.98124
0.981239
0.981239
0.981238
0.981237
0.981235
0.981232
0.981229
0.981223
0.981216
0.981207
0.981194
0.981179
0.981153
0.981133
0.98091
0.980543
0.977595
0.864905
0.911539
0.861932
0.871316
0.867932
0.86952
0.868562
0.868394
0.867882
0.867588
0.867285
0.867061
0.866865
0.866707
0.866573
0.866461
0.866367
0.866287
0.866219
0.86616
0.866109
0.866066
0.866029
0.865996
0.865969
0.865945
0.865924
0.865906
0.865891
0.865878
0.865866
0.865857
0.865848
0.865841
0.865835
0.86583
0.865825
0.865822
0.865818
0.865816
0.865813
0.865811
0.86581
0.865808
0.865807
0.865806
0.865805
0.865804
0.865804
0.865803
0.865803
0.865803
0.865802
0.865802
0.865802
0.865802
0.865801
0.865801
0.865801
0.865801
0.865801
0.865801
0.865801
0.865801
0.865801
0.865801
0.865801
0.865801
0.865801
0.865801
0.865801
0.865801
0.865801
0.865801
0.865801
0.865801
0.865801
0.865801
0.8658
0.8658
0.8658
0.8658
0.8658
0.865799
0.865799
0.865798
0.865797
0.865795
0.865792
0.865789
0.865783
0.865776
0.865767
0.865755
0.865743
0.865724
0.865718
0.865546
0.865253
0.863186
0.53756
0.552164
0.517048
0.522869
0.521057
0.52199
0.521384
0.521234
0.520891
0.520684
0.520479
0.520325
0.520192
0.520084
0.519993
0.519917
0.519853
0.519799
0.519752
0.519713
0.519679
0.51965
0.519625
0.519603
0.519585
0.519569
0.519556
0.519544
0.519535
0.519526
0.519519
0.519513
0.519508
0.519503
0.5195
0.519497
0.519494
0.519492
0.51949
0.519488
0.519487
0.519486
0.519485
0.519484
0.519484
0.519483
0.519483
0.519482
0.519482
0.519482
0.519481
0.519481
0.519481
0.519481
0.519481
0.519481
0.519481
0.519481
0.519481
0.519481
0.519481
0.519481
0.519481
0.519481
0.51948
0.51948
0.51948
0.51948
0.51948
0.51948
0.51948
0.51948
0.51948
0.51948
0.51948
0.51948
0.51948
0.51948
0.51948
0.51948
0.51948
0.51948
0.51948
0.519479
0.519479
0.519478
0.519478
0.519476
0.519475
0.519472
0.519469
0.519464
0.519458
0.51945
0.519443
0.519436
0.519442
0.51936
0.519228
0.518638
)
;

boundaryField
{
    inlet
    {
        type            calculated;
        value           uniform 1;
    }
    outlet
    {
        type            calculated;
        value           nonuniform List<scalar> 
40
(
0.518638
0.863186
0.977595
1.01589
1.02902
1.03382
1.03587
1.03701
1.03784
1.03856
1.03921
1.03982
1.04037
1.04087
1.04131
1.04168
1.04198
1.04221
1.04236
1.04244
1.04244
1.04236
1.04221
1.04198
1.04168
1.04131
1.04087
1.04037
1.03982
1.03921
1.03856
1.03784
1.03701
1.03587
1.03382
1.02902
1.01589
0.977595
0.863186
0.518638
)
;
    }
    lowerWall
    {
        type            calculated;
        value           uniform 0;
    }
    upperWall
    {
        type            calculated;
        value           uniform 0;
    }
    frontAndBack
    {
        type            empty;
    }
}


// ************************************************************************* //
