/*--------------------------------*- C++ -*----------------------------------*\
  =========                 |
  \\      /  F ield         | OpenFOAM: The Open Source CFD Toolbox
   \\    /   O peration     | Website:  https://openfoam.org
    \\  /    A nd           | Version:  7
     \\/     M anipulation  |
\*---------------------------------------------------------------------------*/
FoamFile
{
    version     2.0;
    format      ascii;
    class       volScalarField;
    location    "3.5";
    object      Uy;
}
// * * * * * * * * * * * * * * * * * * * * * * * * * * * * * * * * * * * * * //

dimensions      [0 1 -1 0 0 0 0];

internalField   nonuniform List<scalar> 
4000
(
0.0563971
0.00359851
-0.00176415
-0.00200137
-0.00213094
-0.00203765
-0.00204473
-0.00203494
-0.00204442
-0.00204833
-0.0020541
-0.00205784
-0.00206127
-0.0020638
-0.00206588
-0.00206751
-0.00206884
-0.00206989
-0.00207074
-0.00207145
-0.00207202
-0.00207249
-0.00207289
-0.00207323
-0.00207351
-0.00207375
-0.00207396
-0.00207412
-0.00207427
-0.00207439
-0.0020745
-0.00207459
-0.00207467
-0.00207473
-0.00207479
-0.00207483
-0.00207488
-0.00207491
-0.00207494
-0.00207496
-0.00207499
-0.002075
-0.00207502
-0.00207503
-0.00207504
-0.00207505
-0.00207506
-0.00207506
-0.00207507
-0.00207507
-0.00207508
-0.00207507
-0.00207508
-0.00207508
-0.00207508
-0.00207508
-0.00207509
-0.00207508
-0.00207509
-0.00207509
-0.00207509
-0.00207509
-0.00207509
-0.00207509
-0.00207509
-0.00207509
-0.00207509
-0.00207509
-0.00207509
-0.00207509
-0.00207509
-0.00207509
-0.00207509
-0.00207509
-0.00207509
-0.00207509
-0.00207509
-0.00207508
-0.00207508
-0.00207508
-0.00207507
-0.00207507
-0.00207506
-0.00207505
-0.00207503
-0.00207501
-0.00207497
-0.00207492
-0.00207485
-0.00207476
-0.00207464
-0.0020745
-0.00207436
-0.00207435
-0.00207464
-0.00207528
-0.00207439
-0.00206119
-0.0020212
-0.00215161
0.128456
0.016007
0.000986828
-7.14781e-05
-0.000505972
-0.000190942
-0.000202173
-0.000164393
-0.000194098
-0.000206928
-0.000226493
-0.000239493
-0.000251643
-0.000260847
-0.000268067
-0.000273776
-0.000278483
-0.000282319
-0.000285493
-0.000288147
-0.000290414
-0.000292312
-0.000293944
-0.000295351
-0.000296566
-0.000297584
-0.000298483
-0.000299251
-0.00029992
-0.000300485
-0.000300995
-0.000301414
-0.000301782
-0.00030209
-0.000302367
-0.000302584
-0.00030279
-0.000302949
-0.000303098
-0.000303206
-0.000303319
-0.000303396
-0.000303472
-0.000303526
-0.000303587
-0.00030362
-0.000303664
-0.000303688
-0.000303722
-0.00030373
-0.00030376
-0.000303766
-0.000303786
-0.000303786
-0.000303803
-0.000303801
-0.000303815
-0.00030381
-0.000303824
-0.000303819
-0.000303833
-0.000303827
-0.000303839
-0.000303833
-0.000303843
-0.000303834
-0.000303843
-0.000303835
-0.000303843
-0.000303833
-0.000303843
-0.000303834
-0.000303841
-0.000303832
-0.000303838
-0.000303828
-0.000303829
-0.000303817
-0.000303817
-0.000303798
-0.000303789
-0.000303762
-0.000303739
-0.000303691
-0.000303633
-0.000303542
-0.000303421
-0.00030324
-0.000302994
-0.000302651
-0.000302199
-0.000301644
-0.000301026
-0.000300674
-0.000300891
-0.000301453
-0.000293345
-0.000239575
-7.34783e-05
-0.000219216
0.13591
0.0244356
0.00334373
0.000823906
0.000101997
0.000607135
0.000612943
0.000676649
0.000628462
0.000604414
0.000569892
0.000546197
0.000524471
0.000507832
0.000494557
0.000484046
0.000475395
0.000468332
0.000462484
0.000457594
0.000453406
0.000449879
0.000446852
0.00044424
0.000441971
0.00044006
0.000438384
0.000436943
0.000435669
0.000434592
0.00043362
0.000432806
0.000432094
0.000431497
0.000430957
0.000430524
0.000430121
0.000429801
0.000429506
0.000429283
0.00042906
0.000428898
0.000428743
0.000428633
0.000428509
0.000428437
0.000428348
0.000428296
0.000428226
0.000428203
0.000428148
0.000428126
0.000428087
0.000428087
0.000428055
0.000428053
0.000428028
0.000428034
0.000428006
0.00042801
0.000427981
0.000427988
0.000427965
0.000427972
0.000427954
0.000427968
0.000427955
0.000427968
0.000427954
0.000427972
0.000427956
0.000427969
0.00042796
0.000427975
0.000427967
0.000427983
0.000427984
0.000428008
0.000428009
0.000428043
0.000428062
0.000428112
0.00042816
0.000428248
0.000428362
0.000428536
0.000428768
0.000429115
0.000429588
0.000430249
0.000431129
0.000432227
0.000433536
0.000434532
0.000435194
0.000436351
0.000458773
0.000569042
0.000943041
0.00117797
0.123303
0.0286626
0.00469221
0.000700127
-0.000186186
0.000441768
0.000479893
0.00056176
0.000499896
0.000464509
0.000416439
0.000382233
0.000351155
0.000326847
0.000307911
0.000293052
0.000280859
0.000270916
0.000262687
0.000255808
0.000249922
0.000244947
0.000240672
0.000236979
0.000233764
0.000231031
0.000228634
0.000226566
0.00022474
0.000223197
0.000221812
0.00022064
0.000219612
0.000218745
0.000217961
0.000217325
0.000216735
0.000216258
0.000215821
0.000215484
0.000215154
0.000214907
0.000214674
0.000214507
0.000214323
0.000214208
0.000214073
0.00021399
0.000213884
0.00021384
0.000213761
0.000213723
0.000213662
0.000213658
0.000213615
0.000213607
0.000213571
0.000213574
0.000213533
0.000213533
0.000213488
0.000213492
0.000213457
0.000213463
0.000213438
0.000213455
0.000213439
0.000213455
0.000213437
0.000213461
0.000213442
0.000213456
0.000213446
0.000213467
0.000213459
0.00021348
0.000213484
0.000213518
0.000213523
0.000213571
0.0002136
0.000213672
0.000213745
0.000213871
0.000214039
0.000214293
0.000214631
0.000215132
0.000215822
0.000216784
0.000218082
0.000219722
0.000221793
0.000223667
0.000226073
0.000230502
0.000271506
0.000444076
0.00104958
0.00176922
0.109984
0.0309705
0.00569802
0.000547508
-0.000407888
0.000296731
0.000368675
0.000461707
0.000390586
0.000345786
0.000287376
0.000244975
0.000206881
0.000176992
0.000153506
0.000135013
0.000119841
0.000107464
9.72125e-05
8.86231e-05
8.12593e-05
7.49981e-05
6.95868e-05
6.48837e-05
6.07522e-05
5.71838e-05
5.40168e-05
5.12465e-05
4.88943e-05
4.69548e-05
4.52237e-05
4.37465e-05
4.24447e-05
4.13445e-05
4.03489e-05
3.95316e-05
3.87752e-05
3.81562e-05
3.7591e-05
3.71467e-05
3.67178e-05
3.63927e-05
3.60845e-05
3.5862e-05
3.56216e-05
3.54629e-05
3.52828e-05
3.51683e-05
3.50296e-05
3.49627e-05
3.48617e-05
3.48087e-05
3.47258e-05
3.47161e-05
3.46643e-05
3.46502e-05
3.46028e-05
3.46023e-05
3.45483e-05
3.45414e-05
3.44818e-05
3.44786e-05
3.44323e-05
3.44341e-05
3.44036e-05
3.44204e-05
3.44042e-05
3.44223e-05
3.44017e-05
3.44297e-05
3.44086e-05
3.44242e-05
3.44131e-05
3.44397e-05
3.44324e-05
3.44589e-05
3.44662e-05
3.45094e-05
3.45186e-05
3.45762e-05
3.46157e-05
3.47048e-05
3.47995e-05
3.49581e-05
3.51719e-05
3.54943e-05
3.59258e-05
3.65566e-05
3.74294e-05
3.86461e-05
4.03051e-05
4.2432e-05
4.52578e-05
4.81701e-05
5.31854e-05
6.2312e-05
0.000123561
0.000349194
0.00116813
0.00229696
0.098308
0.032197
0.00652343
0.000502596
-0.000472405
0.000276582
0.000379861
0.000478612
0.000402476
0.0003511
0.00028632
0.00023898
0.000197186
0.000164714
0.000137992
0.000116736
9.93041e-05
8.50989e-05
7.33435e-05
6.34957e-05
5.50639e-05
4.78881e-05
4.16811e-05
3.62941e-05
3.15634e-05
2.74612e-05
2.38218e-05
2.06441e-05
1.7924e-05
1.5663e-05
1.36503e-05
1.19247e-05
1.03915e-05
9.0929e-06
7.91649e-06
6.94008e-06
6.03437e-06
5.28518e-06
4.5979e-06
4.04892e-06
3.52064e-06
3.11432e-06
2.72395e-06
2.43763e-06
2.13001e-06
1.91879e-06
1.68743e-06
1.54497e-06
1.37798e-06
1.28881e-06
1.16707e-06
1.10171e-06
9.98273e-07
9.82221e-07
9.23793e-07
9.05267e-07
8.46949e-07
8.41955e-07
7.75906e-07
7.60613e-07
6.86447e-07
6.74624e-07
6.15974e-07
6.13332e-07
5.76677e-07
5.93442e-07
5.76102e-07
5.9734e-07
5.74134e-07
6.04907e-07
5.83704e-07
6.00728e-07
5.88607e-07
6.2118e-07
6.15466e-07
6.47232e-07
6.57465e-07
7.08114e-07
7.21154e-07
7.86427e-07
8.33196e-07
9.36594e-07
1.04893e-06
1.2347e-06
1.48425e-06
1.86498e-06
2.40111e-06
3.16794e-06
4.21345e-06
5.65642e-06
7.63289e-06
1.01978e-05
1.37584e-05
1.77895e-05
2.54925e-05
3.93221e-05
0.000119307
0.000383872
0.00139849
0.00284676
0.0877045
0.0325103
0.00711505
0.000479368
-0.000484955
0.000282296
0.000415392
0.000517824
0.000438926
0.000382403
0.000312605
0.00026099
0.000215654
0.000180356
0.000151238
0.000128068
0.000109091
9.36587e-05
8.09168e-05
7.02624e-05
6.11741e-05
5.34625e-05
4.68099e-05
4.10749e-05
3.60745e-05
3.17574e-05
2.79606e-05
2.46875e-05
2.17668e-05
1.92625e-05
1.70342e-05
1.51195e-05
1.34024e-05
1.19443e-05
1.0622e-05
9.51445e-06
8.48205e-06
7.62077e-06
6.82473e-06
6.17998e-06
5.5594e-06
5.07673e-06
4.60564e-06
4.25408e-06
3.8805e-06
3.63359e-06
3.36569e-06
3.1979e-06
3.00487e-06
2.89533e-06
2.75521e-06
2.68152e-06
2.56039e-06
2.53776e-06
2.47452e-06
2.45397e-06
2.38572e-06
2.37573e-06
2.29909e-06
2.27467e-06
2.18682e-06
2.16556e-06
2.09405e-06
2.08662e-06
2.04345e-06
2.0602e-06
2.04119e-06
2.06608e-06
2.04099e-06
2.07351e-06
2.05292e-06
2.07261e-06
2.05918e-06
2.09798e-06
2.09441e-06
2.13156e-06
2.14411e-06
2.20076e-06
2.21681e-06
2.28756e-06
2.33908e-06
2.45328e-06
2.5788e-06
2.78632e-06
3.06205e-06
3.488e-06
4.09205e-06
4.98959e-06
6.18969e-06
7.82616e-06
1.00718e-05
1.302e-05
1.72684e-05
2.24228e-05
3.26197e-05
5.06616e-05
0.000147049
0.000446115
0.00162564
0.00331286
0.0779998
0.0320577
0.00745947
0.00044412
-0.000488772
0.000278264
0.000437845
0.000541804
0.000462441
0.00040254
0.000329644
0.00027511
0.000227278
0.000189869
0.000159182
0.000134792
0.000114824
9.86005e-05
8.52131e-05
7.40159e-05
6.44751e-05
5.63844e-05
4.93938e-05
4.33782e-05
3.81399e-05
3.36063e-05
2.96118e-05
2.61787e-05
2.30951e-05
2.04271e-05
1.80543e-05
1.60179e-05
1.41765e-05
1.26098e-05
1.11901e-05
9.99596e-06
8.87851e-06
7.94425e-06
7.07769e-06
6.37208e-06
5.69708e-06
5.17389e-06
4.66119e-06
4.27786e-06
3.87584e-06
3.6063e-06
3.30798e-06
3.10965e-06
2.88272e-06
2.75555e-06
2.59922e-06
2.5212e-06
2.38591e-06
2.35693e-06
2.28953e-06
2.2694e-06
2.19219e-06
2.17713e-06
2.09061e-06
2.05648e-06
1.95541e-06
1.92485e-06
1.84036e-06
1.82813e-06
1.77798e-06
1.79501e-06
1.77347e-06
1.80245e-06
1.77638e-06
1.81011e-06
1.79029e-06
1.81428e-06
1.79955e-06
1.84453e-06
1.8436e-06
1.88625e-06
1.90012e-06
1.96124e-06
1.97913e-06
2.05354e-06
2.10806e-06
2.23125e-06
2.36673e-06
2.59171e-06
2.8857e-06
3.36325e-06
3.99762e-06
4.94356e-06
6.21499e-06
7.96094e-06
1.03857e-05
1.3626e-05
1.84636e-05
2.46764e-05
3.74897e-05
5.98222e-05
0.000170614
0.000496013
0.00179843
0.00365047
0.069159
0.0310002
0.00758177
0.000400082
-0.0004876
0.000264867
0.000446072
0.000549443
0.000471708
0.000410292
0.000336396
0.000280591
0.000231701
0.000193327
0.000161937
0.000137001
0.00011659
0.000100014
8.63365e-05
7.4886e-05
6.51311e-05
5.68627e-05
4.96992e-05
4.35366e-05
3.81694e-05
3.35086e-05
2.93818e-05
2.58371e-05
2.26632e-05
1.99088e-05
1.74583e-05
1.53629e-05
1.34547e-05
1.1828e-05
1.03562e-05
9.1173e-06
7.95354e-06
6.98206e-06
6.07962e-06
5.34435e-06
4.64721e-06
4.1134e-06
3.59142e-06
3.20358e-06
2.80095e-06
2.51421e-06
2.19547e-06
1.98282e-06
1.74128e-06
1.60094e-06
1.42993e-06
1.3506e-06
1.20385e-06
1.16907e-06
1.09657e-06
1.07869e-06
9.92104e-07
9.71653e-07
8.72959e-07
8.27137e-07
7.11829e-07
6.72569e-07
5.75227e-07
5.57992e-07
5.00504e-07
5.18036e-07
4.93441e-07
5.26225e-07
5.00363e-07
5.3518e-07
5.15926e-07
5.45824e-07
5.30398e-07
5.81514e-07
5.83624e-07
6.32021e-07
6.46149e-07
7.10117e-07
7.28542e-07
8.0503e-07
8.63885e-07
9.9887e-07
1.14446e-06
1.38558e-06
1.69108e-06
2.18799e-06
2.83179e-06
3.75945e-06
5.03179e-06
6.81291e-06
9.33199e-06
1.27701e-05
1.80749e-05
2.5209e-05
4.03968e-05
6.65094e-05
0.000188506
0.000530293
0.00191141
0.00385962
0.0610855
0.0294648
0.00751076
0.000353682
-0.000479798
0.000245936
0.000442946
0.000543892
0.000469473
0.000408227
0.0003352
0.000279618
0.000230976
0.000192682
0.000161394
0.000136546
0.000116212
9.97031e-05
8.60823e-05
7.4667e-05
6.49416e-05
5.67075e-05
4.95562e-05
4.34049e-05
3.80475e-05
3.33851e-05
2.9236e-05
2.56736e-05
2.24912e-05
1.97206e-05
1.72497e-05
1.51466e-05
1.32192e-05
1.15706e-05
1.00791e-05
8.82411e-06
7.63768e-06
6.64823e-06
5.72529e-06
4.97129e-06
4.25889e-06
3.71877e-06
3.18892e-06
2.79568e-06
2.39061e-06
2.10325e-06
1.78564e-06
1.57813e-06
1.34468e-06
1.19852e-06
1.01816e-06
9.42008e-07
7.91142e-07
7.53723e-07
6.784e-07
6.65283e-07
5.74445e-07
5.50194e-07
4.45824e-07
3.92643e-07
2.66566e-07
2.19476e-07
1.0909e-07
8.57499e-08
2.1135e-08
3.8764e-08
1.17009e-08
4.66865e-08
2.26351e-08
5.83864e-08
3.95787e-08
7.64758e-08
6.15514e-08
1.19727e-07
1.25253e-07
1.79979e-07
1.93521e-07
2.58702e-07
2.76314e-07
3.53112e-07
4.10511e-07
5.48047e-07
6.95816e-07
9.43779e-07
1.24908e-06
1.7243e-06
2.34856e-06
3.26061e-06
4.52369e-06
6.31296e-06
8.87683e-06
1.24378e-05
1.80833e-05
2.59505e-05
4.30421e-05
7.20597e-05
0.000201426
0.000549931
0.00196689
0.00394851
0.0536587
0.0275451
0.00727035
0.000307992
-0.00046503
0.000223333
0.000429685
0.000526589
0.000456798
0.000397207
0.000326664
0.000272613
0.000225345
0.000188032
0.000157571
0.000133389
0.000113602
9.75423e-05
8.42919e-05
7.31747e-05
6.37002e-05
5.56922e-05
4.87232e-05
4.27278e-05
3.75062e-05
3.29566e-05
2.8887e-05
2.5393e-05
2.22773e-05
1.95574e-05
1.71216e-05
1.50586e-05
1.31579e-05
1.15253e-05
1.00459e-05
8.80317e-06
7.61846e-06
6.63104e-06
5.70438e-06
4.94439e-06
4.22512e-06
3.68462e-06
3.15025e-06
2.75355e-06
2.34453e-06
2.05859e-06
1.74058e-06
1.5356e-06
1.3052e-06
1.1598e-06
9.76182e-07
9.07235e-07
7.59802e-07
7.2366e-07
6.48283e-07
6.41955e-07
5.5274e-07
5.26934e-07
4.23853e-07
3.68645e-07
2.36148e-07
1.82403e-07
6.17444e-08
3.30733e-08
-3.89833e-08
-2.09418e-08
-5.12848e-08
-1.43226e-08
-3.57616e-08
1.52758e-09
-1.63332e-08
2.77204e-08
1.45742e-08
7.85387e-08
8.72853e-08
1.47591e-07
1.59818e-07
2.23934e-07
2.39349e-07
3.14406e-07
3.64469e-07
4.94512e-07
6.36202e-07
8.81177e-07
1.17711e-06
1.63977e-06
2.24856e-06
3.14647e-06
4.38906e-06
6.15862e-06
8.71645e-06
1.23188e-05
1.81576e-05
2.65201e-05
4.49273e-05
7.58225e-05
0.000208512
0.000554622
0.00196671
0.00392518
0.0467714
0.0253138
0.00688135
0.000264443
-0.000443193
0.000198373
0.000407226
0.000498595
0.000434445
0.000377819
0.000311169
0.000259807
0.000214909
0.000179381
0.000150397
0.000127398
0.000108581
9.33121e-05
8.07131e-05
7.01294e-05
6.11041e-05
5.34919e-05
4.68572e-05
4.11467e-05
3.61719e-05
3.18354e-05
2.79355e-05
2.45859e-05
2.1605e-05
1.90001e-05
1.6654e-05
1.46775e-05
1.28487e-05
1.12711e-05
9.83792e-06
8.63782e-06
7.48295e-06
6.52172e-06
5.61363e-06
4.86668e-06
4.15625e-06
3.6285e-06
3.10188e-06
2.71264e-06
2.30854e-06
2.0305e-06
1.71649e-06
1.51744e-06
1.29215e-06
1.15236e-06
9.68716e-07
9.08419e-07
7.67099e-07
7.34733e-07
6.59165e-07
6.60023e-07
5.73136e-07
5.4707e-07
4.43227e-07
3.8593e-07
2.47546e-07
1.88057e-07
6.06783e-08
2.7652e-08
-5.20062e-08
-3.34519e-08
-6.77053e-08
-2.88774e-08
-4.73263e-08
-6.81738e-09
-2.34852e-08
2.72967e-08
1.79409e-08
8.54788e-08
9.69314e-08
1.61556e-07
1.72142e-07
2.32754e-07
2.44662e-07
3.1622e-07
3.60966e-07
4.85844e-07
6.21878e-07
8.62478e-07
1.14596e-06
1.59351e-06
2.17874e-06
3.04413e-06
4.23941e-06
5.94886e-06
8.43994e-06
1.19909e-05
1.78548e-05
2.64364e-05
4.54944e-05
7.71604e-05
0.000209094
0.000544202
0.00191347
0.00379823
0.0403343
0.02283
0.00636285
0.000223817
-0.000414061
0.000172309
0.000376712
0.000461148
0.000403406
0.000350891
0.000289359
0.000241709
0.000200066
0.000167038
0.000140111
0.000118757
0.000101284
8.71098e-05
7.54118e-05
6.5572e-05
5.71732e-05
5.01072e-05
4.39429e-05
3.86338e-05
3.40055e-05
2.99714e-05
2.63231e-05
2.31876e-05
2.04032e-05
1.79723e-05
1.57679e-05
1.39205e-05
1.22056e-05
1.07205e-05
9.36617e-06
8.23782e-06
7.14044e-06
6.22923e-06
5.36217e-06
4.64811e-06
3.96323e-06
3.46221e-06
2.957e-06
2.5875e-06
2.19943e-06
1.93828e-06
1.63651e-06
1.45026e-06
1.23687e-06
1.10828e-06
9.29135e-07
8.79152e-07
7.47384e-07
7.21735e-07
6.47339e-07
6.55743e-07
5.73031e-07
5.48847e-07
4.44777e-07
3.87087e-07
2.4499e-07
1.80339e-07
4.77355e-08
1.00308e-08
-7.69415e-08
-5.92162e-08
-9.5856e-08
-5.70787e-08
-7.17849e-08
-2.68413e-08
-4.19192e-08
1.54025e-08
1.22385e-08
8.29617e-08
9.67313e-08
1.65067e-07
1.74257e-07
2.29492e-07
2.36729e-07
3.03266e-07
3.42564e-07
4.61219e-07
5.89591e-07
8.22271e-07
1.08872e-06
1.5108e-06
2.05864e-06
2.86988e-06
3.9895e-06
5.59754e-06
7.96061e-06
1.13651e-05
1.7077e-05
2.55802e-05
4.45815e-05
7.58785e-05
0.00020307
0.000519145
0.00181092
0.00357719
0.0342714
0.0201421
0.00573264
0.000186408
-0.000377532
0.000146177
0.000339342
0.000415535
0.000364768
0.00031735
0.000261989
0.000218943
0.000181324
0.000151423
0.000127062
0.000107757
9.19581e-05
7.9146e-05
6.85684e-05
5.96578e-05
5.2043e-05
4.56553e-05
4.00819e-05
3.52783e-05
3.10855e-05
2.74332e-05
2.41102e-05
2.12525e-05
1.87201e-05
1.65159e-05
1.4501e-05
1.28214e-05
1.12576e-05
9.89905e-06
8.65375e-06
7.62352e-06
6.6091e-06
5.76961e-06
4.96405e-06
4.3014e-06
3.65753e-06
3.19576e-06
2.72425e-06
2.38539e-06
2.02348e-06
1.78783e-06
1.50633e-06
1.33911e-06
1.14414e-06
1.03229e-06
8.62907e-07
8.24978e-07
7.06292e-07
6.90328e-07
6.19499e-07
6.35763e-07
5.59525e-07
5.39539e-07
4.37164e-07
3.81373e-07
2.38788e-07
1.69847e-07
3.40165e-08
-7.66741e-09
-1.01825e-07
-8.62864e-08
-1.24203e-07
-8.6733e-08
-9.74646e-08
-4.76349e-08
-5.97122e-08
3.75232e-09
7.97299e-09
8.1976e-08
9.75596e-08
1.68306e-07
1.76475e-07
2.24748e-07
2.26091e-07
2.86081e-07
3.18813e-07
4.28789e-07
5.46214e-07
7.66364e-07
1.01078e-06
1.39771e-06
1.89575e-06
2.63429e-06
3.65337e-06
5.12243e-06
7.29977e-06
1.04656e-05
1.58482e-05
2.39705e-05
4.21995e-05
7.20025e-05
0.000190678
0.000480371
0.00166362
0.00327228
0.0285162
0.0172904
0.00500742
0.000152126
-0.000333796
0.000120705
0.000296242
0.000362989
0.0003196
0.000278115
0.000229814
0.000192134
0.000159196
0.000132963
0.000111607
9.47017e-05
8.08595e-05
6.964e-05
6.0372e-05
5.2551e-05
4.58574e-05
4.02625e-05
3.5384e-05
3.11773e-05
2.74983e-05
2.42966e-05
2.13637e-05
1.88407e-05
1.66091e-05
1.46778e-05
1.28952e-05
1.1418e-05
1.00376e-05
8.83613e-06
7.72698e-06
6.81838e-06
5.9099e-06
5.16159e-06
4.43573e-06
3.84137e-06
3.25273e-06
2.8413e-06
2.41459e-06
2.11583e-06
1.78904e-06
1.58654e-06
1.33247e-06
1.18941e-06
1.01821e-06
9.28206e-07
7.7383e-07
7.49511e-07
6.46737e-07
6.42895e-07
5.7824e-07
6.0251e-07
5.34642e-07
5.21147e-07
4.22342e-07
3.70467e-07
2.30688e-07
1.58726e-07
2.16315e-08
-2.35886e-08
-1.23805e-07
-1.11662e-07
-1.5014e-07
-1.14565e-07
-1.21562e-07
-6.64729e-08
-7.4145e-08
-5.39602e-09
6.53336e-09
8.4515e-08
1.01491e-07
1.72921e-07
1.80325e-07
2.20568e-07
2.14756e-07
2.66774e-07
2.91859e-07
3.91319e-07
4.94718e-07
6.98053e-07
9.15959e-07
1.26004e-06
1.69786e-06
2.34792e-06
3.24476e-06
4.54132e-06
6.47956e-06
9.32012e-06
1.42027e-05
2.16504e-05
3.84167e-05
6.56609e-05
0.000172364
0.000429111
0.00147669
0.0028941
0.0230102
0.014309
0.00420301
0.000120636
-0.000283355
9.63227e-05
0.000248459
0.00030468
0.000268949
0.000234088
0.00019358
0.000161905
0.000134197
0.000112084
9.41035e-05
7.98927e-05
6.82457e-05
5.88128e-05
5.10139e-05
4.44179e-05
3.87624e-05
3.40574e-05
2.99609e-05
2.64291e-05
2.3331e-05
2.06384e-05
1.81506e-05
1.60119e-05
1.41231e-05
1.25037e-05
1.09909e-05
9.74643e-06
8.5768e-06
7.55871e-06
6.60959e-06
5.84306e-06
5.06085e-06
4.42083e-06
3.7904e-06
3.27933e-06
2.75892e-06
2.40756e-06
2.03562e-06
1.78516e-06
1.50129e-06
1.33862e-06
1.11853e-06
1.0039e-06
8.60781e-07
7.9707e-07
6.62678e-07
6.53434e-07
5.68625e-07
5.78804e-07
5.22835e-07
5.55173e-07
4.96993e-07
4.92056e-07
3.98532e-07
3.52224e-07
2.1823e-07
1.44988e-07
8.37436e-09
-3.9934e-08
-1.44749e-07
-1.37007e-07
-1.75659e-07
-1.42093e-07
-1.45873e-07
-8.51714e-08
-8.73534e-08
-1.39107e-08
5.67431e-09
8.80149e-08
1.06111e-07
1.76394e-07
1.82962e-07
2.1474e-07
2.00609e-07
2.43411e-07
2.59834e-07
3.47694e-07
4.34415e-07
6.17144e-07
8.04544e-07
1.09954e-06
1.46815e-06
2.0162e-06
2.77187e-06
3.86676e-06
5.51774e-06
7.95444e-06
1.21799e-05
1.86807e-05
3.33485e-05
5.70682e-05
0.000148746
0.000366846
0.00125564
0.00245354
0.0177008
0.0112272
0.00333457
9.14715e-05
-0.000226997
7.3201e-05
0.00019696
0.000241726
0.00021384
0.000186154
0.000154027
0.000128875
0.000106843
8.9218e-05
7.49144e-05
6.36388e-05
5.43811e-05
4.6893e-05
4.06931e-05
3.54327e-05
3.09113e-05
2.71763e-05
2.39324e-05
2.11396e-05
1.86781e-05
1.65424e-05
1.45451e-05
1.2832e-05
1.1321e-05
1.00455e-05
8.83368e-06
7.84782e-06
6.9111e-06
6.09833e-06
5.32937e-06
4.7221e-06
4.08342e-06
3.56633e-06
3.04434e-06
2.62928e-06
2.18862e-06
1.90556e-06
1.59703e-06
1.4018e-06
1.16728e-06
1.04988e-06
8.69624e-07
7.87133e-07
6.75301e-07
6.41528e-07
5.31655e-07
5.38976e-07
4.73455e-07
4.98999e-07
4.54e-07
4.94438e-07
4.46759e-07
4.52112e-07
3.65515e-07
3.26178e-07
2.00397e-07
1.28059e-07
-6.54458e-09
-5.71227e-08
-1.65295e-07
-1.62626e-07
-2.01402e-07
-1.69622e-07
-1.70848e-07
-1.04354e-07
-1.00344e-07
-2.23272e-08
4.39672e-09
9.11393e-08
1.10217e-07
1.77718e-07
1.82909e-07
2.06333e-07
1.82984e-07
2.15544e-07
2.22219e-07
2.97861e-07
3.65741e-07
5.24508e-07
6.7777e-07
9.18712e-07
1.21049e-06
1.64536e-06
2.24381e-06
3.11284e-06
4.43486e-06
6.39964e-06
9.83017e-06
1.51451e-05
2.71588e-05
4.65196e-05
0.00012059
0.000295278
0.00100631
0.00196171
0.0125399
0.00807058
0.0024168
6.41151e-05
-0.000165763
5.1295e-05
0.000142649
0.000175203
0.000155282
0.000135194
0.000111895
9.3667e-05
7.76544e-05
6.48021e-05
5.44088e-05
4.62556e-05
3.95376e-05
3.41165e-05
2.96163e-05
2.57775e-05
2.24651e-05
1.97634e-05
1.7426e-05
1.54219e-05
1.36409e-05
1.20993e-05
1.06276e-05
9.37336e-06
8.26786e-06
7.36075e-06
6.47459e-06
5.76834e-06
5.08156e-06
4.49128e-06
3.91854e-06
3.48418e-06
3.00294e-06
2.62081e-06
2.21735e-06
1.90834e-06
1.55722e-06
1.34907e-06
1.11096e-06
9.76595e-07
7.96319e-07
7.28151e-07
5.92625e-07
5.45505e-07
4.67044e-07
4.65838e-07
3.84356e-07
4.09816e-07
3.64235e-07
4.05918e-07
3.73811e-07
4.22358e-07
3.85545e-07
4.0244e-07
3.24336e-07
2.93226e-07
1.77373e-07
1.08388e-07
-2.28138e-08
-7.47393e-08
-1.85076e-07
-1.87734e-07
-2.26854e-07
-1.96462e-07
-1.95814e-07
-1.23573e-07
-1.13096e-07
-3.03661e-08
2.60738e-09
9.3517e-08
1.13535e-07
1.7701e-07
1.79861e-07
1.95383e-07
1.62329e-07
1.83891e-07
1.79676e-07
2.42724e-07
2.9019e-07
4.22119e-07
5.37992e-07
7.21148e-07
9.30044e-07
1.24307e-06
1.67142e-06
2.29581e-06
3.25494e-06
4.69242e-06
7.21511e-06
1.1148e-05
2.00531e-05
3.43785e-05
8.87813e-05
0.000216291
0.000734769
0.00142986
0.00748294
0.00486234
0.00146402
3.80355e-05
-0.000100894
3.03861e-05
8.63706e-05
0.000106156
9.42716e-05
8.20772e-05
6.79217e-05
5.69027e-05
4.71547e-05
3.92771e-05
3.29602e-05
2.80628e-05
2.3992e-05
2.07244e-05
1.79958e-05
1.56398e-05
1.35902e-05
1.19677e-05
1.05747e-05
9.39447e-06
8.32587e-06
7.40478e-06
6.48382e-06
5.71263e-06
5.03296e-06
4.51129e-06
3.96843e-06
3.55749e-06
3.13259e-06
2.77699e-06
2.41222e-06
2.16067e-06
1.8471e-06
1.60917e-06
1.33147e-06
1.13557e-06
8.81775e-07
7.53482e-07
5.90886e-07
5.21681e-07
3.99055e-07
3.82424e-07
2.95269e-07
2.8629e-07
2.4228e-07
2.75092e-07
2.24961e-07
2.70182e-07
2.44616e-07
3.0259e-07
2.84829e-07
3.41459e-07
3.15505e-07
3.44614e-07
2.76413e-07
2.54701e-07
1.49762e-07
8.65514e-08
-3.98879e-08
-9.22253e-08
-2.03566e-07
-2.1139e-07
-2.51209e-07
-2.21788e-07
-2.19893e-07
-1.42153e-07
-1.2537e-07
-3.7765e-08
4.2583e-10
9.4951e-08
1.1587e-07
1.74576e-07
1.73887e-07
1.82041e-07
1.39294e-07
1.49423e-07
1.33227e-07
1.83352e-07
2.09504e-07
3.12287e-07
3.88001e-07
5.10796e-07
6.32496e-07
8.17622e-07
1.06634e-06
1.43303e-06
2.00421e-06
2.87348e-06
4.40456e-06
6.81002e-06
1.22702e-05
2.10616e-05
5.42996e-05
0.000131907
0.000447241
0.000869366
0.00248739
0.00162382
0.000490327
1.27088e-05
-3.37812e-05
1.01292e-05
2.89264e-05
3.56025e-05
3.17945e-05
2.76699e-05
2.28414e-05
1.92031e-05
1.58681e-05
1.3086e-05
1.09449e-05
9.38342e-06
8.02426e-06
6.96172e-06
6.04746e-06
5.21116e-06
4.45666e-06
3.94229e-06
3.51541e-06
3.17962e-06
2.84261e-06
2.55775e-06
2.2023e-06
1.92935e-06
1.68832e-06
1.56154e-06
1.37243e-06
1.26688e-06
1.1107e-06
9.96924e-07
8.47397e-07
7.84659e-07
6.45122e-07
5.57644e-07
4.10138e-07
3.31293e-07
1.80299e-07
1.35112e-07
5.10269e-08
4.98312e-08
-1.31012e-08
2.2412e-08
-1.42545e-08
1.7123e-08
7.8651e-09
7.49037e-08
5.79439e-08
1.24462e-07
1.18571e-07
1.92325e-07
1.89825e-07
2.54444e-07
2.39081e-07
2.80425e-07
2.23278e-07
2.12067e-07
1.18414e-07
6.30627e-08
-5.72247e-08
-1.09016e-07
-2.20276e-07
-2.32781e-07
-2.73627e-07
-2.44877e-07
-2.42246e-07
-1.59472e-07
-1.36882e-07
-4.44395e-08
-2.00437e-09
9.52518e-08
1.16944e-07
1.70615e-07
1.65239e-07
1.66427e-07
1.14485e-07
1.1312e-07
8.40556e-08
1.20814e-07
1.25416e-07
1.97393e-07
2.30802e-07
2.91717e-07
3.23712e-07
3.77569e-07
4.4068e-07
5.42404e-07
7.10334e-07
9.86274e-07
1.4743e-06
2.26305e-06
4.07222e-06
7.02427e-06
1.81888e-05
4.4245e-05
0.00015008
0.000291652
-0.00248782
-0.00162468
-0.000490331
-1.23779e-05
3.40935e-05
-9.89775e-06
-2.8907e-05
-3.54548e-05
-3.117e-05
-2.71675e-05
-2.26111e-05
-1.88106e-05
-1.56807e-05
-1.33266e-05
-1.1259e-05
-9.45789e-06
-8.0835e-06
-6.92469e-06
-6.01043e-06
-5.31437e-06
-4.7629e-06
-4.15826e-06
-3.61278e-06
-3.09824e-06
-2.6971e-06
-2.34099e-06
-2.1263e-06
-1.89521e-06
-1.69243e-06
-1.4224e-06
-1.25462e-06
-1.0507e-06
-9.36293e-07
-8.06237e-07
-7.3782e-07
-6.09708e-07
-5.72893e-07
-5.06844e-07
-5.22387e-07
-4.8339e-07
-5.28658e-07
-4.89168e-07
-4.93946e-07
-4.25913e-07
-4.28333e-07
-3.41637e-07
-3.27417e-07
-2.54246e-07
-2.29008e-07
-1.28723e-07
-1.11977e-07
-2.29594e-08
-9.75348e-09
7.86342e-08
9.16986e-08
1.64115e-07
1.58934e-07
2.1188e-07
1.66559e-07
1.66827e-07
8.44436e-08
3.84398e-08
-7.43022e-08
-1.24538e-07
-2.34714e-07
-2.51216e-07
-2.93252e-07
-2.65068e-07
-2.62079e-07
-1.74982e-07
-1.47279e-07
-5.04092e-08
-4.54644e-09
9.42949e-08
1.16487e-07
1.65197e-07
1.54332e-07
1.48729e-07
8.84746e-08
7.59407e-08
3.34933e-08
5.62422e-08
3.96357e-08
7.98449e-08
6.95738e-08
6.80717e-08
9.69064e-09
-6.83928e-08
-1.93119e-07
-3.57886e-07
-5.98206e-07
-9.24078e-07
-1.49623e-06
-2.3539e-06
-4.2645e-06
-7.25521e-06
-1.84682e-05
-4.45141e-05
-0.000150299
-0.000291806
-0.00748336
-0.00486315
-0.00146405
-3.77313e-05
0.000101217
-3.01432e-05
-8.63619e-05
-0.000106017
-9.36455e-05
-8.15755e-05
-6.77009e-05
-5.65173e-05
-4.69666e-05
-3.95156e-05
-3.32729e-05
-2.81358e-05
-2.40487e-05
-2.06871e-05
-1.79589e-05
-1.57421e-05
-1.3895e-05
-1.21786e-05
-1.06701e-05
-9.31382e-06
-8.1808e-06
-7.18995e-06
-6.41065e-06
-5.6792e-06
-5.03517e-06
-4.37381e-06
-3.8533e-06
-3.34211e-06
-2.96017e-06
-2.58937e-06
-2.30491e-06
-1.98791e-06
-1.77647e-06
-1.55725e-06
-1.44163e-06
-1.28699e-06
-1.22639e-06
-1.10237e-06
-1.0292e-06
-8.92544e-07
-8.34778e-07
-6.99197e-07
-6.35478e-07
-5.20136e-07
-4.61073e-07
-3.29554e-07
-2.79902e-07
-1.67803e-07
-1.36199e-07
-3.48556e-08
-6.5886e-09
7.32821e-08
7.78416e-08
1.41179e-07
1.07976e-07
1.20439e-07
4.91651e-08
1.32732e-08
-9.06349e-08
-1.38248e-07
-2.46382e-07
-2.66117e-07
-3.09266e-07
-2.81756e-07
-2.78647e-07
-1.88217e-07
-1.56154e-07
-5.57266e-08
-7.10901e-09
9.20371e-08
1.14302e-07
1.58274e-07
1.4167e-07
1.29269e-07
6.18138e-08
3.87954e-08
-1.70336e-08
-9.10942e-09
-4.61506e-08
-3.79555e-08
-9.23799e-08
-1.55877e-07
-3.03488e-07
-5.11524e-07
-8.22406e-07
-1.24956e-06
-1.89266e-06
-2.81186e-06
-4.42634e-06
-6.89946e-06
-1.2459e-05
-2.12905e-05
-5.45756e-05
-0.000132172
-0.000447458
-0.000869519
-0.0125404
-0.00807128
-0.00241686
-6.38608e-05
0.000166105
-5.1031e-05
-0.000142661
-0.000175079
-0.000154654
-0.000134694
-0.000111692
-9.32955e-05
-7.74655e-05
-6.50365e-05
-5.47185e-05
-4.63258e-05
-3.95896e-05
-3.40785e-05
-2.95797e-05
-2.5878e-05
-2.27666e-05
-1.99645e-05
-1.75177e-05
-1.53425e-05
-1.34967e-05
-1.18883e-05
-1.05599e-05
-9.34132e-06
-8.26652e-06
-7.22642e-06
-6.36452e-06
-5.55472e-06
-4.91318e-06
-4.3097e-06
-3.81568e-06
-3.31575e-06
-2.93538e-06
-2.56692e-06
-2.32351e-06
-2.05815e-06
-1.89442e-06
-1.68779e-06
-1.54004e-06
-1.33735e-06
-1.2209e-06
-1.03977e-06
-9.29644e-07
-7.73091e-07
-6.81261e-07
-5.21347e-07
-4.40844e-07
-3.05978e-07
-2.56783e-07
-1.4451e-07
-1.02094e-07
-1.53183e-08
-1.44951e-09
7.06515e-08
4.932e-08
7.42573e-08
1.39691e-08
-1.17252e-08
-1.05784e-07
-1.49666e-07
-2.54816e-07
-2.77014e-07
-3.20951e-07
-2.94401e-07
-2.91285e-07
-1.98794e-07
-1.63105e-07
-6.04165e-08
-9.67548e-09
8.84943e-08
1.10309e-07
1.49723e-07
1.27735e-07
1.08519e-07
3.50406e-08
2.51243e-09
-6.60987e-08
-7.38554e-08
-1.30279e-07
-1.53641e-07
-2.517e-07
-3.75795e-07
-6.09708e-07
-9.43141e-07
-1.43452e-06
-2.1145e-06
-3.1446e-06
-4.63193e-06
-7.23653e-06
-1.12346e-05
-2.02353e-05
-3.4603e-05
-8.90505e-05
-0.000216548
-0.000734982
-0.00143001
-0.0177012
-0.0112277
-0.00333468
-9.12838e-05
0.000227363
-7.29096e-05
-0.000196998
-0.000241622
-0.000213211
-0.000185659
-0.000153848
-0.000128523
-0.000106654
-8.94464e-05
-7.52194e-05
-6.37051e-05
-5.44268e-05
-4.68542e-05
-4.06568e-05
-3.55304e-05
-3.1207e-05
-2.73637e-05
-2.40191e-05
-2.10619e-05
-1.85351e-05
-1.63372e-05
-1.44852e-05
-1.28019e-05
-1.13149e-05
-9.91554e-06
-8.73047e-06
-7.63723e-06
-6.74892e-06
-5.92559e-06
-5.23302e-06
-4.55998e-06
-4.02024e-06
-3.51009e-06
-3.14486e-06
-2.77615e-06
-2.51492e-06
-2.22945e-06
-2.01226e-06
-1.74816e-06
-1.57579e-06
-1.35323e-06
-1.20126e-06
-1.00599e-06
-8.82926e-07
-6.98073e-07
-5.89855e-07
-4.33614e-07
-3.67838e-07
-2.46796e-07
-1.91942e-07
-9.90767e-08
-7.63355e-08
2.67889e-09
-7.5544e-09
2.95361e-08
-1.97963e-08
-3.57282e-08
-1.19333e-07
-1.58392e-07
-2.59616e-07
-2.83524e-07
-3.27728e-07
-3.02527e-07
-2.99418e-07
-2.06384e-07
-1.6778e-07
-6.44136e-08
-1.22841e-08
8.37283e-08
1.04562e-07
1.39445e-07
1.1292e-07
8.70808e-08
8.71812e-09
-3.21524e-08
-1.12352e-07
-1.3648e-07
-2.1108e-07
-2.6488e-07
-4.05027e-07
-5.87301e-07
-9.02866e-07
-1.35468e-06
-2.01695e-06
-2.93491e-06
-4.3265e-06
-6.34081e-06
-9.85098e-06
-1.52273e-05
-2.73319e-05
-4.67371e-05
-0.000120849
-0.000295524
-0.00100652
-0.00196186
-0.0230106
-0.0143094
-0.00420316
-0.000120523
0.000283744
-9.60022e-05
-0.000248526
-0.000304599
-0.000268323
-0.000233601
-0.000193428
-0.000161577
-0.000134011
-0.000112305
-9.44018e-05
-7.9954e-05
-6.82843e-05
-5.87732e-05
-5.09782e-05
-4.45116e-05
-3.9049e-05
-3.42281e-05
-3.00416e-05
-2.63532e-05
-2.31897e-05
-2.04409e-05
-1.81004e-05
-1.59841e-05
-1.41118e-05
-1.23792e-05
-1.08956e-05
-9.54048e-06
-8.42316e-06
-7.39733e-06
-6.52158e-06
-5.68905e-06
-5.00313e-06
-4.36241e-06
-3.88399e-06
-3.42148e-06
-3.07104e-06
-2.71246e-06
-2.43251e-06
-2.11353e-06
-1.88947e-06
-1.63014e-06
-1.44207e-06
-1.21217e-06
-1.06003e-06
-8.54151e-07
-7.22199e-07
-5.47087e-07
-4.66107e-07
-3.3841e-07
-2.73376e-07
-1.75531e-07
-1.44444e-07
-6.03985e-08
-6.07454e-08
-1.25203e-08
-5.09016e-08
-5.78096e-08
-1.30833e-07
-1.64091e-07
-2.60449e-07
-2.85327e-07
-3.29148e-07
-3.05711e-07
-3.02564e-07
-2.10661e-07
-1.699e-07
-6.75258e-08
-1.49672e-08
7.78434e-08
9.72522e-08
1.27475e-07
9.75128e-08
6.5637e-08
-1.65277e-08
-6.44754e-08
-1.54564e-07
-1.95359e-07
-2.86854e-07
-3.69369e-07
-5.49039e-07
-7.86024e-07
-1.17694e-06
-1.73774e-06
-2.55757e-06
-3.69364e-06
-5.41221e-06
-7.8977e-06
-1.21998e-05
-1.87571e-05
-3.35109e-05
-5.7276e-05
-0.000148992
-0.000367077
-0.00125584
-0.00245368
-0.0285166
-0.0172907
-0.00500763
-0.000152087
0.000334205
-0.000120359
-0.000296338
-0.000362932
-0.000318982
-0.000277642
-0.00022969
-0.000191834
-0.000159017
-0.000133175
-0.000111896
-9.47576e-05
-8.08913e-05
-6.95997e-05
-6.03372e-05
-5.26395e-05
-4.6131e-05
-4.04145e-05
-3.54579e-05
-3.11027e-05
-2.73592e-05
-2.41086e-05
-2.13242e-05
-1.88153e-05
-1.65927e-05
-1.45593e-05
-1.2808e-05
-1.12186e-05
-9.89499e-06
-8.68828e-06
-7.64888e-06
-6.67406e-06
-5.85854e-06
-5.10174e-06
-4.52147e-06
-3.9766e-06
-3.54769e-06
-3.1237e-06
-2.78893e-06
-2.42333e-06
-2.15335e-06
-1.86238e-06
-1.64473e-06
-1.38578e-06
-1.20753e-06
-9.84858e-07
-8.33761e-07
-6.43285e-07
-5.49012e-07
-4.16621e-07
-3.44043e-07
-2.42613e-07
-2.0391e-07
-1.16607e-07
-1.08572e-07
-5.09199e-08
-7.84925e-08
-7.72062e-08
-1.39998e-07
-1.66694e-07
-2.57292e-07
-2.82377e-07
-3.2512e-07
-3.03811e-07
-3.00577e-07
-2.11494e-07
-1.69479e-07
-6.966e-08
-1.78997e-08
7.0782e-08
8.8477e-08
1.13851e-07
8.15196e-08
4.46986e-08
-4.02069e-08
-9.39429e-08
-1.91872e-07
-2.49034e-07
-3.56069e-07
-4.65045e-07
-6.80709e-07
-9.67871e-07
-1.42631e-06
-2.08447e-06
-3.04504e-06
-4.37463e-06
-6.37776e-06
-9.2658e-06
-1.42216e-05
-2.17198e-05
-3.8567e-05
-6.58562e-05
-0.000172594
-0.000429327
-0.00147687
-0.00289423
-0.0342718
-0.0201422
-0.00573289
-0.000186432
0.000377952
-0.000145814
-0.000339461
-0.000415498
-0.000364166
-0.000316897
-0.00026189
-0.000218672
-0.000181156
-0.000151627
-0.000127339
-0.000107807
-9.19839e-05
-7.91055e-05
-6.85346e-05
-5.974e-05
-5.22993e-05
-4.57878e-05
-4.01484e-05
-3.52044e-05
-3.09496e-05
-2.72566e-05
-2.40819e-05
-2.12292e-05
-1.86995e-05
-1.64041e-05
-1.44213e-05
-1.26309e-05
-1.11285e-05
-9.76644e-06
-8.58677e-06
-7.49026e-06
-6.56478e-06
-5.70951e-06
-5.04137e-06
-4.42729e-06
-3.93266e-06
-3.4529e-06
-3.07228e-06
-2.66966e-06
-2.36114e-06
-2.04409e-06
-1.80379e-06
-1.52266e-06
-1.32215e-06
-1.0872e-06
-9.2194e-07
-7.20425e-07
-6.15405e-07
-4.80149e-07
-4.0286e-07
-2.99507e-07
-2.54254e-07
-1.65323e-07
-1.50551e-07
-8.57425e-08
-1.02964e-07
-9.42865e-08
-1.47571e-07
-1.67267e-07
-2.51299e-07
-2.75807e-07
-3.16789e-07
-2.97871e-07
-2.94554e-07
-2.0985e-07
-1.67691e-07
-7.17496e-08
-2.21891e-08
6.1438e-08
7.72856e-08
9.77379e-08
6.38622e-08
2.38484e-08
-6.28374e-08
-1.21104e-07
-2.24656e-07
-2.97122e-07
-4.18152e-07
-5.50823e-07
-7.98027e-07
-1.12976e-06
-1.64659e-06
-2.38831e-06
-3.46973e-06
-4.964e-06
-7.2026e-06
-1.04139e-05
-1.58657e-05
-2.40319e-05
-4.23368e-05
-7.21829e-05
-0.00019089
-0.00048057
-0.00166379
-0.0032724
-0.0403347
-0.02283
-0.00636311
-0.000223886
0.00041448
-0.00017194
-0.000376847
-0.000461127
-0.000402831
-0.000350464
-0.000289282
-0.000241469
-0.000199915
-0.000167233
-0.000140374
-0.0001188
-0.000101305
-8.707e-05
-7.53794e-05
-6.56467e-05
-5.7408e-05
-5.02203e-05
-4.40013e-05
-3.85599e-05
-3.38742e-05
-2.9808e-05
-2.63057e-05
-2.31658e-05
-2.03801e-05
-1.78675e-05
-1.56945e-05
-1.37413e-05
-1.20923e-05
-1.06042e-05
-9.31122e-06
-8.11674e-06
-7.10367e-06
-6.17036e-06
-5.43081e-06
-4.76222e-06
-4.21627e-06
-3.69222e-06
-3.27558e-06
-2.8465e-06
-2.50837e-06
-2.17138e-06
-1.91552e-06
-1.62016e-06
-1.40235e-06
-1.15992e-06
-9.85749e-07
-7.78137e-07
-6.65578e-07
-5.29308e-07
-4.50203e-07
-3.46882e-07
-2.96608e-07
-2.07633e-07
-1.87774e-07
-1.18444e-07
-1.26224e-07
-1.10908e-07
-1.55646e-07
-1.68289e-07
-2.45093e-07
-2.68242e-07
-3.06831e-07
-2.90405e-07
-2.87127e-07
-2.08095e-07
-1.67114e-07
-7.60202e-08
-3.00374e-08
4.75543e-08
6.14904e-08
7.72669e-08
4.23728e-08
1.54636e-09
-8.62675e-08
-1.4787e-07
-2.5483e-07
-3.4058e-07
-4.73581e-07
-6.26585e-07
-8.99922e-07
-1.26933e-06
-1.83402e-06
-2.64347e-06
-3.82298e-06
-5.44931e-06
-7.86892e-06
-1.13162e-05
-1.70932e-05
-2.56332e-05
-4.47051e-05
-7.60423e-05
-0.000203262
-0.000519325
-0.00181107
-0.0035773
-0.0467717
-0.0253138
-0.00688161
-0.000264535
0.000443599
-0.000198014
-0.000407366
-0.000498584
-0.000433906
-0.000377426
-0.000311108
-0.000259596
-0.000214779
-0.000179568
-0.000150644
-0.000127436
-0.0001086
-9.32744e-05
-8.06823e-05
-7.01955e-05
-6.13141e-05
-5.35865e-05
-4.69064e-05
-4.10719e-05
-3.60473e-05
-3.16868e-05
-2.79277e-05
-2.45647e-05
-2.15813e-05
-1.89024e-05
-1.65853e-05
-1.4512e-05
-1.27531e-05
-1.11717e-05
-9.79555e-06
-8.5298e-06
-7.45399e-06
-6.46564e-06
-5.67362e-06
-4.9668e-06
-4.38535e-06
-3.8304e-06
-3.38855e-06
-2.94441e-06
-2.58724e-06
-2.23749e-06
-1.97336e-06
-1.67271e-06
-1.44393e-06
-1.19918e-06
-1.02139e-06
-8.12911e-07
-6.96497e-07
-5.61112e-07
-4.82924e-07
-3.81688e-07
-3.28309e-07
-2.40827e-07
-2.17451e-07
-1.4634e-07
-1.46068e-07
-1.24845e-07
-1.62083e-07
-1.68018e-07
-2.37081e-07
-2.58159e-07
-2.93847e-07
-2.79806e-07
-2.7682e-07
-2.04402e-07
-1.66045e-07
-8.03358e-08
-3.90281e-08
3.17044e-08
4.35388e-08
5.52494e-08
1.97076e-08
-2.05768e-08
-1.08165e-07
-1.71941e-07
-2.8026e-07
-3.76534e-07
-5.19025e-07
-6.88526e-07
-9.81787e-07
-1.3802e-06
-1.98033e-06
-2.83902e-06
-4.09069e-06
-5.81268e-06
-8.35456e-06
-1.19449e-05
-1.78694e-05
-2.6481e-05
-4.56036e-05
-7.73064e-05
-0.000209265
-0.000544364
-0.00191361
-0.00379833
-0.053659
-0.0275451
-0.0072706
-0.000308083
0.000465409
-0.000223
-0.000429821
-0.000526582
-0.000456307
-0.000396854
-0.000326614
-0.000272432
-0.000225239
-0.000188212
-0.000157799
-0.000133421
-0.00011362
-9.75086e-05
-8.42633e-05
-7.32313e-05
-6.38834e-05
-5.57696e-05
-4.87622e-05
-4.26517e-05
-3.73908e-05
-3.28243e-05
-2.88867e-05
-2.53716e-05
-2.22554e-05
-1.9467e-05
-1.70564e-05
-1.49093e-05
-1.30813e-05
-1.14425e-05
-1.00163e-05
-8.70882e-06
-7.59726e-06
-6.5792e-06
-5.75597e-06
-5.0288e-06
-4.42889e-06
-3.8583e-06
-3.40325e-06
-2.95621e-06
-2.59202e-06
-2.2376e-06
-1.97219e-06
-1.67523e-06
-1.44256e-06
-1.20041e-06
-1.02373e-06
-8.18947e-07
-7.02003e-07
-5.68629e-07
-4.93095e-07
-3.94725e-07
-3.39454e-07
-2.54172e-07
-2.28533e-07
-1.58186e-07
-1.51688e-07
-1.25356e-07
-1.56151e-07
-1.56119e-07
-2.1715e-07
-2.35534e-07
-2.68038e-07
-2.56068e-07
-2.53702e-07
-1.88446e-07
-1.54096e-07
-7.38001e-08
-3.72697e-08
2.59133e-08
3.50718e-08
4.35232e-08
7.72595e-09
-3.11697e-08
-1.17543e-07
-1.8241e-07
-2.90384e-07
-3.95628e-07
-5.46504e-07
-7.29639e-07
-1.03719e-06
-1.45533e-06
-2.07754e-06
-2.96407e-06
-4.25845e-06
-6.03607e-06
-8.63824e-06
-1.22759e-05
-1.81704e-05
-2.6557e-05
-4.50217e-05
-7.59501e-05
-0.000208661
-0.000554763
-0.00196684
-0.00392528
-0.0610858
-0.0294648
-0.00751097
-0.000353749
0.000480139
-0.000245642
-0.000443067
-0.000543883
-0.000469037
-0.000407918
-0.000335157
-0.000279465
-0.000230898
-0.000192854
-0.000161603
-0.000136574
-0.000116231
-9.96755e-05
-8.60565e-05
-7.47135e-05
-6.50975e-05
-5.67692e-05
-4.95837e-05
-4.33274e-05
-3.7944e-05
-3.32698e-05
-2.92406e-05
-2.56514e-05
-2.24732e-05
-1.96371e-05
-1.71873e-05
-1.50155e-05
-1.31617e-05
-1.15037e-05
-1.00619e-05
-8.74362e-06
-7.6238e-06
-6.60177e-06
-5.76906e-06
-5.03907e-06
-4.43686e-06
-3.86532e-06
-3.40811e-06
-2.96831e-06
-2.60767e-06
-2.25473e-06
-1.9917e-06
-1.70257e-06
-1.46922e-06
-1.23199e-06
-1.05998e-06
-8.61954e-07
-7.46661e-07
-6.14874e-07
-5.41983e-07
-4.448e-07
-3.86906e-07
-3.03275e-07
-2.76503e-07
-2.095e-07
-1.99015e-07
-1.68952e-07
-1.93959e-07
-1.89055e-07
-2.41653e-07
-2.56704e-07
-2.85831e-07
-2.75524e-07
-2.74069e-07
-2.16597e-07
-1.87746e-07
-1.14602e-07
-8.47107e-08
-2.98945e-08
-2.33393e-08
-1.63589e-08
-5.32985e-08
-8.93447e-08
-1.70758e-07
-2.34761e-07
-3.40435e-07
-4.56546e-07
-6.1761e-07
-8.13624e-07
-1.13179e-06
-1.56665e-06
-2.20454e-06
-3.10124e-06
-4.41094e-06
-6.20497e-06
-8.80663e-06
-1.23985e-05
-1.80938e-05
-2.59805e-05
-4.31219e-05
-7.21687e-05
-0.000201553
-0.000550052
-0.001967
-0.0039486
-0.0691592
-0.0310003
-0.00758194
-0.000400107
0.000487895
-0.000264621
-0.000446172
-0.000549426
-0.000471334
-0.00041003
-0.000336356
-0.000280464
-0.000231651
-0.000193491
-0.000162125
-0.000137025
-0.000116612
-9.99942e-05
-8.63147e-05
-7.49224e-05
-6.52612e-05
-5.69105e-05
-4.97143e-05
-4.34585e-05
-3.80805e-05
-3.34106e-05
-2.93884e-05
-2.58143e-05
-2.26508e-05
-1.9832e-05
-1.7399e-05
-1.52515e-05
-1.34154e-05
-1.17752e-05
-1.03506e-05
-9.05029e-06
-7.94618e-06
-6.94153e-06
-6.11662e-06
-5.39587e-06
-4.80105e-06
-4.23608e-06
-3.78032e-06
-3.34828e-06
-2.99277e-06
-2.64161e-06
-2.37988e-06
-2.09537e-06
-1.85762e-06
-1.62639e-06
-1.46515e-06
-1.28136e-06
-1.17363e-06
-1.04925e-06
-9.8325e-07
-8.93473e-07
-8.3853e-07
-7.61194e-07
-7.34753e-07
-6.73145e-07
-6.60937e-07
-6.28741e-07
-6.48526e-07
-6.40025e-07
-6.84105e-07
-6.95336e-07
-7.21122e-07
-7.1206e-07
-7.11664e-07
-6.62372e-07
-6.40014e-07
-5.7562e-07
-5.53416e-07
-5.07543e-07
-5.0372e-07
-4.96595e-07
-5.34676e-07
-5.67131e-07
-6.4045e-07
-7.01633e-07
-8.02631e-07
-9.18917e-07
-1.07946e-06
-1.2784e-06
-1.59584e-06
-2.05128e-06
-2.7109e-06
-3.62086e-06
-4.93558e-06
-6.71934e-06
-9.27052e-06
-1.27348e-05
-1.80828e-05
-2.52334e-05
-4.04627e-05
-6.65999e-05
-0.000188613
-0.000530395
-0.00191151
-0.00385969
-0.0779999
-0.0320578
-0.00745959
-0.000444094
0.000489018
-0.000278071
-0.000437917
-0.000541779
-0.000462132
-0.000402326
-0.000329607
-0.00027501
-0.000227255
-0.000190023
-0.000159349
-0.000134815
-0.000114849
-9.85909e-05
-8.51966e-05
-7.40428e-05
-6.45825e-05
-5.64203e-05
-4.93966e-05
-4.33011e-05
-3.80676e-05
-3.35248e-05
-2.96176e-05
-2.61563e-05
-2.30889e-05
-2.03564e-05
-1.79993e-05
-1.59267e-05
-1.41531e-05
-1.25693e-05
-1.11948e-05
-9.94153e-06
-8.87665e-06
-7.90972e-06
-7.10913e-06
-6.40853e-06
-5.82893e-06
-5.27623e-06
-4.82384e-06
-4.39714e-06
-4.04563e-06
-3.70726e-06
-3.46162e-06
-3.20292e-06
-2.98366e-06
-2.77209e-06
-2.62755e-06
-2.46463e-06
-2.36963e-06
-2.25821e-06
-2.20262e-06
-2.1258e-06
-2.07879e-06
-2.01179e-06
-1.98702e-06
-1.93201e-06
-1.92009e-06
-1.88725e-06
-1.90255e-06
-1.89179e-06
-1.92788e-06
-1.93506e-06
-1.95782e-06
-1.94967e-06
-1.95029e-06
-1.90909e-06
-1.89329e-06
-1.83762e-06
-1.82134e-06
-1.78444e-06
-1.78421e-06
-1.77652e-06
-1.81377e-06
-1.84267e-06
-1.90839e-06
-1.9655e-06
-2.0599e-06
-2.16651e-06
-2.31615e-06
-2.50802e-06
-2.81189e-06
-3.25167e-06
-3.89655e-06
-4.82338e-06
-6.13403e-06
-7.88113e-06
-1.03336e-05
-1.35952e-05
-1.84686e-05
-2.46962e-05
-3.7543e-05
-5.98948e-05
-0.0001707
-0.000496097
-0.00179851
-0.00365053
-0.0877046
-0.0325105
-0.00711512
-0.000479289
0.000485152
-0.000282154
-0.000415436
-0.000517789
-0.000438682
-0.000382235
-0.000312573
-0.000260915
-0.000215655
-0.000180498
-0.000151384
-0.000128092
-0.00010912
-9.36602e-05
-8.09073e-05
-7.02812e-05
-6.12632e-05
-5.34884e-05
-4.68016e-05
-4.1001e-05
-3.60198e-05
-3.16906e-05
-2.79637e-05
-2.46665e-05
-2.17664e-05
-1.91979e-05
-1.69859e-05
-1.50483e-05
-1.33919e-05
-1.19141e-05
-1.06347e-05
-9.47162e-06
-8.48443e-06
-7.59232e-06
-6.851e-06
-6.20217e-06
-5.66674e-06
-5.15716e-06
-4.73683e-06
-4.34308e-06
-4.02199e-06
-3.70967e-06
-3.48289e-06
-3.26643e-06
-3.08496e-06
-2.90314e-06
-2.77756e-06
-2.63686e-06
-2.55522e-06
-2.45638e-06
-2.40984e-06
-2.34347e-06
-2.30287e-06
-2.24509e-06
-2.22299e-06
-2.17545e-06
-2.16551e-06
-2.13381e-06
-2.14518e-06
-2.13348e-06
-2.16225e-06
-2.16529e-06
-2.18531e-06
-2.17796e-06
-2.17933e-06
-2.14614e-06
-2.13648e-06
-2.09017e-06
-2.07879e-06
-2.0504e-06
-2.05397e-06
-2.0456e-06
-2.08036e-06
-2.10598e-06
-2.16333e-06
-2.21481e-06
-2.30092e-06
-2.4003e-06
-2.53995e-06
-2.72258e-06
-3.00697e-06
-3.40118e-06
-4.01517e-06
-4.89165e-06
-6.12531e-06
-7.76054e-06
-1.00301e-05
-1.29944e-05
-1.72706e-05
-2.2439e-05
-3.26625e-05
-5.07174e-05
-0.000147117
-0.000446181
-0.00162571
-0.0033129
-0.0983081
-0.0321972
-0.00652345
-0.000502474
0.000472553
-0.000276485
-0.000379878
-0.000478569
-0.000402293
-0.000350975
-0.000286295
-0.000238929
-0.000197208
-0.000164844
-0.000138118
-0.000116763
-9.93384e-05
-8.51123e-05
-7.33431e-05
-6.35094e-05
-5.51404e-05
-4.79065e-05
-4.16644e-05
-3.62256e-05
-3.15252e-05
-2.74052e-05
-2.38214e-05
-2.06253e-05
-1.7928e-05
-1.5605e-05
-1.36113e-05
-1.18721e-05
-1.03899e-05
-9.07114e-06
-7.93428e-06
-6.90739e-06
-6.03965e-06
-5.2625e-06
-4.61917e-06
-4.05857e-06
-3.60099e-06
-3.17094e-06
-2.81827e-06
-2.49305e-06
-2.23536e-06
-1.97227e-06
-1.77576e-06
-1.5945e-06
-1.44328e-06
-1.28916e-06
-1.18444e-06
-1.06806e-06
-1.00113e-06
-9.16535e-07
-8.79181e-07
-8.23412e-07
-7.8989e-07
-7.41873e-07
-7.23489e-07
-6.83912e-07
-6.77077e-07
-6.48329e-07
-6.5632e-07
-6.44811e-07
-6.67211e-07
-6.66291e-07
-6.83711e-07
-6.77283e-07
-6.79009e-07
-6.53607e-07
-6.49126e-07
-6.12776e-07
-6.05482e-07
-5.8469e-07
-5.91647e-07
-5.82997e-07
-6.13676e-07
-6.36218e-07
-6.84363e-07
-7.2871e-07
-8.04599e-07
-8.94502e-07
-1.02046e-06
-1.18794e-06
-1.44539e-06
-1.79873e-06
-2.35118e-06
-3.09549e-06
-4.16665e-06
-5.60518e-06
-7.60218e-06
-1.01777e-05
-1.37586e-05
-1.78025e-05
-2.55278e-05
-3.93635e-05
-0.000119358
-0.000383923
-0.00139854
-0.0028468
-0.109984
-0.0309707
-0.00569801
-0.00054736
0.000407984
-0.000296664
-0.000368668
-0.000461659
-0.000390457
-0.000345696
-0.000287361
-0.000244947
-0.00020692
-0.000177115
-0.000153614
-0.000135044
-0.000119881
-0.000107489
-9.72228e-05
-8.86354e-05
-8.13264e-05
-7.50117e-05
-6.95671e-05
-6.4827e-05
-6.07304e-05
-5.71397e-05
-5.40142e-05
-5.12323e-05
-4.89009e-05
-4.69047e-05
-4.51959e-05
-4.37099e-05
-4.24482e-05
-4.13291e-05
-4.03683e-05
-3.95067e-05
-3.87819e-05
-3.8138e-05
-3.7608e-05
-3.71471e-05
-3.67747e-05
-3.64292e-05
-3.6148e-05
-3.58913e-05
-3.56949e-05
-3.54942e-05
-3.53456e-05
-3.52011e-05
-3.50815e-05
-3.49574e-05
-3.4875e-05
-3.47846e-05
-3.47334e-05
-3.46651e-05
-3.46374e-05
-3.45931e-05
-3.45676e-05
-3.45302e-05
-3.45165e-05
-3.4485e-05
-3.44817e-05
-3.44575e-05
-3.44627e-05
-3.44522e-05
-3.44694e-05
-3.44651e-05
-3.44799e-05
-3.44746e-05
-3.44762e-05
-3.44581e-05
-3.44575e-05
-3.44311e-05
-3.44271e-05
-3.44127e-05
-3.4422e-05
-3.4414e-05
-3.44392e-05
-3.44585e-05
-3.44971e-05
-3.45331e-05
-3.45966e-05
-3.46734e-05
-3.47805e-05
-3.49255e-05
-3.51468e-05
-3.54487e-05
-3.58962e-05
-3.65051e-05
-3.73978e-05
-3.86077e-05
-4.02847e-05
-4.24171e-05
-4.5257e-05
-4.81799e-05
-5.32128e-05
-6.23401e-05
-0.000123597
-0.000349231
-0.00116817
-0.00229699
-0.123303
-0.0286629
-0.00469216
-0.000699972
0.000186227
-0.000441724
-0.000479865
-0.000561712
-0.000499815
-0.000464452
-0.000416436
-0.000382225
-0.000351204
-0.000326952
-0.000308004
-0.000293089
-0.000280906
-0.000270953
-0.000262709
-0.000255822
-0.000249981
-0.000244959
-0.000240656
-0.00023694
-0.000233757
-0.000231
-0.000228631
-0.000226557
-0.000224747
-0.000223156
-0.000221796
-0.000220615
-0.000219616
-0.000218733
-0.000217978
-0.000217305
-0.000216741
-0.000216242
-0.000215834
-0.000215478
-0.000215192
-0.000214928
-0.000214714
-0.000214518
-0.000214373
-0.000214224
-0.000214114
-0.000214008
-0.000213922
-0.000213831
-0.000213771
-0.000213707
-0.000213672
-0.000213621
-0.000213603
-0.00021357
-0.000213553
-0.000213526
-0.000213518
-0.000213494
-0.000213494
-0.000213476
-0.000213479
-0.00021347
-0.000213483
-0.000213477
-0.000213488
-0.000213485
-0.000213486
-0.000213474
-0.000213476
-0.000213459
-0.000213457
-0.000213448
-0.000213458
-0.000213451
-0.00021347
-0.000213486
-0.000213514
-0.000213541
-0.00021359
-0.00021365
-0.000213734
-0.000213849
-0.000214025
-0.000214262
-0.000214615
-0.000215097
-0.000215803
-0.000216757
-0.000218071
-0.000219712
-0.000221792
-0.000223674
-0.000226092
-0.000230519
-0.00027153
-0.000444101
-0.00104961
-0.00176924
-0.13591
-0.0244359
-0.00334369
-0.000823754
-0.000101967
-0.0006071
-0.000612903
-0.000676604
-0.000628419
-0.000604384
-0.0005699
-0.000546205
-0.000524522
-0.000507909
-0.000494634
-0.000484087
-0.000475446
-0.000468376
-0.000462513
-0.000457611
-0.000453457
-0.00044989
-0.000446843
-0.000444218
-0.000441974
-0.000440038
-0.00043838
-0.000436937
-0.000435673
-0.00043456
-0.000433612
-0.000432789
-0.000432097
-0.000431487
-0.000430968
-0.000430508
-0.000430126
-0.000429788
-0.000429514
-0.000429273
-0.000429081
-0.000428905
-0.000428764
-0.000428633
-0.000428539
-0.000428442
-0.000428371
-0.000428302
-0.00042825
-0.000428193
-0.000428155
-0.000428116
-0.000428096
-0.000428063
-0.000428053
-0.000428032
-0.000428023
-0.000428006
-0.000428002
-0.000427987
-0.000427989
-0.000427977
-0.000427979
-0.000427972
-0.000427982
-0.000427974
-0.000427983
-0.00042798
-0.000427981
-0.000427975
-0.000427977
-0.000427968
-0.000427968
-0.000427963
-0.000427972
-0.000427968
-0.00042798
-0.00042799
-0.000428009
-0.000428026
-0.000428059
-0.0004281
-0.000428156
-0.000428235
-0.000428356
-0.000428517
-0.000428761
-0.000429093
-0.000429578
-0.000430232
-0.000431125
-0.00043222
-0.000433537
-0.000434536
-0.000435205
-0.000436359
-0.000458785
-0.000569055
-0.000943055
-0.00117798
-0.128456
-0.0160072
-0.000986778
7.16061e-05
0.00050598
0.000190962
0.00020222
0.000164425
0.000194107
0.000206938
0.000226484
0.000239478
0.000251599
0.000260796
0.000268013
0.000273738
0.000278435
0.000282278
0.000285463
0.000288124
0.000290374
0.000292301
0.000293943
0.000295354
0.000296558
0.000297595
0.000298481
0.000299252
0.000299919
0.000300502
0.000300996
0.000301424
0.000301782
0.000302095
0.000302362
0.000302595
0.000302788
0.000302958
0.000303094
0.000303215
0.00030331
0.000303397
0.000303466
0.000303531
0.000303575
0.000303622
0.000303655
0.000303688
0.000303711
0.000303737
0.000303755
0.000303772
0.00030378
0.000303797
0.000303799
0.00030381
0.000303813
0.000303821
0.000303821
0.000303829
0.000303827
0.000303833
0.000303831
0.000303836
0.00030383
0.000303836
0.000303832
0.000303833
0.000303833
0.000303835
0.000303833
0.000303836
0.000303835
0.000303838
0.000303832
0.000303834
0.000303828
0.000303823
0.000303813
0.000303805
0.000303788
0.000303767
0.000303738
0.000303698
0.000303634
0.00030355
0.000303422
0.000303249
0.000302997
0.000302659
0.000302199
0.000301647
0.000301024
0.000300673
0.000300885
0.00030145
0.00029334
0.00023957
7.34734e-05
0.000219212
-0.0563971
-0.00359857
0.00176426
0.00200143
0.00213087
0.00203765
0.00204481
0.00203498
0.00204443
0.00204836
0.00205411
0.00205784
0.00206126
0.0020638
0.00206588
0.00206751
0.00206882
0.00206987
0.00207073
0.00207143
0.00207201
0.00207249
0.00207289
0.00207323
0.00207351
0.00207375
0.00207395
0.00207412
0.00207427
0.0020744
0.0020745
0.00207459
0.00207467
0.00207473
0.00207479
0.00207484
0.00207488
0.00207491
0.00207494
0.00207496
0.00207498
0.002075
0.00207502
0.00207503
0.00207504
0.00207505
0.00207505
0.00207506
0.00207507
0.00207507
0.00207507
0.00207508
0.00207508
0.00207508
0.00207508
0.00207508
0.00207508
0.00207509
0.00207509
0.00207509
0.00207509
0.00207509
0.00207509
0.00207509
0.00207509
0.00207509
0.00207509
0.00207509
0.00207509
0.00207509
0.00207509
0.00207509
0.00207509
0.00207509
0.00207509
0.00207509
0.00207509
0.00207509
0.00207508
0.00207508
0.00207507
0.00207507
0.00207506
0.00207505
0.00207503
0.00207501
0.00207497
0.00207492
0.00207485
0.00207476
0.00207464
0.0020745
0.00207436
0.00207435
0.00207464
0.00207528
0.00207439
0.00206119
0.0020212
0.00215161
)
;

boundaryField
{
    inlet
    {
        type            calculated;
        value           uniform 0;
    }
    outlet
    {
        type            calculated;
        value           nonuniform List<scalar> 
40
(
-0.00215161
-0.000219216
0.00117797
0.00176922
0.00229696
0.00284676
0.00331286
0.00365047
0.00385962
0.00394851
0.00392518
0.00379823
0.00357719
0.00327228
0.0028941
0.00245354
0.00196171
0.00142986
0.000869366
0.000291652
-0.000291806
-0.000869519
-0.00143001
-0.00196186
-0.00245368
-0.00289423
-0.0032724
-0.0035773
-0.00379833
-0.00392528
-0.0039486
-0.00385969
-0.00365053
-0.0033129
-0.0028468
-0.00229699
-0.00176924
-0.00117798
0.000219212
0.00215161
)
;
    }
    lowerWall
    {
        type            calculated;
        value           uniform 0;
    }
    upperWall
    {
        type            calculated;
        value           uniform 0;
    }
    frontAndBack
    {
        type            empty;
    }
}


// ************************************************************************* //
