/*--------------------------------*- C++ -*----------------------------------*\
  =========                 |
  \\      /  F ield         | OpenFOAM: The Open Source CFD Toolbox
   \\    /   O peration     | Website:  https://openfoam.org
    \\  /    A nd           | Version:  7
     \\/     M anipulation  |
\*---------------------------------------------------------------------------*/
FoamFile
{
    version     2.0;
    format      ascii;
    class       volVectorField;
    location    "2";
    object      B;
}
// * * * * * * * * * * * * * * * * * * * * * * * * * * * * * * * * * * * * * //

dimensions      [1 0 -2 0 0 -1 0];

internalField   nonuniform List<vector> 
4000
(
(0.473704 20.0302 0)
(0.499761 19.9949 0)
(0.486456 19.989 0)
(0.492092 19.9895 0)
(0.491797 19.9911 0)
(0.493054 19.993 0)
(0.493099 19.9944 0)
(0.493354 19.9956 0)
(0.493399 19.9965 0)
(0.49348 19.9972 0)
(0.493517 19.9978 0)
(0.493553 19.9982 0)
(0.493575 19.9986 0)
(0.493591 19.9989 0)
(0.4936 19.9991 0)
(0.493604 19.9993 0)
(0.493605 19.9994 0)
(0.493602 19.9995 0)
(0.493597 19.9996 0)
(0.49359 19.9997 0)
(0.493583 19.9998 0)
(0.493575 19.9998 0)
(0.493568 19.9999 0)
(0.49356 19.9999 0)
(0.493553 19.9999 0)
(0.493547 19.9999 0)
(0.493541 19.9999 0)
(0.493536 20 0)
(0.493531 20 0)
(0.493527 20 0)
(0.493524 20 0)
(0.493521 20 0)
(0.493518 20 0)
(0.493516 20 0)
(0.493514 20 0)
(0.493513 20 0)
(0.493512 20 0)
(0.493511 20 0)
(0.49351 20 0)
(0.493509 20 0)
(0.493509 20 0)
(0.493508 20 0)
(0.493508 20 0)
(0.493507 20 0)
(0.493507 20 0)
(0.493507 20 0)
(0.493507 20 0)
(0.493507 20 0)
(0.493507 20 0)
(0.493507 20 0)
(0.493507 20 0)
(0.493507 20 0)
(0.493507 20 0)
(0.493507 20 0)
(0.493506 20 0)
(0.493506 20 0)
(0.493506 20 0)
(0.493506 20 0)
(0.493506 20 0)
(0.493506 20 0)
(0.493506 20 0)
(0.493506 20 0)
(0.493506 20 0)
(0.493506 20 0)
(0.493506 20 0)
(0.493506 20 0)
(0.493506 20 0)
(0.493506 20 0)
(0.493506 20 0)
(0.493506 20 0)
(0.493506 20 0)
(0.493506 20 0)
(0.493506 20 0)
(0.493506 20 0)
(0.493506 20 0)
(0.493506 20 0)
(0.493506 20 0)
(0.493506 20 0)
(0.493506 20 0)
(0.493506 20 0)
(0.493506 20 0)
(0.493506 20 0)
(0.493506 20 0)
(0.493506 20 0)
(0.493506 20 0)
(0.493506 20 0)
(0.493506 20 0)
(0.493506 20 0)
(0.493506 20 0)
(0.493506 20 0)
(0.493507 20 0)
(0.493508 20 0)
(0.493511 20 0)
(0.493517 20 0)
(0.493529 20 0)
(0.493549 19.9999 0)
(0.493591 20 0)
(0.493596 20.0001 0)
(0.493552 20.0004 0)
(0.49279 20.0007 0)
(0.720741 20.0002 0)
(0.77021 19.9731 0)
(0.768824 19.9669 0)
(0.779609 19.9696 0)
(0.780827 19.9746 0)
(0.783489 19.98 0)
(0.784304 19.9844 0)
(0.785246 19.9879 0)
(0.785787 19.9906 0)
(0.786283 19.9927 0)
(0.786645 19.9944 0)
(0.786946 19.9958 0)
(0.787179 19.9969 0)
(0.787363 19.9978 0)
(0.787506 19.9985 0)
(0.787617 19.999 0)
(0.7877 19.9995 0)
(0.787763 19.9998 0)
(0.787809 20.0001 0)
(0.787842 20.0003 0)
(0.787865 20.0005 0)
(0.78788 20.0007 0)
(0.78789 20.0008 0)
(0.787896 20.0009 0)
(0.787899 20.0009 0)
(0.7879 20.001 0)
(0.7879 20.001 0)
(0.787899 20.0011 0)
(0.787897 20.0011 0)
(0.787895 20.0011 0)
(0.787893 20.0011 0)
(0.787891 20.0011 0)
(0.78789 20.0012 0)
(0.787888 20.0012 0)
(0.787886 20.0012 0)
(0.787885 20.0012 0)
(0.787884 20.0012 0)
(0.787883 20.0012 0)
(0.787882 20.0012 0)
(0.787882 20.0012 0)
(0.787881 20.0012 0)
(0.787881 20.0012 0)
(0.78788 20.0012 0)
(0.78788 20.0012 0)
(0.78788 20.0012 0)
(0.787879 20.0012 0)
(0.787879 20.0012 0)
(0.787879 20.0012 0)
(0.787879 20.0012 0)
(0.787879 20.0012 0)
(0.787879 20.0012 0)
(0.787879 20.0012 0)
(0.787879 20.0012 0)
(0.787879 20.0012 0)
(0.787879 20.0012 0)
(0.787879 20.0012 0)
(0.787879 20.0012 0)
(0.787879 20.0012 0)
(0.787879 20.0012 0)
(0.787879 20.0012 0)
(0.787879 20.0012 0)
(0.787879 20.0012 0)
(0.787879 20.0012 0)
(0.787879 20.0012 0)
(0.787879 20.0012 0)
(0.787879 20.0012 0)
(0.787879 20.0012 0)
(0.787879 20.0012 0)
(0.787879 20.0012 0)
(0.787879 20.0012 0)
(0.787879 20.0012 0)
(0.787879 20.0012 0)
(0.787879 20.0012 0)
(0.787879 20.0012 0)
(0.787879 20.0012 0)
(0.787879 20.0012 0)
(0.787879 20.0012 0)
(0.787879 20.0012 0)
(0.787879 20.0012 0)
(0.787879 20.0012 0)
(0.787879 20.0012 0)
(0.787879 20.0012 0)
(0.787879 20.0012 0)
(0.787879 20.0012 0)
(0.78788 20.0012 0)
(0.78788 20.0012 0)
(0.787881 20.0012 0)
(0.787883 20.0012 0)
(0.787885 20.0012 0)
(0.787889 20.0012 0)
(0.787895 20.0012 0)
(0.787905 20.0011 0)
(0.787921 20.0011 0)
(0.787948 20.0011 0)
(0.787994 20.001 0)
(0.788068 20.001 0)
(0.788197 20.0011 0)
(0.788339 20.0014 0)
(0.788459 20.0022 0)
(0.787402 20.0032 0)
(0.755236 19.9314 0)
(0.807928 19.9398 0)
(0.821184 19.9417 0)
(0.835614 19.9481 0)
(0.838845 19.957 0)
(0.842588 19.9659 0)
(0.844258 19.9731 0)
(0.845873 19.9789 0)
(0.846968 19.9834 0)
(0.847912 19.987 0)
(0.848638 19.9898 0)
(0.849234 19.9921 0)
(0.849705 19.9939 0)
(0.850083 19.9954 0)
(0.850382 19.9965 0)
(0.850617 19.9975 0)
(0.850801 19.9982 0)
(0.850944 19.9988 0)
(0.851054 19.9993 0)
(0.851138 19.9997 0)
(0.851202 20 0)
(0.85125 20.0002 0)
(0.851286 20.0004 0)
(0.851312 20.0006 0)
(0.851331 20.0007 0)
(0.851345 20.0008 0)
(0.851355 20.0009 0)
(0.851362 20.0009 0)
(0.851366 20.001 0)
(0.851369 20.001 0)
(0.851371 20.001 0)
(0.851373 20.0011 0)
(0.851373 20.0011 0)
(0.851373 20.0011 0)
(0.851373 20.0011 0)
(0.851373 20.0011 0)
(0.851373 20.0011 0)
(0.851373 20.0011 0)
(0.851373 20.0011 0)
(0.851372 20.0011 0)
(0.851372 20.0011 0)
(0.851372 20.0011 0)
(0.851372 20.0011 0)
(0.851371 20.0011 0)
(0.851371 20.0011 0)
(0.851371 20.0011 0)
(0.851371 20.0011 0)
(0.851371 20.0011 0)
(0.851371 20.0011 0)
(0.851371 20.0011 0)
(0.851371 20.0011 0)
(0.851371 20.0011 0)
(0.851371 20.0011 0)
(0.851371 20.0011 0)
(0.851371 20.0011 0)
(0.851371 20.0011 0)
(0.851371 20.0011 0)
(0.851371 20.0011 0)
(0.851371 20.0011 0)
(0.851371 20.0011 0)
(0.851371 20.0011 0)
(0.851371 20.0011 0)
(0.851371 20.0011 0)
(0.851371 20.0011 0)
(0.851371 20.0011 0)
(0.851371 20.0011 0)
(0.851371 20.0011 0)
(0.851371 20.0011 0)
(0.851371 20.0011 0)
(0.851371 20.0011 0)
(0.851371 20.0011 0)
(0.851371 20.0011 0)
(0.851371 20.0011 0)
(0.851371 20.0011 0)
(0.851371 20.0011 0)
(0.851371 20.0011 0)
(0.851371 20.0011 0)
(0.851371 20.0011 0)
(0.851371 20.0011 0)
(0.851371 20.0011 0)
(0.851371 20.0011 0)
(0.851371 20.0011 0)
(0.851372 20.0011 0)
(0.851372 20.0011 0)
(0.851373 20.0011 0)
(0.851375 20.0011 0)
(0.851377 20.0011 0)
(0.85138 20.0011 0)
(0.851386 20.0011 0)
(0.851394 20.0011 0)
(0.851406 20.0011 0)
(0.851426 20.001 0)
(0.851458 20.001 0)
(0.851508 20.0009 0)
(0.851591 20.0009 0)
(0.851727 20.0008 0)
(0.85196 20.0009 0)
(0.852314 20.0014 0)
(0.852788 20.0026 0)
(0.852464 20.0042 0)
(0.726944 19.864 0)
(0.774697 19.9012 0)
(0.798017 19.9146 0)
(0.815179 19.9263 0)
(0.8204 19.9394 0)
(0.825072 19.9516 0)
(0.82753 19.9617 0)
(0.829742 19.9697 0)
(0.831343 19.976 0)
(0.832695 19.981 0)
(0.833756 19.985 0)
(0.834624 19.9882 0)
(0.835317 19.9907 0)
(0.835874 19.9927 0)
(0.836318 19.9944 0)
(0.83667 19.9957 0)
(0.836949 19.9967 0)
(0.837168 19.9976 0)
(0.837339 19.9982 0)
(0.837473 19.9988 0)
(0.837576 19.9992 0)
(0.837656 19.9995 0)
(0.837717 19.9998 0)
(0.837764 20 0)
(0.8378 20.0002 0)
(0.837826 20.0003 0)
(0.837847 20.0004 0)
(0.837862 20.0005 0)
(0.837873 20.0006 0)
(0.837881 20.0006 0)
(0.837888 20.0007 0)
(0.837892 20.0007 0)
(0.837895 20.0007 0)
(0.837898 20.0007 0)
(0.837899 20.0008 0)
(0.8379 20.0008 0)
(0.837901 20.0008 0)
(0.837902 20.0008 0)
(0.837902 20.0008 0)
(0.837902 20.0008 0)
(0.837903 20.0008 0)
(0.837903 20.0008 0)
(0.837903 20.0008 0)
(0.837903 20.0008 0)
(0.837903 20.0008 0)
(0.837903 20.0008 0)
(0.837903 20.0008 0)
(0.837903 20.0008 0)
(0.837903 20.0008 0)
(0.837903 20.0008 0)
(0.837903 20.0008 0)
(0.837903 20.0008 0)
(0.837903 20.0008 0)
(0.837903 20.0008 0)
(0.837903 20.0008 0)
(0.837903 20.0008 0)
(0.837903 20.0008 0)
(0.837903 20.0008 0)
(0.837903 20.0008 0)
(0.837903 20.0008 0)
(0.837903 20.0008 0)
(0.837903 20.0008 0)
(0.837903 20.0008 0)
(0.837903 20.0008 0)
(0.837903 20.0008 0)
(0.837903 20.0008 0)
(0.837903 20.0008 0)
(0.837903 20.0008 0)
(0.837903 20.0008 0)
(0.837903 20.0008 0)
(0.837903 20.0008 0)
(0.837903 20.0008 0)
(0.837903 20.0008 0)
(0.837903 20.0008 0)
(0.837903 20.0008 0)
(0.837903 20.0008 0)
(0.837903 20.0008 0)
(0.837903 20.0008 0)
(0.837903 20.0008 0)
(0.837903 20.0008 0)
(0.837904 20.0008 0)
(0.837904 20.0008 0)
(0.837905 20.0008 0)
(0.837906 20.0008 0)
(0.837907 20.0008 0)
(0.837909 20.0008 0)
(0.837913 20.0008 0)
(0.837918 20.0008 0)
(0.837926 20.0008 0)
(0.837938 20.0007 0)
(0.837957 20.0007 0)
(0.837986 20.0007 0)
(0.838032 20.0006 0)
(0.838106 20.0005 0)
(0.838227 20.0005 0)
(0.83843 20.0004 0)
(0.838782 20.0005 0)
(0.839385 20.0009 0)
(0.840315 20.0024 0)
(0.841164 20.0043 0)
(0.681508 19.8066 0)
(0.722081 19.8616 0)
(0.75104 19.8866 0)
(0.770078 19.9046 0)
(0.777037 19.9222 0)
(0.7825 19.9378 0)
(0.785636 19.9506 0)
(0.788349 19.9608 0)
(0.790376 19.9688 0)
(0.792073 19.9752 0)
(0.793419 19.9803 0)
(0.794519 19.9844 0)
(0.795401 19.9877 0)
(0.796111 19.9903 0)
(0.796679 19.9924 0)
(0.797133 19.9941 0)
(0.797492 19.9954 0)
(0.797777 19.9965 0)
(0.798001 19.9974 0)
(0.798177 19.9981 0)
(0.798315 19.9986 0)
(0.798422 19.999 0)
(0.798506 19.9994 0)
(0.798571 19.9997 0)
(0.798621 19.9999 0)
(0.798659 20.0001 0)
(0.798688 20.0002 0)
(0.798711 20.0003 0)
(0.798728 20.0004 0)
(0.798741 20.0004 0)
(0.798751 20.0005 0)
(0.798759 20.0005 0)
(0.798765 20.0006 0)
(0.798769 20.0006 0)
(0.798772 20.0006 0)
(0.798774 20.0006 0)
(0.798776 20.0006 0)
(0.798778 20.0007 0)
(0.798779 20.0007 0)
(0.798779 20.0007 0)
(0.79878 20.0007 0)
(0.79878 20.0007 0)
(0.798781 20.0007 0)
(0.798781 20.0007 0)
(0.798781 20.0007 0)
(0.798781 20.0007 0)
(0.798781 20.0007 0)
(0.798781 20.0007 0)
(0.798781 20.0007 0)
(0.798781 20.0007 0)
(0.798781 20.0007 0)
(0.798781 20.0007 0)
(0.798781 20.0007 0)
(0.798781 20.0007 0)
(0.798781 20.0007 0)
(0.798781 20.0007 0)
(0.798781 20.0007 0)
(0.798781 20.0007 0)
(0.798781 20.0007 0)
(0.798781 20.0007 0)
(0.798781 20.0007 0)
(0.798781 20.0007 0)
(0.798781 20.0007 0)
(0.798781 20.0007 0)
(0.798781 20.0007 0)
(0.798781 20.0007 0)
(0.798781 20.0007 0)
(0.798781 20.0007 0)
(0.798781 20.0007 0)
(0.798781 20.0007 0)
(0.798781 20.0007 0)
(0.798781 20.0007 0)
(0.798781 20.0007 0)
(0.798782 20.0007 0)
(0.798782 20.0007 0)
(0.798782 20.0007 0)
(0.798782 20.0007 0)
(0.798782 20.0007 0)
(0.798782 20.0007 0)
(0.798782 20.0007 0)
(0.798783 20.0007 0)
(0.798783 20.0007 0)
(0.798784 20.0007 0)
(0.798785 20.0007 0)
(0.798787 20.0007 0)
(0.79879 20.0007 0)
(0.798795 20.0007 0)
(0.798801 20.0006 0)
(0.798812 20.0006 0)
(0.798827 20.0006 0)
(0.798852 20.0006 0)
(0.79889 20.0005 0)
(0.798949 20.0004 0)
(0.799046 20.0003 0)
(0.799204 20.0002 0)
(0.799475 20.0001 0)
(0.79995 20.0001 0)
(0.800816 20.0006 0)
(0.802218 20.002 0)
(0.804221 20.0039 0)
(0.632614 19.7581 0)
(0.666114 19.8228 0)
(0.697503 19.8586 0)
(0.717607 19.8833 0)
(0.72595 19.9055 0)
(0.732049 19.9244 0)
(0.735736 19.9398 0)
(0.738848 19.9521 0)
(0.741216 19.9619 0)
(0.743187 19.9697 0)
(0.744763 19.9759 0)
(0.746049 19.9809 0)
(0.747083 19.9848 0)
(0.747917 19.988 0)
(0.748585 19.9906 0)
(0.74912 19.9926 0)
(0.749545 19.9943 0)
(0.749883 19.9956 0)
(0.75015 19.9966 0)
(0.750361 19.9975 0)
(0.750527 19.9981 0)
(0.750657 19.9987 0)
(0.750759 19.9991 0)
(0.750838 19.9994 0)
(0.7509 19.9997 0)
(0.750948 19.9999 0)
(0.750985 20.0001 0)
(0.751014 20.0002 0)
(0.751036 20.0003 0)
(0.751053 20.0004 0)
(0.751066 20.0004 0)
(0.751076 20.0005 0)
(0.751084 20.0005 0)
(0.75109 20.0006 0)
(0.751095 20.0006 0)
(0.751098 20.0006 0)
(0.751101 20.0006 0)
(0.751103 20.0006 0)
(0.751104 20.0006 0)
(0.751105 20.0006 0)
(0.751106 20.0006 0)
(0.751107 20.0006 0)
(0.751107 20.0007 0)
(0.751108 20.0007 0)
(0.751108 20.0007 0)
(0.751108 20.0007 0)
(0.751108 20.0007 0)
(0.751109 20.0007 0)
(0.751109 20.0007 0)
(0.751109 20.0007 0)
(0.751109 20.0007 0)
(0.751109 20.0007 0)
(0.751109 20.0007 0)
(0.751109 20.0007 0)
(0.751109 20.0007 0)
(0.751109 20.0007 0)
(0.751109 20.0007 0)
(0.751109 20.0007 0)
(0.751109 20.0007 0)
(0.751109 20.0007 0)
(0.751109 20.0007 0)
(0.751109 20.0007 0)
(0.751109 20.0007 0)
(0.751109 20.0007 0)
(0.751109 20.0007 0)
(0.751109 20.0007 0)
(0.751109 20.0007 0)
(0.751109 20.0007 0)
(0.751109 20.0007 0)
(0.751109 20.0007 0)
(0.751109 20.0007 0)
(0.751109 20.0007 0)
(0.751109 20.0007 0)
(0.751109 20.0007 0)
(0.751109 20.0007 0)
(0.751109 20.0007 0)
(0.751109 20.0007 0)
(0.751109 20.0007 0)
(0.75111 20.0007 0)
(0.75111 20.0007 0)
(0.75111 20.0007 0)
(0.751111 20.0007 0)
(0.751112 20.0007 0)
(0.751114 20.0007 0)
(0.751116 20.0006 0)
(0.751119 20.0006 0)
(0.751125 20.0006 0)
(0.751133 20.0006 0)
(0.751145 20.0006 0)
(0.751164 20.0006 0)
(0.751193 20.0005 0)
(0.751238 20.0005 0)
(0.75131 20.0004 0)
(0.751427 20.0002 0)
(0.75162 20.0001 0)
(0.751957 19.9999 0)
(0.752553 19.9999 0)
(0.753671 20.0002 0)
(0.755508 20.0015 0)
(0.75846 20.0031 0)
(0.584116 19.7165 0)
(0.611419 19.786 0)
(0.643081 19.8311 0)
(0.663532 19.8626 0)
(0.672872 19.8893 0)
(0.679434 19.9115 0)
(0.68354 19.9294 0)
(0.686947 19.9438 0)
(0.68957 19.9552 0)
(0.691746 19.9643 0)
(0.693493 19.9716 0)
(0.694919 19.9774 0)
(0.696068 19.9821 0)
(0.696995 19.9858 0)
(0.69774 19.9888 0)
(0.698336 19.9912 0)
(0.698811 19.9931 0)
(0.69919 19.9947 0)
(0.69949 19.9959 0)
(0.699727 19.9969 0)
(0.699914 19.9977 0)
(0.700061 19.9983 0)
(0.700177 19.9988 0)
(0.700268 19.9992 0)
(0.700339 19.9995 0)
(0.700394 19.9997 0)
(0.700437 19.9999 0)
(0.700471 20.0001 0)
(0.700497 20.0002 0)
(0.700517 20.0003 0)
(0.700533 20.0004 0)
(0.700545 20.0004 0)
(0.700555 20.0005 0)
(0.700562 20.0005 0)
(0.700567 20.0006 0)
(0.700572 20.0006 0)
(0.700575 20.0006 0)
(0.700578 20.0006 0)
(0.70058 20.0006 0)
(0.700581 20.0006 0)
(0.700582 20.0006 0)
(0.700583 20.0006 0)
(0.700584 20.0006 0)
(0.700584 20.0007 0)
(0.700585 20.0007 0)
(0.700585 20.0007 0)
(0.700585 20.0007 0)
(0.700585 20.0007 0)
(0.700586 20.0007 0)
(0.700586 20.0007 0)
(0.700586 20.0007 0)
(0.700586 20.0007 0)
(0.700586 20.0007 0)
(0.700586 20.0007 0)
(0.700586 20.0007 0)
(0.700586 20.0007 0)
(0.700586 20.0007 0)
(0.700586 20.0007 0)
(0.700586 20.0007 0)
(0.700586 20.0007 0)
(0.700586 20.0007 0)
(0.700586 20.0007 0)
(0.700586 20.0007 0)
(0.700586 20.0007 0)
(0.700586 20.0007 0)
(0.700586 20.0007 0)
(0.700586 20.0007 0)
(0.700586 20.0007 0)
(0.700586 20.0007 0)
(0.700586 20.0007 0)
(0.700586 20.0007 0)
(0.700586 20.0007 0)
(0.700586 20.0007 0)
(0.700586 20.0007 0)
(0.700586 20.0007 0)
(0.700586 20.0007 0)
(0.700586 20.0007 0)
(0.700587 20.0007 0)
(0.700587 20.0007 0)
(0.700587 20.0007 0)
(0.700588 20.0007 0)
(0.700588 20.0007 0)
(0.70059 20.0007 0)
(0.700591 20.0006 0)
(0.700594 20.0006 0)
(0.700598 20.0006 0)
(0.700604 20.0006 0)
(0.700613 20.0006 0)
(0.700627 20.0006 0)
(0.700648 20.0005 0)
(0.700681 20.0005 0)
(0.700732 20.0004 0)
(0.700814 20.0003 0)
(0.700948 20.0001 0)
(0.701173 19.9999 0)
(0.701572 19.9997 0)
(0.702278 19.9996 0)
(0.703623 19.9997 0)
(0.705828 20.0007 0)
(0.709481 20.002 0)
(0.536863 19.6807 0)
(0.558988 19.7518 0)
(0.589549 19.8046 0)
(0.609744 19.8425 0)
(0.619697 19.8737 0)
(0.626542 19.899 0)
(0.630936 19.9195 0)
(0.634537 19.9358 0)
(0.637331 19.9488 0)
(0.639643 19.9591 0)
(0.641505 19.9674 0)
(0.643025 19.9741 0)
(0.644253 19.9794 0)
(0.645244 19.9837 0)
(0.646041 19.9871 0)
(0.646679 19.9898 0)
(0.647189 19.992 0)
(0.647596 19.9938 0)
(0.647918 19.9952 0)
(0.648174 19.9963 0)
(0.648376 19.9972 0)
(0.648536 19.9979 0)
(0.648662 19.9985 0)
(0.64876 19.9989 0)
(0.648838 19.9993 0)
(0.648899 19.9996 0)
(0.648946 19.9998 0)
(0.648983 20 0)
(0.649012 20.0001 0)
(0.649035 20.0003 0)
(0.649052 20.0003 0)
(0.649066 20.0004 0)
(0.649077 20.0005 0)
(0.649085 20.0005 0)
(0.649091 20.0005 0)
(0.649096 20.0006 0)
(0.6491 20.0006 0)
(0.649103 20.0006 0)
(0.649105 20.0006 0)
(0.649107 20.0006 0)
(0.649108 20.0006 0)
(0.64911 20.0006 0)
(0.64911 20.0006 0)
(0.649111 20.0006 0)
(0.649111 20.0006 0)
(0.649112 20.0007 0)
(0.649112 20.0007 0)
(0.649112 20.0007 0)
(0.649113 20.0007 0)
(0.649113 20.0007 0)
(0.649113 20.0007 0)
(0.649113 20.0007 0)
(0.649113 20.0007 0)
(0.649113 20.0007 0)
(0.649113 20.0007 0)
(0.649113 20.0007 0)
(0.649113 20.0007 0)
(0.649113 20.0007 0)
(0.649113 20.0007 0)
(0.649113 20.0007 0)
(0.649113 20.0007 0)
(0.649113 20.0007 0)
(0.649113 20.0007 0)
(0.649113 20.0007 0)
(0.649113 20.0007 0)
(0.649113 20.0007 0)
(0.649113 20.0007 0)
(0.649113 20.0007 0)
(0.649113 20.0007 0)
(0.649113 20.0007 0)
(0.649113 20.0007 0)
(0.649113 20.0007 0)
(0.649113 20.0007 0)
(0.649113 20.0007 0)
(0.649113 20.0007 0)
(0.649113 20.0007 0)
(0.649113 20.0007 0)
(0.649114 20.0007 0)
(0.649114 20.0007 0)
(0.649114 20.0007 0)
(0.649115 20.0007 0)
(0.649116 20.0007 0)
(0.649117 20.0006 0)
(0.649119 20.0006 0)
(0.649122 20.0006 0)
(0.649126 20.0006 0)
(0.649133 20.0006 0)
(0.649143 20.0006 0)
(0.649158 20.0006 0)
(0.649181 20.0005 0)
(0.649216 20.0005 0)
(0.649272 20.0004 0)
(0.649362 20.0002 0)
(0.64951 20 0)
(0.649762 19.9998 0)
(0.650213 19.9995 0)
(0.651014 19.9992 0)
(0.652547 19.9991 0)
(0.655036 19.9997 0)
(0.65916 20.0005 0)
(0.490843 19.6497 0)
(0.508729 19.7204 0)
(0.537359 19.7794 0)
(0.556822 19.8234 0)
(0.567033 19.8589 0)
(0.573983 19.8872 0)
(0.578535 19.9099 0)
(0.582233 19.9281 0)
(0.585117 19.9426 0)
(0.587501 19.9542 0)
(0.589424 19.9635 0)
(0.590996 19.9709 0)
(0.592266 19.9769 0)
(0.593293 19.9816 0)
(0.594119 19.9855 0)
(0.594781 19.9885 0)
(0.595311 19.991 0)
(0.595733 19.993 0)
(0.596069 19.9945 0)
(0.596335 19.9958 0)
(0.596546 19.9968 0)
(0.596713 19.9976 0)
(0.596845 19.9982 0)
(0.596949 19.9987 0)
(0.59703 19.9991 0)
(0.597094 19.9995 0)
(0.597144 19.9997 0)
(0.597184 19.9999 0)
(0.597214 20.0001 0)
(0.597239 20.0002 0)
(0.597257 20.0003 0)
(0.597272 20.0004 0)
(0.597283 20.0004 0)
(0.597292 20.0005 0)
(0.597299 20.0005 0)
(0.597305 20.0006 0)
(0.597309 20.0006 0)
(0.597312 20.0006 0)
(0.597315 20.0006 0)
(0.597317 20.0006 0)
(0.597318 20.0006 0)
(0.597319 20.0006 0)
(0.59732 20.0006 0)
(0.597321 20.0006 0)
(0.597322 20.0006 0)
(0.597322 20.0006 0)
(0.597322 20.0006 0)
(0.597323 20.0007 0)
(0.597323 20.0007 0)
(0.597323 20.0007 0)
(0.597323 20.0007 0)
(0.597323 20.0007 0)
(0.597323 20.0007 0)
(0.597323 20.0007 0)
(0.597323 20.0007 0)
(0.597323 20.0007 0)
(0.597323 20.0007 0)
(0.597323 20.0007 0)
(0.597323 20.0007 0)
(0.597323 20.0007 0)
(0.597323 20.0007 0)
(0.597323 20.0007 0)
(0.597323 20.0007 0)
(0.597323 20.0007 0)
(0.597323 20.0007 0)
(0.597323 20.0007 0)
(0.597323 20.0007 0)
(0.597323 20.0007 0)
(0.597323 20.0007 0)
(0.597323 20.0007 0)
(0.597323 20.0007 0)
(0.597323 20.0007 0)
(0.597324 20.0007 0)
(0.597324 20.0007 0)
(0.597324 20.0007 0)
(0.597324 20.0007 0)
(0.597324 20.0007 0)
(0.597324 20.0007 0)
(0.597324 20.0007 0)
(0.597325 20.0007 0)
(0.597325 20.0007 0)
(0.597326 20.0006 0)
(0.597327 20.0006 0)
(0.59733 20.0006 0)
(0.597333 20.0006 0)
(0.597337 20.0006 0)
(0.597344 20.0006 0)
(0.597354 20.0006 0)
(0.59737 20.0006 0)
(0.597394 20.0005 0)
(0.597432 20.0004 0)
(0.597491 20.0003 0)
(0.597586 20.0002 0)
(0.597746 19.9999 0)
(0.598018 19.9996 0)
(0.59851 19.9993 0)
(0.599385 19.9988 0)
(0.601059 19.9985 0)
(0.603744 19.9985 0)
(0.608135 19.9988 0)
(0.445851 19.6229 0)
(0.460292 19.6919 0)
(0.486527 19.7559 0)
(0.504896 19.8054 0)
(0.515049 19.8449 0)
(0.521935 19.876 0)
(0.52652 19.901 0)
(0.530223 19.9209 0)
(0.533122 19.9368 0)
(0.535515 19.9495 0)
(0.53745 19.9597 0)
(0.539032 19.9679 0)
(0.540312 19.9744 0)
(0.541347 19.9797 0)
(0.54218 19.9839 0)
(0.542849 19.9873 0)
(0.543384 19.99 0)
(0.543811 19.9922 0)
(0.54415 19.9939 0)
(0.54442 19.9953 0)
(0.544634 19.9964 0)
(0.544803 19.9973 0)
(0.544937 19.998 0)
(0.545043 19.9985 0)
(0.545126 19.999 0)
(0.545191 19.9993 0)
(0.545243 19.9996 0)
(0.545283 19.9998 0)
(0.545315 20 0)
(0.54534 20.0001 0)
(0.545359 20.0002 0)
(0.545374 20.0003 0)
(0.545386 20.0004 0)
(0.545395 20.0005 0)
(0.545403 20.0005 0)
(0.545408 20.0005 0)
(0.545413 20.0006 0)
(0.545416 20.0006 0)
(0.545419 20.0006 0)
(0.545421 20.0006 0)
(0.545423 20.0006 0)
(0.545424 20.0006 0)
(0.545425 20.0006 0)
(0.545426 20.0006 0)
(0.545426 20.0006 0)
(0.545427 20.0006 0)
(0.545427 20.0006 0)
(0.545427 20.0006 0)
(0.545427 20.0007 0)
(0.545428 20.0007 0)
(0.545428 20.0007 0)
(0.545428 20.0007 0)
(0.545428 20.0007 0)
(0.545428 20.0007 0)
(0.545428 20.0007 0)
(0.545428 20.0007 0)
(0.545428 20.0007 0)
(0.545428 20.0007 0)
(0.545428 20.0007 0)
(0.545428 20.0007 0)
(0.545428 20.0007 0)
(0.545428 20.0007 0)
(0.545428 20.0007 0)
(0.545428 20.0007 0)
(0.545428 20.0007 0)
(0.545428 20.0007 0)
(0.545428 20.0007 0)
(0.545428 20.0007 0)
(0.545428 20.0007 0)
(0.545428 20.0007 0)
(0.545428 20.0007 0)
(0.545428 20.0007 0)
(0.545428 20.0007 0)
(0.545428 20.0007 0)
(0.545428 20.0007 0)
(0.545428 20.0007 0)
(0.545429 20.0007 0)
(0.545429 20.0007 0)
(0.545429 20.0007 0)
(0.545429 20.0007 0)
(0.54543 20.0007 0)
(0.545431 20.0006 0)
(0.545432 20.0006 0)
(0.545434 20.0006 0)
(0.545438 20.0006 0)
(0.545442 20.0006 0)
(0.545449 20.0006 0)
(0.54546 20.0006 0)
(0.545476 20.0005 0)
(0.5455 20.0005 0)
(0.545539 20.0004 0)
(0.545599 20.0003 0)
(0.545698 20.0001 0)
(0.545865 19.9998 0)
(0.546151 19.9995 0)
(0.546671 19.999 0)
(0.547595 19.9984 0)
(0.549359 19.9977 0)
(0.552148 19.9972 0)
(0.556631 19.9969 0)
(0.401672 19.5996 0)
(0.413319 19.6663 0)
(0.436927 19.7343 0)
(0.453937 19.7887 0)
(0.463762 19.8318 0)
(0.470428 19.8656 0)
(0.474931 19.8926 0)
(0.478552 19.9141 0)
(0.481395 19.9313 0)
(0.483741 19.9451 0)
(0.485641 19.9562 0)
(0.487194 19.9651 0)
(0.488452 19.9722 0)
(0.48947 19.9779 0)
(0.49029 19.9824 0)
(0.490948 19.9861 0)
(0.491475 19.9891 0)
(0.491896 19.9914 0)
(0.492231 19.9933 0)
(0.492497 19.9948 0)
(0.492709 19.996 0)
(0.492876 19.9969 0)
(0.493008 19.9977 0)
(0.493113 19.9983 0)
(0.493196 19.9988 0)
(0.493261 19.9992 0)
(0.493312 19.9995 0)
(0.493352 19.9997 0)
(0.493384 19.9999 0)
(0.493408 20.0001 0)
(0.493428 20.0002 0)
(0.493443 20.0003 0)
(0.493455 20.0004 0)
(0.493464 20.0004 0)
(0.493472 20.0005 0)
(0.493477 20.0005 0)
(0.493482 20.0006 0)
(0.493485 20.0006 0)
(0.493488 20.0006 0)
(0.49349 20.0006 0)
(0.493492 20.0006 0)
(0.493493 20.0006 0)
(0.493494 20.0006 0)
(0.493495 20.0006 0)
(0.493496 20.0006 0)
(0.493496 20.0006 0)
(0.493496 20.0006 0)
(0.493497 20.0006 0)
(0.493497 20.0006 0)
(0.493497 20.0007 0)
(0.493497 20.0007 0)
(0.493497 20.0007 0)
(0.493497 20.0007 0)
(0.493497 20.0007 0)
(0.493497 20.0007 0)
(0.493498 20.0007 0)
(0.493498 20.0007 0)
(0.493498 20.0007 0)
(0.493498 20.0007 0)
(0.493498 20.0007 0)
(0.493498 20.0007 0)
(0.493498 20.0007 0)
(0.493498 20.0007 0)
(0.493498 20.0007 0)
(0.493498 20.0007 0)
(0.493498 20.0007 0)
(0.493498 20.0007 0)
(0.493498 20.0007 0)
(0.493498 20.0007 0)
(0.493498 20.0007 0)
(0.493498 20.0007 0)
(0.493498 20.0007 0)
(0.493498 20.0007 0)
(0.493498 20.0007 0)
(0.493498 20.0007 0)
(0.493498 20.0007 0)
(0.493498 20.0007 0)
(0.493498 20.0007 0)
(0.493499 20.0007 0)
(0.493499 20.0007 0)
(0.4935 20.0006 0)
(0.493501 20.0006 0)
(0.493502 20.0006 0)
(0.493504 20.0006 0)
(0.493507 20.0006 0)
(0.493512 20.0006 0)
(0.493519 20.0006 0)
(0.493529 20.0006 0)
(0.493545 20.0005 0)
(0.493569 20.0005 0)
(0.493608 20.0004 0)
(0.493668 20.0002 0)
(0.493768 20 0)
(0.493937 19.9998 0)
(0.49423 19.9993 0)
(0.494763 19.9988 0)
(0.49571 19.998 0)
(0.497508 19.997 0)
(0.500316 19.9959 0)
(0.504741 19.995 0)
(0.358129 19.5795 0)
(0.367504 19.6437 0)
(0.388402 19.7146 0)
(0.403864 19.7734 0)
(0.413134 19.8198 0)
(0.419441 19.8561 0)
(0.423755 19.8849 0)
(0.427214 19.9079 0)
(0.429938 19.9263 0)
(0.432184 19.9411 0)
(0.434004 19.9529 0)
(0.435494 19.9624 0)
(0.436701 19.9701 0)
(0.437678 19.9762 0)
(0.438465 19.9811 0)
(0.439098 19.985 0)
(0.439604 19.9882 0)
(0.440009 19.9907 0)
(0.440332 19.9927 0)
(0.440588 19.9943 0)
(0.440792 19.9956 0)
(0.440953 19.9967 0)
(0.441081 19.9975 0)
(0.441182 19.9981 0)
(0.441262 19.9987 0)
(0.441325 19.9991 0)
(0.441374 19.9994 0)
(0.441413 19.9997 0)
(0.441444 19.9999 0)
(0.441468 20 0)
(0.441487 20.0002 0)
(0.441502 20.0003 0)
(0.441513 20.0004 0)
(0.441523 20.0004 0)
(0.44153 20.0005 0)
(0.441535 20.0005 0)
(0.44154 20.0005 0)
(0.441543 20.0006 0)
(0.441546 20.0006 0)
(0.441548 20.0006 0)
(0.44155 20.0006 0)
(0.441551 20.0006 0)
(0.441552 20.0006 0)
(0.441553 20.0006 0)
(0.441553 20.0006 0)
(0.441554 20.0006 0)
(0.441554 20.0006 0)
(0.441554 20.0006 0)
(0.441555 20.0006 0)
(0.441555 20.0006 0)
(0.441555 20.0007 0)
(0.441555 20.0007 0)
(0.441555 20.0007 0)
(0.441555 20.0007 0)
(0.441555 20.0007 0)
(0.441555 20.0007 0)
(0.441555 20.0007 0)
(0.441555 20.0007 0)
(0.441555 20.0007 0)
(0.441555 20.0007 0)
(0.441555 20.0007 0)
(0.441555 20.0007 0)
(0.441555 20.0007 0)
(0.441555 20.0007 0)
(0.441555 20.0007 0)
(0.441555 20.0007 0)
(0.441555 20.0007 0)
(0.441556 20.0007 0)
(0.441556 20.0007 0)
(0.441556 20.0007 0)
(0.441556 20.0007 0)
(0.441556 20.0007 0)
(0.441556 20.0007 0)
(0.441556 20.0007 0)
(0.441556 20.0007 0)
(0.441556 20.0007 0)
(0.441556 20.0007 0)
(0.441556 20.0007 0)
(0.441556 20.0007 0)
(0.441557 20.0007 0)
(0.441557 20.0006 0)
(0.441558 20.0006 0)
(0.44156 20.0006 0)
(0.441562 20.0006 0)
(0.441565 20.0006 0)
(0.441569 20.0006 0)
(0.441576 20.0006 0)
(0.441586 20.0006 0)
(0.441601 20.0005 0)
(0.441625 20.0004 0)
(0.441662 20.0003 0)
(0.441722 20.0002 0)
(0.441819 20 0)
(0.441987 19.9997 0)
(0.442277 19.9992 0)
(0.442809 19.9985 0)
(0.443751 19.9976 0)
(0.445529 19.9962 0)
(0.448273 19.9945 0)
(0.452517 19.9931 0)
(0.315083 19.5622 0)
(0.322599 19.6239 0)
(0.34079 19.6971 0)
(0.354578 19.7595 0)
(0.363107 19.8089 0)
(0.368933 19.8474 0)
(0.372963 19.8779 0)
(0.376188 19.9023 0)
(0.378734 19.9218 0)
(0.380831 19.9374 0)
(0.382533 19.95 0)
(0.383926 19.9601 0)
(0.385055 19.9682 0)
(0.385971 19.9747 0)
(0.386708 19.9799 0)
(0.387301 19.9841 0)
(0.387776 19.9874 0)
(0.388155 19.9901 0)
(0.388458 19.9922 0)
(0.388698 19.9939 0)
(0.388889 19.9953 0)
(0.389041 19.9964 0)
(0.389161 19.9973 0)
(0.389256 19.998 0)
(0.389331 19.9985 0)
(0.389391 19.999 0)
(0.389437 19.9993 0)
(0.389474 19.9996 0)
(0.389503 19.9998 0)
(0.389526 20 0)
(0.389544 20.0001 0)
(0.389558 20.0002 0)
(0.389569 20.0003 0)
(0.389578 20.0004 0)
(0.389585 20.0005 0)
(0.38959 20.0005 0)
(0.389594 20.0005 0)
(0.389598 20.0006 0)
(0.3896 20.0006 0)
(0.389602 20.0006 0)
(0.389604 20.0006 0)
(0.389605 20.0006 0)
(0.389606 20.0006 0)
(0.389607 20.0006 0)
(0.389607 20.0006 0)
(0.389608 20.0006 0)
(0.389608 20.0006 0)
(0.389608 20.0006 0)
(0.389609 20.0006 0)
(0.389609 20.0006 0)
(0.389609 20.0006 0)
(0.389609 20.0007 0)
(0.389609 20.0007 0)
(0.389609 20.0007 0)
(0.389609 20.0007 0)
(0.389609 20.0007 0)
(0.389609 20.0007 0)
(0.389609 20.0007 0)
(0.389609 20.0007 0)
(0.389609 20.0007 0)
(0.389609 20.0007 0)
(0.389609 20.0007 0)
(0.389609 20.0007 0)
(0.389609 20.0007 0)
(0.389609 20.0007 0)
(0.389609 20.0007 0)
(0.389609 20.0007 0)
(0.389609 20.0007 0)
(0.389609 20.0007 0)
(0.389609 20.0007 0)
(0.389609 20.0007 0)
(0.389609 20.0007 0)
(0.38961 20.0007 0)
(0.38961 20.0007 0)
(0.38961 20.0007 0)
(0.38961 20.0007 0)
(0.38961 20.0007 0)
(0.38961 20.0007 0)
(0.38961 20.0007 0)
(0.389611 20.0006 0)
(0.389611 20.0006 0)
(0.389612 20.0006 0)
(0.389613 20.0006 0)
(0.389615 20.0006 0)
(0.389618 20.0006 0)
(0.389622 20.0006 0)
(0.389629 20.0006 0)
(0.389638 20.0006 0)
(0.389653 20.0005 0)
(0.389675 20.0004 0)
(0.38971 20.0003 0)
(0.389767 20.0002 0)
(0.38986 19.9999 0)
(0.390021 19.9996 0)
(0.390302 19.9991 0)
(0.390816 19.9983 0)
(0.391725 19.9971 0)
(0.393431 19.9955 0)
(0.396035 19.9932 0)
(0.399994 19.9912 0)
(0.272425 19.5474 0)
(0.278407 19.6067 0)
(0.293946 19.6817 0)
(0.305974 19.7473 0)
(0.313614 19.7993 0)
(0.318856 19.8397 0)
(0.322517 19.8717 0)
(0.325443 19.8972 0)
(0.327758 19.9177 0)
(0.329664 19.9341 0)
(0.331212 19.9474 0)
(0.332479 19.958 0)
(0.333508 19.9665 0)
(0.334341 19.9733 0)
(0.335013 19.9788 0)
(0.335554 19.9832 0)
(0.335987 19.9867 0)
(0.336333 19.9895 0)
(0.336609 19.9918 0)
(0.336828 19.9936 0)
(0.337003 19.995 0)
(0.337141 19.9962 0)
(0.337251 19.9971 0)
(0.337338 19.9978 0)
(0.337407 19.9984 0)
(0.337461 19.9989 0)
(0.337504 19.9992 0)
(0.337538 19.9995 0)
(0.337564 19.9998 0)
(0.337585 19.9999 0)
(0.337602 20.0001 0)
(0.337615 20.0002 0)
(0.337625 20.0003 0)
(0.337633 20.0004 0)
(0.337639 20.0004 0)
(0.337644 20.0005 0)
(0.337648 20.0005 0)
(0.337651 20.0005 0)
(0.337653 20.0006 0)
(0.337655 20.0006 0)
(0.337657 20.0006 0)
(0.337658 20.0006 0)
(0.337659 20.0006 0)
(0.33766 20.0006 0)
(0.33766 20.0006 0)
(0.33766 20.0006 0)
(0.337661 20.0006 0)
(0.337661 20.0006 0)
(0.337661 20.0006 0)
(0.337661 20.0006 0)
(0.337662 20.0006 0)
(0.337662 20.0006 0)
(0.337662 20.0007 0)
(0.337662 20.0007 0)
(0.337662 20.0007 0)
(0.337662 20.0007 0)
(0.337662 20.0007 0)
(0.337662 20.0007 0)
(0.337662 20.0007 0)
(0.337662 20.0007 0)
(0.337662 20.0007 0)
(0.337662 20.0007 0)
(0.337662 20.0007 0)
(0.337662 20.0007 0)
(0.337662 20.0007 0)
(0.337662 20.0007 0)
(0.337662 20.0007 0)
(0.337662 20.0007 0)
(0.337662 20.0007 0)
(0.337662 20.0007 0)
(0.337662 20.0007 0)
(0.337662 20.0007 0)
(0.337662 20.0007 0)
(0.337662 20.0007 0)
(0.337662 20.0007 0)
(0.337662 20.0007 0)
(0.337662 20.0007 0)
(0.337663 20.0007 0)
(0.337663 20.0007 0)
(0.337663 20.0006 0)
(0.337664 20.0006 0)
(0.337664 20.0006 0)
(0.337666 20.0006 0)
(0.337667 20.0006 0)
(0.33767 20.0006 0)
(0.337674 20.0006 0)
(0.33768 20.0006 0)
(0.337688 20.0005 0)
(0.337702 20.0005 0)
(0.337722 20.0004 0)
(0.337755 20.0003 0)
(0.337807 20.0001 0)
(0.337894 19.9999 0)
(0.338044 19.9995 0)
(0.338306 19.9989 0)
(0.338788 19.9981 0)
(0.339637 19.9967 0)
(0.341222 19.9947 0)
(0.343619 19.992 0)
(0.347206 19.9895 0)
(0.230071 19.535 0)
(0.234772 19.5923 0)
(0.247734 19.6685 0)
(0.257952 19.7367 0)
(0.264584 19.7909 0)
(0.269156 19.833 0)
(0.272375 19.8663 0)
(0.274947 19.8929 0)
(0.276984 19.9142 0)
(0.278661 19.9313 0)
(0.280025 19.9451 0)
(0.281141 19.9561 0)
(0.282047 19.965 0)
(0.282782 19.9721 0)
(0.283375 19.9778 0)
(0.283851 19.9824 0)
(0.284233 19.9861 0)
(0.284539 19.989 0)
(0.284782 19.9914 0)
(0.284976 19.9932 0)
(0.285131 19.9948 0)
(0.285253 19.996 0)
(0.28535 19.9969 0)
(0.285427 19.9977 0)
(0.285488 19.9983 0)
(0.285536 19.9988 0)
(0.285574 19.9992 0)
(0.285603 19.9995 0)
(0.285627 19.9997 0)
(0.285646 19.9999 0)
(0.28566 20.0001 0)
(0.285672 20.0002 0)
(0.285681 20.0003 0)
(0.285688 20.0004 0)
(0.285694 20.0004 0)
(0.285698 20.0005 0)
(0.285702 20.0005 0)
(0.285704 20.0005 0)
(0.285706 20.0006 0)
(0.285708 20.0006 0)
(0.285709 20.0006 0)
(0.285711 20.0006 0)
(0.285711 20.0006 0)
(0.285712 20.0006 0)
(0.285712 20.0006 0)
(0.285713 20.0006 0)
(0.285713 20.0006 0)
(0.285713 20.0006 0)
(0.285713 20.0006 0)
(0.285714 20.0006 0)
(0.285714 20.0006 0)
(0.285714 20.0006 0)
(0.285714 20.0007 0)
(0.285714 20.0007 0)
(0.285714 20.0007 0)
(0.285714 20.0007 0)
(0.285714 20.0007 0)
(0.285714 20.0007 0)
(0.285714 20.0007 0)
(0.285714 20.0007 0)
(0.285714 20.0007 0)
(0.285714 20.0007 0)
(0.285714 20.0007 0)
(0.285714 20.0007 0)
(0.285714 20.0007 0)
(0.285714 20.0007 0)
(0.285714 20.0007 0)
(0.285714 20.0007 0)
(0.285714 20.0007 0)
(0.285714 20.0007 0)
(0.285714 20.0007 0)
(0.285714 20.0007 0)
(0.285714 20.0007 0)
(0.285714 20.0007 0)
(0.285714 20.0007 0)
(0.285714 20.0007 0)
(0.285714 20.0007 0)
(0.285715 20.0007 0)
(0.285715 20.0006 0)
(0.285715 20.0006 0)
(0.285716 20.0006 0)
(0.285716 20.0006 0)
(0.285717 20.0006 0)
(0.285719 20.0006 0)
(0.285721 20.0006 0)
(0.285725 20.0006 0)
(0.28573 20.0006 0)
(0.285738 20.0005 0)
(0.285749 20.0005 0)
(0.285768 20.0004 0)
(0.285796 20.0003 0)
(0.285843 20.0001 0)
(0.285921 19.9998 0)
(0.286056 19.9994 0)
(0.286293 19.9988 0)
(0.286727 19.9978 0)
(0.287492 19.9964 0)
(0.288912 19.9941 0)
(0.291042 19.9909 0)
(0.294187 19.9879 0)
(0.187952 19.5249 0)
(0.191566 19.5803 0)
(0.202034 19.6574 0)
(0.210412 19.7278 0)
(0.215946 19.7839 0)
(0.219777 19.8274 0)
(0.222493 19.8618 0)
(0.224662 19.8892 0)
(0.226383 19.9112 0)
(0.2278 19.9289 0)
(0.228952 19.9431 0)
(0.229895 19.9546 0)
(0.230662 19.9637 0)
(0.231283 19.9711 0)
(0.231785 19.977 0)
(0.232188 19.9818 0)
(0.232511 19.9856 0)
(0.23277 19.9886 0)
(0.232976 19.991 0)
(0.23314 19.993 0)
(0.233271 19.9945 0)
(0.233375 19.9958 0)
(0.233457 19.9968 0)
(0.233522 19.9976 0)
(0.233574 19.9982 0)
(0.233614 19.9987 0)
(0.233646 19.9991 0)
(0.233672 19.9994 0)
(0.233692 19.9997 0)
(0.233708 19.9999 0)
(0.23372 20 0)
(0.23373 20.0002 0)
(0.233738 20.0003 0)
(0.233744 20.0004 0)
(0.233749 20.0004 0)
(0.233752 20.0005 0)
(0.233755 20.0005 0)
(0.233758 20.0005 0)
(0.23376 20.0006 0)
(0.233761 20.0006 0)
(0.233762 20.0006 0)
(0.233763 20.0006 0)
(0.233764 20.0006 0)
(0.233764 20.0006 0)
(0.233765 20.0006 0)
(0.233765 20.0006 0)
(0.233765 20.0006 0)
(0.233765 20.0006 0)
(0.233766 20.0006 0)
(0.233766 20.0006 0)
(0.233766 20.0006 0)
(0.233766 20.0006 0)
(0.233766 20.0006 0)
(0.233766 20.0007 0)
(0.233766 20.0007 0)
(0.233766 20.0007 0)
(0.233766 20.0007 0)
(0.233766 20.0007 0)
(0.233766 20.0007 0)
(0.233766 20.0007 0)
(0.233766 20.0007 0)
(0.233766 20.0007 0)
(0.233766 20.0007 0)
(0.233766 20.0007 0)
(0.233766 20.0007 0)
(0.233766 20.0007 0)
(0.233766 20.0007 0)
(0.233766 20.0007 0)
(0.233766 20.0007 0)
(0.233766 20.0007 0)
(0.233766 20.0007 0)
(0.233766 20.0007 0)
(0.233766 20.0007 0)
(0.233766 20.0007 0)
(0.233766 20.0007 0)
(0.233766 20.0007 0)
(0.233766 20.0007 0)
(0.233767 20.0007 0)
(0.233767 20.0006 0)
(0.233767 20.0006 0)
(0.233767 20.0006 0)
(0.233768 20.0006 0)
(0.233769 20.0006 0)
(0.23377 20.0006 0)
(0.233772 20.0006 0)
(0.233775 20.0006 0)
(0.233779 20.0006 0)
(0.233786 20.0005 0)
(0.233796 20.0005 0)
(0.233812 20.0004 0)
(0.233836 20.0003 0)
(0.233876 20.0001 0)
(0.233943 19.9998 0)
(0.234059 19.9994 0)
(0.234263 19.9987 0)
(0.234638 19.9977 0)
(0.235295 19.996 0)
(0.236512 19.9935 0)
(0.238325 19.9899 0)
(0.240971 19.9866 0)
(0.146013 19.5169 0)
(0.148686 19.5709 0)
(0.156737 19.6486 0)
(0.16326 19.7207 0)
(0.167628 19.7782 0)
(0.170663 19.8228 0)
(0.172825 19.8581 0)
(0.174553 19.8862 0)
(0.175925 19.9088 0)
(0.177055 19.9269 0)
(0.177974 19.9416 0)
(0.178726 19.9533 0)
(0.179338 19.9627 0)
(0.179834 19.9703 0)
(0.180235 19.9764 0)
(0.180557 19.9812 0)
(0.180815 19.9851 0)
(0.181021 19.9883 0)
(0.181186 19.9908 0)
(0.181317 19.9928 0)
(0.181422 19.9944 0)
(0.181505 19.9956 0)
(0.18157 19.9967 0)
(0.181623 19.9975 0)
(0.181664 19.9981 0)
(0.181696 19.9986 0)
(0.181722 19.9991 0)
(0.181742 19.9994 0)
(0.181759 19.9996 0)
(0.181771 19.9999 0)
(0.181781 20 0)
(0.181789 20.0002 0)
(0.181795 20.0003 0)
(0.1818 20.0003 0)
(0.181804 20.0004 0)
(0.181807 20.0005 0)
(0.181809 20.0005 0)
(0.181811 20.0005 0)
(0.181813 20.0006 0)
(0.181814 20.0006 0)
(0.181815 20.0006 0)
(0.181816 20.0006 0)
(0.181816 20.0006 0)
(0.181817 20.0006 0)
(0.181817 20.0006 0)
(0.181817 20.0006 0)
(0.181817 20.0006 0)
(0.181818 20.0006 0)
(0.181818 20.0006 0)
(0.181818 20.0006 0)
(0.181818 20.0006 0)
(0.181818 20.0006 0)
(0.181818 20.0006 0)
(0.181818 20.0007 0)
(0.181818 20.0007 0)
(0.181818 20.0007 0)
(0.181818 20.0007 0)
(0.181818 20.0007 0)
(0.181818 20.0007 0)
(0.181818 20.0007 0)
(0.181818 20.0007 0)
(0.181818 20.0007 0)
(0.181818 20.0007 0)
(0.181818 20.0007 0)
(0.181818 20.0007 0)
(0.181818 20.0007 0)
(0.181818 20.0007 0)
(0.181818 20.0007 0)
(0.181818 20.0007 0)
(0.181818 20.0007 0)
(0.181818 20.0007 0)
(0.181818 20.0007 0)
(0.181818 20.0007 0)
(0.181818 20.0007 0)
(0.181818 20.0007 0)
(0.181818 20.0007 0)
(0.181818 20.0007 0)
(0.181818 20.0007 0)
(0.181819 20.0006 0)
(0.181819 20.0006 0)
(0.181819 20.0006 0)
(0.18182 20.0006 0)
(0.18182 20.0006 0)
(0.181821 20.0006 0)
(0.181823 20.0006 0)
(0.181825 20.0006 0)
(0.181829 20.0006 0)
(0.181834 20.0005 0)
(0.181842 20.0005 0)
(0.181855 20.0004 0)
(0.181874 20.0003 0)
(0.181906 20.0001 0)
(0.18196 19.9998 0)
(0.182054 19.9993 0)
(0.18222 19.9986 0)
(0.182523 19.9975 0)
(0.183055 19.9958 0)
(0.184036 19.993 0)
(0.18549 19.9891 0)
(0.187592 19.9854 0)
(0.104205 19.511 0)
(0.106043 19.5638 0)
(0.111744 19.642 0)
(0.116405 19.7153 0)
(0.119558 19.7739 0)
(0.121754 19.8194 0)
(0.123326 19.8553 0)
(0.124582 19.8839 0)
(0.12558 19.907 0)
(0.126402 19.9255 0)
(0.12707 19.9404 0)
(0.127618 19.9523 0)
(0.128063 19.962 0)
(0.128424 19.9697 0)
(0.128716 19.9759 0)
(0.128951 19.9808 0)
(0.129139 19.9848 0)
(0.129289 19.988 0)
(0.129409 19.9906 0)
(0.129505 19.9926 0)
(0.129581 19.9942 0)
(0.129641 19.9955 0)
(0.129689 19.9966 0)
(0.129727 19.9974 0)
(0.129757 19.9981 0)
(0.129781 19.9986 0)
(0.1298 19.999 0)
(0.129815 19.9994 0)
(0.129827 19.9996 0)
(0.129836 19.9998 0)
(0.129843 20 0)
(0.129849 20.0001 0)
(0.129853 20.0002 0)
(0.129857 20.0003 0)
(0.12986 20.0004 0)
(0.129862 20.0005 0)
(0.129864 20.0005 0)
(0.129865 20.0005 0)
(0.129866 20.0006 0)
(0.129867 20.0006 0)
(0.129868 20.0006 0)
(0.129868 20.0006 0)
(0.129869 20.0006 0)
(0.129869 20.0006 0)
(0.129869 20.0006 0)
(0.129869 20.0006 0)
(0.12987 20.0006 0)
(0.12987 20.0006 0)
(0.12987 20.0006 0)
(0.12987 20.0006 0)
(0.12987 20.0006 0)
(0.12987 20.0006 0)
(0.12987 20.0006 0)
(0.12987 20.0006 0)
(0.12987 20.0007 0)
(0.12987 20.0007 0)
(0.12987 20.0007 0)
(0.12987 20.0007 0)
(0.12987 20.0007 0)
(0.12987 20.0007 0)
(0.12987 20.0007 0)
(0.12987 20.0007 0)
(0.12987 20.0007 0)
(0.12987 20.0007 0)
(0.12987 20.0007 0)
(0.12987 20.0007 0)
(0.12987 20.0007 0)
(0.12987 20.0007 0)
(0.12987 20.0007 0)
(0.12987 20.0007 0)
(0.12987 20.0007 0)
(0.12987 20.0007 0)
(0.12987 20.0007 0)
(0.12987 20.0007 0)
(0.12987 20.0007 0)
(0.12987 20.0007 0)
(0.12987 20.0007 0)
(0.12987 20.0006 0)
(0.12987 20.0006 0)
(0.129871 20.0006 0)
(0.129871 20.0006 0)
(0.129871 20.0006 0)
(0.129872 20.0006 0)
(0.129872 20.0006 0)
(0.129874 20.0006 0)
(0.129875 20.0006 0)
(0.129878 20.0006 0)
(0.129882 20.0005 0)
(0.129888 20.0005 0)
(0.129897 20.0004 0)
(0.129911 20.0002 0)
(0.129935 20 0)
(0.129974 19.9997 0)
(0.130043 19.9993 0)
(0.130165 19.9985 0)
(0.130389 19.9974 0)
(0.13078 19.9955 0)
(0.131499 19.9927 0)
(0.132561 19.9884 0)
(0.134086 19.9846 0)
(0.0624882 19.507 0)
(0.0635634 19.5591 0)
(0.0669636 19.6376 0)
(0.0697602 19.7117 0)
(0.0716644 19.771 0)
(0.0729936 19.8171 0)
(0.0739473 19.8534 0)
(0.0747094 19.8824 0)
(0.0753154 19.9057 0)
(0.0758141 19.9245 0)
(0.0762202 19.9396 0)
(0.0765529 19.9517 0)
(0.0768234 19.9614 0)
(0.0770429 19.9693 0)
(0.0772201 19.9755 0)
(0.0773627 19.9806 0)
(0.0774771 19.9846 0)
(0.0775686 19.9878 0)
(0.0776416 19.9904 0)
(0.0776998 19.9925 0)
(0.0777461 19.9941 0)
(0.0777829 19.9955 0)
(0.077812 19.9965 0)
(0.0778352 19.9974 0)
(0.0778535 19.998 0)
(0.077868 19.9986 0)
(0.0778794 19.999 0)
(0.0778884 19.9993 0)
(0.0778955 19.9996 0)
(0.0779012 19.9998 0)
(0.0779056 20 0)
(0.0779091 20.0001 0)
(0.0779118 20.0002 0)
(0.077914 20.0003 0)
(0.0779157 20.0004 0)
(0.0779171 20.0004 0)
(0.0779182 20.0005 0)
(0.077919 20.0005 0)
(0.0779197 20.0006 0)
(0.0779202 20.0006 0)
(0.0779206 20.0006 0)
(0.077921 20.0006 0)
(0.0779212 20.0006 0)
(0.0779214 20.0006 0)
(0.0779215 20.0006 0)
(0.0779217 20.0006 0)
(0.0779217 20.0006 0)
(0.0779218 20.0006 0)
(0.0779219 20.0006 0)
(0.0779219 20.0006 0)
(0.0779219 20.0006 0)
(0.077922 20.0006 0)
(0.077922 20.0006 0)
(0.077922 20.0006 0)
(0.077922 20.0007 0)
(0.077922 20.0007 0)
(0.0779221 20.0007 0)
(0.0779221 20.0007 0)
(0.0779221 20.0007 0)
(0.0779221 20.0007 0)
(0.0779221 20.0007 0)
(0.0779221 20.0007 0)
(0.077922 20.0007 0)
(0.077922 20.0007 0)
(0.077922 20.0007 0)
(0.0779221 20.0007 0)
(0.0779221 20.0007 0)
(0.0779221 20.0007 0)
(0.0779221 20.0007 0)
(0.0779221 20.0007 0)
(0.0779221 20.0007 0)
(0.0779221 20.0007 0)
(0.0779221 20.0007 0)
(0.0779221 20.0007 0)
(0.0779222 20.0007 0)
(0.0779222 20.0007 0)
(0.0779222 20.0007 0)
(0.0779222 20.0006 0)
(0.0779223 20.0006 0)
(0.0779224 20.0006 0)
(0.0779225 20.0006 0)
(0.0779227 20.0006 0)
(0.077923 20.0006 0)
(0.0779235 20.0006 0)
(0.0779242 20.0006 0)
(0.0779252 20.0006 0)
(0.0779268 20.0006 0)
(0.0779291 20.0005 0)
(0.0779327 20.0005 0)
(0.0779382 20.0004 0)
(0.077947 20.0002 0)
(0.0779614 20 0)
(0.0779856 19.9997 0)
(0.0780279 19.9992 0)
(0.0781023 19.9985 0)
(0.0782392 19.9973 0)
(0.0784785 19.9954 0)
(0.0789177 19.9924 0)
(0.0795639 19.988 0)
(0.0804879 19.984 0)
(0.0208239 19.5051 0)
(0.0211778 19.5568 0)
(0.0223078 19.6354 0)
(0.02324 19.7099 0)
(0.0238768 19.7696 0)
(0.0243216 19.8159 0)
(0.0246411 19.8525 0)
(0.0248963 19.8817 0)
(0.0250993 19.9051 0)
(0.0252664 19.924 0)
(0.0254025 19.9392 0)
(0.025514 19.9514 0)
(0.0256047 19.9612 0)
(0.0256784 19.9691 0)
(0.0257379 19.9754 0)
(0.0257858 19.9804 0)
(0.0258243 19.9845 0)
(0.0258551 19.9877 0)
(0.0258797 19.9903 0)
(0.0258993 19.9924 0)
(0.0259149 19.9941 0)
(0.0259273 19.9954 0)
(0.0259371 19.9965 0)
(0.0259449 19.9973 0)
(0.025951 19.998 0)
(0.0259559 19.9985 0)
(0.0259598 19.999 0)
(0.0259628 19.9993 0)
(0.0259651 19.9996 0)
(0.025967 19.9998 0)
(0.0259685 20 0)
(0.0259697 20.0001 0)
(0.0259706 20.0002 0)
(0.0259713 20.0003 0)
(0.0259719 20.0004 0)
(0.0259724 20.0004 0)
(0.0259727 20.0005 0)
(0.025973 20.0005 0)
(0.0259733 20.0006 0)
(0.0259734 20.0006 0)
(0.0259736 20.0006 0)
(0.0259737 20.0006 0)
(0.0259738 20.0006 0)
(0.0259738 20.0006 0)
(0.0259739 20.0006 0)
(0.0259739 20.0006 0)
(0.0259739 20.0006 0)
(0.0259739 20.0006 0)
(0.0259739 20.0006 0)
(0.025974 20.0006 0)
(0.025974 20.0006 0)
(0.025974 20.0006 0)
(0.025974 20.0006 0)
(0.025974 20.0006 0)
(0.025974 20.0007 0)
(0.025974 20.0007 0)
(0.025974 20.0007 0)
(0.025974 20.0007 0)
(0.025974 20.0007 0)
(0.025974 20.0007 0)
(0.025974 20.0007 0)
(0.025974 20.0007 0)
(0.025974 20.0007 0)
(0.025974 20.0007 0)
(0.025974 20.0007 0)
(0.025974 20.0007 0)
(0.025974 20.0007 0)
(0.025974 20.0007 0)
(0.025974 20.0007 0)
(0.025974 20.0007 0)
(0.0259741 20.0007 0)
(0.0259741 20.0007 0)
(0.0259741 20.0007 0)
(0.0259741 20.0007 0)
(0.0259741 20.0007 0)
(0.0259741 20.0007 0)
(0.0259741 20.0007 0)
(0.0259741 20.0006 0)
(0.0259741 20.0006 0)
(0.0259741 20.0006 0)
(0.0259742 20.0006 0)
(0.0259742 20.0006 0)
(0.0259743 20.0006 0)
(0.0259745 20.0006 0)
(0.0259747 20.0006 0)
(0.0259751 20.0006 0)
(0.0259756 20.0006 0)
(0.0259764 20.0005 0)
(0.0259776 20.0005 0)
(0.0259794 20.0004 0)
(0.0259824 20.0002 0)
(0.0259872 20 0)
(0.0259953 19.9997 0)
(0.0260096 19.9992 0)
(0.0260346 19.9985 0)
(0.0260807 19.9973 0)
(0.0261613 19.9953 0)
(0.0263089 19.9923 0)
(0.0265259 19.9878 0)
(0.0268354 19.9837 0)
(-0.0208231 19.5051 0)
(-0.0211768 19.5568 0)
(-0.0223066 19.6354 0)
(-0.0232388 19.7099 0)
(-0.0238757 19.7696 0)
(-0.0243209 19.8159 0)
(-0.0246409 19.8525 0)
(-0.0248969 19.8817 0)
(-0.0251005 19.9051 0)
(-0.0252681 19.924 0)
(-0.0254045 19.9392 0)
(-0.0255162 19.9514 0)
(-0.0256069 19.9612 0)
(-0.0256804 19.9691 0)
(-0.0257397 19.9754 0)
(-0.0257874 19.9804 0)
(-0.0258255 19.9845 0)
(-0.025856 19.9877 0)
(-0.0258804 19.9903 0)
(-0.0258997 19.9924 0)
(-0.0259151 19.9941 0)
(-0.0259273 19.9954 0)
(-0.0259371 19.9965 0)
(-0.0259448 19.9973 0)
(-0.0259509 19.998 0)
(-0.0259557 19.9985 0)
(-0.0259596 19.999 0)
(-0.0259626 19.9993 0)
(-0.025965 19.9996 0)
(-0.0259669 19.9998 0)
(-0.0259685 20 0)
(-0.0259697 20.0001 0)
(-0.0259706 20.0002 0)
(-0.0259713 20.0003 0)
(-0.0259719 20.0004 0)
(-0.0259724 20.0004 0)
(-0.0259727 20.0005 0)
(-0.025973 20.0005 0)
(-0.0259732 20.0006 0)
(-0.0259733 20.0006 0)
(-0.0259735 20.0006 0)
(-0.0259736 20.0006 0)
(-0.0259737 20.0006 0)
(-0.0259737 20.0006 0)
(-0.0259738 20.0006 0)
(-0.0259739 20.0006 0)
(-0.0259739 20.0006 0)
(-0.025974 20.0006 0)
(-0.025974 20.0006 0)
(-0.025974 20.0006 0)
(-0.025974 20.0006 0)
(-0.025974 20.0006 0)
(-0.025974 20.0006 0)
(-0.025974 20.0006 0)
(-0.025974 20.0007 0)
(-0.025974 20.0007 0)
(-0.025974 20.0007 0)
(-0.025974 20.0007 0)
(-0.025974 20.0007 0)
(-0.025974 20.0007 0)
(-0.025974 20.0007 0)
(-0.025974 20.0007 0)
(-0.025974 20.0007 0)
(-0.025974 20.0007 0)
(-0.025974 20.0007 0)
(-0.025974 20.0007 0)
(-0.025974 20.0007 0)
(-0.025974 20.0007 0)
(-0.025974 20.0007 0)
(-0.025974 20.0007 0)
(-0.025974 20.0007 0)
(-0.025974 20.0007 0)
(-0.025974 20.0007 0)
(-0.025974 20.0007 0)
(-0.025974 20.0007 0)
(-0.025974 20.0007 0)
(-0.025974 20.0007 0)
(-0.025974 20.0006 0)
(-0.0259741 20.0006 0)
(-0.0259741 20.0006 0)
(-0.0259742 20.0006 0)
(-0.0259742 20.0006 0)
(-0.0259744 20.0006 0)
(-0.0259745 20.0006 0)
(-0.0259747 20.0006 0)
(-0.0259751 20.0006 0)
(-0.0259756 20.0006 0)
(-0.0259764 20.0005 0)
(-0.0259776 20.0005 0)
(-0.0259795 20.0004 0)
(-0.0259825 20.0002 0)
(-0.0259873 20 0)
(-0.0259955 19.9997 0)
(-0.0260097 19.9992 0)
(-0.0260347 19.9985 0)
(-0.0260808 19.9973 0)
(-0.0261613 19.9953 0)
(-0.0263089 19.9923 0)
(-0.0265258 19.9878 0)
(-0.0268354 19.9837 0)
(-0.0624874 19.507 0)
(-0.0635624 19.5591 0)
(-0.0669624 19.6376 0)
(-0.069759 19.7117 0)
(-0.0716634 19.771 0)
(-0.0729929 19.8171 0)
(-0.0739471 19.8534 0)
(-0.0747099 19.8824 0)
(-0.0753165 19.9057 0)
(-0.0758158 19.9245 0)
(-0.0762222 19.9396 0)
(-0.0765551 19.9517 0)
(-0.0768256 19.9614 0)
(-0.077045 19.9693 0)
(-0.0772219 19.9755 0)
(-0.0773642 19.9806 0)
(-0.0774783 19.9846 0)
(-0.0775695 19.9878 0)
(-0.0776423 19.9904 0)
(-0.0777002 19.9925 0)
(-0.0777463 19.9941 0)
(-0.0777829 19.9955 0)
(-0.077812 19.9965 0)
(-0.0778351 19.9974 0)
(-0.0778533 19.998 0)
(-0.0778678 19.9986 0)
(-0.0778792 19.999 0)
(-0.0778883 19.9993 0)
(-0.0778954 19.9996 0)
(-0.0779011 19.9998 0)
(-0.0779056 20 0)
(-0.0779091 20.0001 0)
(-0.0779119 20.0002 0)
(-0.077914 20.0003 0)
(-0.0779158 20.0004 0)
(-0.0779171 20.0004 0)
(-0.0779182 20.0005 0)
(-0.077919 20.0005 0)
(-0.0779196 20.0006 0)
(-0.0779201 20.0006 0)
(-0.0779205 20.0006 0)
(-0.0779209 20.0006 0)
(-0.0779211 20.0006 0)
(-0.0779213 20.0006 0)
(-0.0779215 20.0006 0)
(-0.0779216 20.0006 0)
(-0.0779217 20.0006 0)
(-0.0779218 20.0006 0)
(-0.0779219 20.0006 0)
(-0.0779219 20.0006 0)
(-0.077922 20.0006 0)
(-0.077922 20.0006 0)
(-0.077922 20.0006 0)
(-0.077922 20.0006 0)
(-0.077922 20.0007 0)
(-0.077922 20.0007 0)
(-0.077922 20.0007 0)
(-0.077922 20.0007 0)
(-0.077922 20.0007 0)
(-0.0779221 20.0007 0)
(-0.0779221 20.0007 0)
(-0.0779221 20.0007 0)
(-0.0779221 20.0007 0)
(-0.0779221 20.0007 0)
(-0.0779221 20.0007 0)
(-0.0779221 20.0007 0)
(-0.0779221 20.0007 0)
(-0.0779221 20.0007 0)
(-0.0779221 20.0007 0)
(-0.0779221 20.0007 0)
(-0.0779221 20.0007 0)
(-0.077922 20.0007 0)
(-0.0779221 20.0007 0)
(-0.0779221 20.0007 0)
(-0.0779221 20.0007 0)
(-0.0779221 20.0007 0)
(-0.0779221 20.0007 0)
(-0.0779222 20.0006 0)
(-0.0779223 20.0006 0)
(-0.0779224 20.0006 0)
(-0.0779225 20.0006 0)
(-0.0779227 20.0006 0)
(-0.077923 20.0006 0)
(-0.0779235 20.0006 0)
(-0.0779242 20.0006 0)
(-0.0779252 20.0006 0)
(-0.0779268 20.0006 0)
(-0.0779292 20.0005 0)
(-0.0779328 20.0005 0)
(-0.0779383 20.0004 0)
(-0.0779472 20.0002 0)
(-0.0779616 20 0)
(-0.0779857 19.9997 0)
(-0.078028 19.9992 0)
(-0.0781024 19.9985 0)
(-0.0782392 19.9973 0)
(-0.0784785 19.9954 0)
(-0.0789176 19.9924 0)
(-0.0795638 19.988 0)
(-0.0804879 19.984 0)
(-0.104204 19.511 0)
(-0.106042 19.5638 0)
(-0.111743 19.642 0)
(-0.116404 19.7153 0)
(-0.119557 19.7739 0)
(-0.121754 19.8194 0)
(-0.123326 19.8553 0)
(-0.124583 19.8839 0)
(-0.125581 19.907 0)
(-0.126403 19.9255 0)
(-0.127072 19.9404 0)
(-0.12762 19.9523 0)
(-0.128065 19.962 0)
(-0.128427 19.9697 0)
(-0.128718 19.9759 0)
(-0.128952 19.9808 0)
(-0.12914 19.9848 0)
(-0.12929 19.988 0)
(-0.12941 19.9906 0)
(-0.129505 19.9926 0)
(-0.129581 19.9942 0)
(-0.129641 19.9955 0)
(-0.129689 19.9966 0)
(-0.129727 19.9974 0)
(-0.129757 19.9981 0)
(-0.129781 19.9986 0)
(-0.1298 19.999 0)
(-0.129815 19.9994 0)
(-0.129826 19.9996 0)
(-0.129836 19.9998 0)
(-0.129843 20 0)
(-0.129849 20.0001 0)
(-0.129853 20.0002 0)
(-0.129857 20.0003 0)
(-0.12986 20.0004 0)
(-0.129862 20.0005 0)
(-0.129864 20.0005 0)
(-0.129865 20.0005 0)
(-0.129866 20.0006 0)
(-0.129867 20.0006 0)
(-0.129868 20.0006 0)
(-0.129868 20.0006 0)
(-0.129869 20.0006 0)
(-0.129869 20.0006 0)
(-0.129869 20.0006 0)
(-0.129869 20.0006 0)
(-0.12987 20.0006 0)
(-0.12987 20.0006 0)
(-0.12987 20.0006 0)
(-0.12987 20.0006 0)
(-0.12987 20.0006 0)
(-0.12987 20.0006 0)
(-0.12987 20.0006 0)
(-0.12987 20.0006 0)
(-0.12987 20.0007 0)
(-0.12987 20.0007 0)
(-0.12987 20.0007 0)
(-0.12987 20.0007 0)
(-0.12987 20.0007 0)
(-0.12987 20.0007 0)
(-0.12987 20.0007 0)
(-0.12987 20.0007 0)
(-0.12987 20.0007 0)
(-0.12987 20.0007 0)
(-0.12987 20.0007 0)
(-0.12987 20.0007 0)
(-0.12987 20.0007 0)
(-0.12987 20.0007 0)
(-0.12987 20.0007 0)
(-0.12987 20.0007 0)
(-0.12987 20.0007 0)
(-0.12987 20.0007 0)
(-0.12987 20.0007 0)
(-0.12987 20.0007 0)
(-0.12987 20.0007 0)
(-0.12987 20.0007 0)
(-0.12987 20.0007 0)
(-0.12987 20.0006 0)
(-0.12987 20.0006 0)
(-0.129871 20.0006 0)
(-0.129871 20.0006 0)
(-0.129871 20.0006 0)
(-0.129872 20.0006 0)
(-0.129872 20.0006 0)
(-0.129874 20.0006 0)
(-0.129875 20.0006 0)
(-0.129878 20.0006 0)
(-0.129882 20.0005 0)
(-0.129888 20.0005 0)
(-0.129897 20.0004 0)
(-0.129911 20.0002 0)
(-0.129935 20 0)
(-0.129974 19.9997 0)
(-0.130043 19.9993 0)
(-0.130165 19.9985 0)
(-0.130389 19.9974 0)
(-0.13078 19.9955 0)
(-0.131499 19.9927 0)
(-0.132561 19.9884 0)
(-0.134085 19.9846 0)
(-0.146012 19.5169 0)
(-0.148685 19.5709 0)
(-0.156736 19.6486 0)
(-0.163259 19.7207 0)
(-0.167627 19.7782 0)
(-0.170662 19.8228 0)
(-0.172825 19.8581 0)
(-0.174554 19.8862 0)
(-0.175927 19.9088 0)
(-0.177056 19.9269 0)
(-0.177976 19.9416 0)
(-0.178729 19.9533 0)
(-0.17934 19.9627 0)
(-0.179836 19.9703 0)
(-0.180236 19.9764 0)
(-0.180558 19.9812 0)
(-0.180816 19.9851 0)
(-0.181022 19.9883 0)
(-0.181187 19.9908 0)
(-0.181318 19.9928 0)
(-0.181422 19.9944 0)
(-0.181505 19.9956 0)
(-0.18157 19.9967 0)
(-0.181622 19.9975 0)
(-0.181664 19.9981 0)
(-0.181696 19.9986 0)
(-0.181722 19.9991 0)
(-0.181742 19.9994 0)
(-0.181758 19.9996 0)
(-0.181771 19.9999 0)
(-0.181781 20 0)
(-0.181789 20.0002 0)
(-0.181795 20.0003 0)
(-0.1818 20.0003 0)
(-0.181804 20.0004 0)
(-0.181807 20.0005 0)
(-0.181809 20.0005 0)
(-0.181811 20.0005 0)
(-0.181813 20.0006 0)
(-0.181814 20.0006 0)
(-0.181815 20.0006 0)
(-0.181816 20.0006 0)
(-0.181816 20.0006 0)
(-0.181817 20.0006 0)
(-0.181817 20.0006 0)
(-0.181817 20.0006 0)
(-0.181817 20.0006 0)
(-0.181818 20.0006 0)
(-0.181818 20.0006 0)
(-0.181818 20.0006 0)
(-0.181818 20.0006 0)
(-0.181818 20.0006 0)
(-0.181818 20.0006 0)
(-0.181818 20.0007 0)
(-0.181818 20.0007 0)
(-0.181818 20.0007 0)
(-0.181818 20.0007 0)
(-0.181818 20.0007 0)
(-0.181818 20.0007 0)
(-0.181818 20.0007 0)
(-0.181818 20.0007 0)
(-0.181818 20.0007 0)
(-0.181818 20.0007 0)
(-0.181818 20.0007 0)
(-0.181818 20.0007 0)
(-0.181818 20.0007 0)
(-0.181818 20.0007 0)
(-0.181818 20.0007 0)
(-0.181818 20.0007 0)
(-0.181818 20.0007 0)
(-0.181818 20.0007 0)
(-0.181818 20.0007 0)
(-0.181818 20.0007 0)
(-0.181818 20.0007 0)
(-0.181818 20.0007 0)
(-0.181818 20.0007 0)
(-0.181818 20.0007 0)
(-0.181818 20.0007 0)
(-0.181819 20.0006 0)
(-0.181819 20.0006 0)
(-0.181819 20.0006 0)
(-0.18182 20.0006 0)
(-0.18182 20.0006 0)
(-0.181821 20.0006 0)
(-0.181823 20.0006 0)
(-0.181825 20.0006 0)
(-0.181829 20.0006 0)
(-0.181834 20.0005 0)
(-0.181842 20.0005 0)
(-0.181855 20.0004 0)
(-0.181874 20.0003 0)
(-0.181907 20.0001 0)
(-0.18196 19.9998 0)
(-0.182054 19.9993 0)
(-0.18222 19.9986 0)
(-0.182523 19.9975 0)
(-0.183055 19.9958 0)
(-0.184036 19.993 0)
(-0.18549 19.9891 0)
(-0.187592 19.9854 0)
(-0.187952 19.5249 0)
(-0.191565 19.5803 0)
(-0.202033 19.6574 0)
(-0.210411 19.7278 0)
(-0.215945 19.7839 0)
(-0.219777 19.8274 0)
(-0.222493 19.8618 0)
(-0.224663 19.8892 0)
(-0.226384 19.9112 0)
(-0.227801 19.9289 0)
(-0.228954 19.9431 0)
(-0.229897 19.9546 0)
(-0.230664 19.9637 0)
(-0.231285 19.9711 0)
(-0.231786 19.977 0)
(-0.232189 19.9818 0)
(-0.232512 19.9856 0)
(-0.232771 19.9886 0)
(-0.232977 19.991 0)
(-0.233141 19.993 0)
(-0.233271 19.9945 0)
(-0.233375 19.9958 0)
(-0.233457 19.9968 0)
(-0.233522 19.9976 0)
(-0.233573 19.9982 0)
(-0.233614 19.9987 0)
(-0.233646 19.9991 0)
(-0.233672 19.9994 0)
(-0.233692 19.9997 0)
(-0.233708 19.9999 0)
(-0.23372 20 0)
(-0.23373 20.0002 0)
(-0.233738 20.0003 0)
(-0.233744 20.0004 0)
(-0.233749 20.0004 0)
(-0.233752 20.0005 0)
(-0.233755 20.0005 0)
(-0.233758 20.0005 0)
(-0.23376 20.0006 0)
(-0.233761 20.0006 0)
(-0.233762 20.0006 0)
(-0.233763 20.0006 0)
(-0.233764 20.0006 0)
(-0.233764 20.0006 0)
(-0.233765 20.0006 0)
(-0.233765 20.0006 0)
(-0.233765 20.0006 0)
(-0.233765 20.0006 0)
(-0.233766 20.0006 0)
(-0.233766 20.0006 0)
(-0.233766 20.0006 0)
(-0.233766 20.0006 0)
(-0.233766 20.0006 0)
(-0.233766 20.0007 0)
(-0.233766 20.0007 0)
(-0.233766 20.0007 0)
(-0.233766 20.0007 0)
(-0.233766 20.0007 0)
(-0.233766 20.0007 0)
(-0.233766 20.0007 0)
(-0.233766 20.0007 0)
(-0.233766 20.0007 0)
(-0.233766 20.0007 0)
(-0.233766 20.0007 0)
(-0.233766 20.0007 0)
(-0.233766 20.0007 0)
(-0.233766 20.0007 0)
(-0.233766 20.0007 0)
(-0.233766 20.0007 0)
(-0.233766 20.0007 0)
(-0.233766 20.0007 0)
(-0.233766 20.0007 0)
(-0.233766 20.0007 0)
(-0.233766 20.0007 0)
(-0.233766 20.0007 0)
(-0.233766 20.0007 0)
(-0.233766 20.0007 0)
(-0.233767 20.0007 0)
(-0.233767 20.0006 0)
(-0.233767 20.0006 0)
(-0.233767 20.0006 0)
(-0.233768 20.0006 0)
(-0.233769 20.0006 0)
(-0.23377 20.0006 0)
(-0.233772 20.0006 0)
(-0.233775 20.0006 0)
(-0.233779 20.0006 0)
(-0.233786 20.0005 0)
(-0.233796 20.0005 0)
(-0.233812 20.0004 0)
(-0.233836 20.0003 0)
(-0.233876 20.0001 0)
(-0.233943 19.9998 0)
(-0.234059 19.9994 0)
(-0.234263 19.9987 0)
(-0.234638 19.9977 0)
(-0.235295 19.996 0)
(-0.236512 19.9935 0)
(-0.238325 19.9899 0)
(-0.240971 19.9866 0)
(-0.23007 19.535 0)
(-0.234771 19.5923 0)
(-0.247733 19.6685 0)
(-0.257951 19.7367 0)
(-0.264584 19.7909 0)
(-0.269156 19.833 0)
(-0.272375 19.8663 0)
(-0.274947 19.8929 0)
(-0.276985 19.9142 0)
(-0.278663 19.9313 0)
(-0.280027 19.9451 0)
(-0.281143 19.9561 0)
(-0.28205 19.965 0)
(-0.282784 19.9721 0)
(-0.283377 19.9778 0)
(-0.283853 19.9824 0)
(-0.284235 19.9861 0)
(-0.28454 19.989 0)
(-0.284783 19.9914 0)
(-0.284977 19.9932 0)
(-0.285131 19.9948 0)
(-0.285253 19.996 0)
(-0.28535 19.9969 0)
(-0.285427 19.9977 0)
(-0.285487 19.9983 0)
(-0.285535 19.9988 0)
(-0.285573 19.9992 0)
(-0.285603 19.9995 0)
(-0.285627 19.9997 0)
(-0.285646 19.9999 0)
(-0.28566 20.0001 0)
(-0.285672 20.0002 0)
(-0.285681 20.0003 0)
(-0.285688 20.0004 0)
(-0.285694 20.0004 0)
(-0.285698 20.0005 0)
(-0.285702 20.0005 0)
(-0.285704 20.0005 0)
(-0.285706 20.0006 0)
(-0.285708 20.0006 0)
(-0.285709 20.0006 0)
(-0.28571 20.0006 0)
(-0.285711 20.0006 0)
(-0.285712 20.0006 0)
(-0.285712 20.0006 0)
(-0.285713 20.0006 0)
(-0.285713 20.0006 0)
(-0.285713 20.0006 0)
(-0.285714 20.0006 0)
(-0.285714 20.0006 0)
(-0.285714 20.0006 0)
(-0.285714 20.0006 0)
(-0.285714 20.0007 0)
(-0.285714 20.0007 0)
(-0.285714 20.0007 0)
(-0.285714 20.0007 0)
(-0.285714 20.0007 0)
(-0.285714 20.0007 0)
(-0.285714 20.0007 0)
(-0.285714 20.0007 0)
(-0.285714 20.0007 0)
(-0.285714 20.0007 0)
(-0.285714 20.0007 0)
(-0.285714 20.0007 0)
(-0.285714 20.0007 0)
(-0.285714 20.0007 0)
(-0.285714 20.0007 0)
(-0.285714 20.0007 0)
(-0.285714 20.0007 0)
(-0.285714 20.0007 0)
(-0.285714 20.0007 0)
(-0.285714 20.0007 0)
(-0.285714 20.0007 0)
(-0.285714 20.0007 0)
(-0.285714 20.0007 0)
(-0.285714 20.0007 0)
(-0.285714 20.0007 0)
(-0.285715 20.0007 0)
(-0.285715 20.0006 0)
(-0.285715 20.0006 0)
(-0.285716 20.0006 0)
(-0.285716 20.0006 0)
(-0.285717 20.0006 0)
(-0.285719 20.0006 0)
(-0.285721 20.0006 0)
(-0.285725 20.0006 0)
(-0.28573 20.0006 0)
(-0.285738 20.0005 0)
(-0.285749 20.0005 0)
(-0.285768 20.0004 0)
(-0.285796 20.0003 0)
(-0.285843 20.0001 0)
(-0.285921 19.9998 0)
(-0.286056 19.9994 0)
(-0.286293 19.9988 0)
(-0.286727 19.9978 0)
(-0.287492 19.9964 0)
(-0.288912 19.9941 0)
(-0.291042 19.9909 0)
(-0.294187 19.9879 0)
(-0.272425 19.5474 0)
(-0.278406 19.6067 0)
(-0.293945 19.6817 0)
(-0.305974 19.7473 0)
(-0.313613 19.7993 0)
(-0.318856 19.8397 0)
(-0.322517 19.8717 0)
(-0.325444 19.8972 0)
(-0.327759 19.9177 0)
(-0.329666 19.9341 0)
(-0.331214 19.9474 0)
(-0.332482 19.958 0)
(-0.33351 19.9665 0)
(-0.334343 19.9733 0)
(-0.335015 19.9788 0)
(-0.335555 19.9832 0)
(-0.335988 19.9867 0)
(-0.336333 19.9895 0)
(-0.336609 19.9918 0)
(-0.336829 19.9936 0)
(-0.337003 19.995 0)
(-0.337141 19.9962 0)
(-0.337251 19.9971 0)
(-0.337338 19.9978 0)
(-0.337406 19.9984 0)
(-0.337461 19.9989 0)
(-0.337504 19.9992 0)
(-0.337537 19.9995 0)
(-0.337564 19.9998 0)
(-0.337585 19.9999 0)
(-0.337602 20.0001 0)
(-0.337615 20.0002 0)
(-0.337625 20.0003 0)
(-0.337633 20.0004 0)
(-0.337639 20.0004 0)
(-0.337644 20.0005 0)
(-0.337648 20.0005 0)
(-0.337651 20.0005 0)
(-0.337653 20.0006 0)
(-0.337655 20.0006 0)
(-0.337657 20.0006 0)
(-0.337658 20.0006 0)
(-0.337659 20.0006 0)
(-0.337659 20.0006 0)
(-0.33766 20.0006 0)
(-0.33766 20.0006 0)
(-0.337661 20.0006 0)
(-0.337661 20.0006 0)
(-0.337661 20.0006 0)
(-0.337661 20.0006 0)
(-0.337662 20.0006 0)
(-0.337662 20.0007 0)
(-0.337662 20.0007 0)
(-0.337662 20.0007 0)
(-0.337662 20.0007 0)
(-0.337662 20.0007 0)
(-0.337662 20.0007 0)
(-0.337662 20.0007 0)
(-0.337662 20.0007 0)
(-0.337662 20.0007 0)
(-0.337662 20.0007 0)
(-0.337662 20.0007 0)
(-0.337662 20.0007 0)
(-0.337662 20.0007 0)
(-0.337662 20.0007 0)
(-0.337662 20.0007 0)
(-0.337662 20.0007 0)
(-0.337662 20.0007 0)
(-0.337662 20.0007 0)
(-0.337662 20.0007 0)
(-0.337662 20.0007 0)
(-0.337662 20.0007 0)
(-0.337662 20.0007 0)
(-0.337662 20.0007 0)
(-0.337662 20.0007 0)
(-0.337662 20.0007 0)
(-0.337662 20.0007 0)
(-0.337662 20.0007 0)
(-0.337663 20.0007 0)
(-0.337663 20.0006 0)
(-0.337664 20.0006 0)
(-0.337664 20.0006 0)
(-0.337666 20.0006 0)
(-0.337667 20.0006 0)
(-0.33767 20.0006 0)
(-0.337674 20.0006 0)
(-0.33768 20.0006 0)
(-0.337688 20.0005 0)
(-0.337702 20.0005 0)
(-0.337722 20.0004 0)
(-0.337755 20.0003 0)
(-0.337807 20.0001 0)
(-0.337894 19.9999 0)
(-0.338044 19.9995 0)
(-0.338306 19.9989 0)
(-0.338788 19.9981 0)
(-0.339637 19.9967 0)
(-0.341222 19.9947 0)
(-0.343619 19.992 0)
(-0.347206 19.9895 0)
(-0.315082 19.5622 0)
(-0.322598 19.6239 0)
(-0.34079 19.6971 0)
(-0.354577 19.7595 0)
(-0.363107 19.8089 0)
(-0.368933 19.8474 0)
(-0.372964 19.8779 0)
(-0.376189 19.9023 0)
(-0.378735 19.9218 0)
(-0.380833 19.9374 0)
(-0.382535 19.95 0)
(-0.383928 19.9601 0)
(-0.385057 19.9682 0)
(-0.385972 19.9747 0)
(-0.38671 19.9799 0)
(-0.387302 19.9841 0)
(-0.387777 19.9874 0)
(-0.388156 19.9901 0)
(-0.388458 19.9922 0)
(-0.388699 19.9939 0)
(-0.38889 19.9953 0)
(-0.389041 19.9964 0)
(-0.389161 19.9973 0)
(-0.389256 19.998 0)
(-0.389331 19.9985 0)
(-0.38939 19.999 0)
(-0.389437 19.9993 0)
(-0.389474 19.9996 0)
(-0.389503 19.9998 0)
(-0.389526 20 0)
(-0.389544 20.0001 0)
(-0.389558 20.0002 0)
(-0.389569 20.0003 0)
(-0.389578 20.0004 0)
(-0.389585 20.0005 0)
(-0.38959 20.0005 0)
(-0.389594 20.0005 0)
(-0.389598 20.0006 0)
(-0.3896 20.0006 0)
(-0.389602 20.0006 0)
(-0.389604 20.0006 0)
(-0.389605 20.0006 0)
(-0.389606 20.0006 0)
(-0.389607 20.0006 0)
(-0.389607 20.0006 0)
(-0.389608 20.0006 0)
(-0.389608 20.0006 0)
(-0.389608 20.0006 0)
(-0.389609 20.0006 0)
(-0.389609 20.0006 0)
(-0.389609 20.0006 0)
(-0.389609 20.0007 0)
(-0.389609 20.0007 0)
(-0.389609 20.0007 0)
(-0.389609 20.0007 0)
(-0.389609 20.0007 0)
(-0.389609 20.0007 0)
(-0.389609 20.0007 0)
(-0.389609 20.0007 0)
(-0.389609 20.0007 0)
(-0.389609 20.0007 0)
(-0.389609 20.0007 0)
(-0.389609 20.0007 0)
(-0.389609 20.0007 0)
(-0.389609 20.0007 0)
(-0.389609 20.0007 0)
(-0.389609 20.0007 0)
(-0.389609 20.0007 0)
(-0.389609 20.0007 0)
(-0.389609 20.0007 0)
(-0.389609 20.0007 0)
(-0.389609 20.0007 0)
(-0.389609 20.0007 0)
(-0.389609 20.0007 0)
(-0.38961 20.0007 0)
(-0.38961 20.0007 0)
(-0.38961 20.0007 0)
(-0.38961 20.0007 0)
(-0.38961 20.0007 0)
(-0.389611 20.0006 0)
(-0.389611 20.0006 0)
(-0.389612 20.0006 0)
(-0.389613 20.0006 0)
(-0.389615 20.0006 0)
(-0.389618 20.0006 0)
(-0.389622 20.0006 0)
(-0.389629 20.0006 0)
(-0.389638 20.0006 0)
(-0.389653 20.0005 0)
(-0.389675 20.0004 0)
(-0.38971 20.0003 0)
(-0.389767 20.0002 0)
(-0.38986 19.9999 0)
(-0.390021 19.9996 0)
(-0.390302 19.9991 0)
(-0.390816 19.9983 0)
(-0.391725 19.9971 0)
(-0.393431 19.9955 0)
(-0.396035 19.9932 0)
(-0.399994 19.9912 0)
(-0.358128 19.5795 0)
(-0.367503 19.6437 0)
(-0.388401 19.7146 0)
(-0.403864 19.7734 0)
(-0.413134 19.8198 0)
(-0.419441 19.8561 0)
(-0.423756 19.8849 0)
(-0.427215 19.9079 0)
(-0.42994 19.9263 0)
(-0.432185 19.9411 0)
(-0.434006 19.9529 0)
(-0.435496 19.9624 0)
(-0.436702 19.9701 0)
(-0.43768 19.9762 0)
(-0.438467 19.9811 0)
(-0.439099 19.985 0)
(-0.439605 19.9882 0)
(-0.44001 19.9907 0)
(-0.440332 19.9927 0)
(-0.440588 19.9943 0)
(-0.440792 19.9956 0)
(-0.440953 19.9967 0)
(-0.441081 19.9975 0)
(-0.441182 19.9981 0)
(-0.441261 19.9987 0)
(-0.441324 19.9991 0)
(-0.441374 19.9994 0)
(-0.441413 19.9997 0)
(-0.441444 19.9999 0)
(-0.441468 20 0)
(-0.441487 20.0002 0)
(-0.441502 20.0003 0)
(-0.441513 20.0004 0)
(-0.441523 20.0004 0)
(-0.44153 20.0005 0)
(-0.441535 20.0005 0)
(-0.44154 20.0005 0)
(-0.441543 20.0006 0)
(-0.441546 20.0006 0)
(-0.441548 20.0006 0)
(-0.44155 20.0006 0)
(-0.441551 20.0006 0)
(-0.441552 20.0006 0)
(-0.441553 20.0006 0)
(-0.441553 20.0006 0)
(-0.441554 20.0006 0)
(-0.441554 20.0006 0)
(-0.441554 20.0006 0)
(-0.441555 20.0006 0)
(-0.441555 20.0006 0)
(-0.441555 20.0007 0)
(-0.441555 20.0007 0)
(-0.441555 20.0007 0)
(-0.441555 20.0007 0)
(-0.441555 20.0007 0)
(-0.441555 20.0007 0)
(-0.441555 20.0007 0)
(-0.441555 20.0007 0)
(-0.441555 20.0007 0)
(-0.441555 20.0007 0)
(-0.441555 20.0007 0)
(-0.441555 20.0007 0)
(-0.441555 20.0007 0)
(-0.441555 20.0007 0)
(-0.441555 20.0007 0)
(-0.441555 20.0007 0)
(-0.441555 20.0007 0)
(-0.441555 20.0007 0)
(-0.441555 20.0007 0)
(-0.441555 20.0007 0)
(-0.441556 20.0007 0)
(-0.441556 20.0007 0)
(-0.441556 20.0007 0)
(-0.441556 20.0007 0)
(-0.441556 20.0007 0)
(-0.441556 20.0007 0)
(-0.441556 20.0007 0)
(-0.441556 20.0007 0)
(-0.441556 20.0007 0)
(-0.441557 20.0006 0)
(-0.441557 20.0006 0)
(-0.441558 20.0006 0)
(-0.44156 20.0006 0)
(-0.441562 20.0006 0)
(-0.441565 20.0006 0)
(-0.441569 20.0006 0)
(-0.441576 20.0006 0)
(-0.441586 20.0006 0)
(-0.441601 20.0005 0)
(-0.441625 20.0004 0)
(-0.441662 20.0004 0)
(-0.441722 20.0002 0)
(-0.441819 20 0)
(-0.441987 19.9997 0)
(-0.442277 19.9992 0)
(-0.442809 19.9985 0)
(-0.443751 19.9976 0)
(-0.445529 19.9962 0)
(-0.448273 19.9945 0)
(-0.452517 19.9931 0)
(-0.401671 19.5996 0)
(-0.413319 19.6663 0)
(-0.436927 19.7343 0)
(-0.453937 19.7887 0)
(-0.463762 19.8318 0)
(-0.470428 19.8656 0)
(-0.474931 19.8926 0)
(-0.478553 19.9141 0)
(-0.481397 19.9313 0)
(-0.483743 19.9451 0)
(-0.485643 19.9562 0)
(-0.487196 19.9651 0)
(-0.488454 19.9722 0)
(-0.489472 19.9779 0)
(-0.490291 19.9824 0)
(-0.490949 19.9861 0)
(-0.491476 19.9891 0)
(-0.491896 19.9914 0)
(-0.492231 19.9933 0)
(-0.492497 19.9948 0)
(-0.492709 19.996 0)
(-0.492876 19.9969 0)
(-0.493008 19.9977 0)
(-0.493113 19.9983 0)
(-0.493195 19.9988 0)
(-0.49326 19.9992 0)
(-0.493312 19.9995 0)
(-0.493352 19.9997 0)
(-0.493383 19.9999 0)
(-0.493408 20.0001 0)
(-0.493428 20.0002 0)
(-0.493443 20.0003 0)
(-0.493455 20.0004 0)
(-0.493464 20.0004 0)
(-0.493472 20.0005 0)
(-0.493477 20.0005 0)
(-0.493482 20.0006 0)
(-0.493485 20.0006 0)
(-0.493488 20.0006 0)
(-0.49349 20.0006 0)
(-0.493492 20.0006 0)
(-0.493493 20.0006 0)
(-0.493494 20.0006 0)
(-0.493495 20.0006 0)
(-0.493496 20.0006 0)
(-0.493496 20.0006 0)
(-0.493496 20.0006 0)
(-0.493497 20.0006 0)
(-0.493497 20.0006 0)
(-0.493497 20.0007 0)
(-0.493497 20.0007 0)
(-0.493497 20.0007 0)
(-0.493497 20.0007 0)
(-0.493497 20.0007 0)
(-0.493498 20.0007 0)
(-0.493498 20.0007 0)
(-0.493498 20.0007 0)
(-0.493498 20.0007 0)
(-0.493498 20.0007 0)
(-0.493498 20.0007 0)
(-0.493498 20.0007 0)
(-0.493498 20.0007 0)
(-0.493498 20.0007 0)
(-0.493498 20.0007 0)
(-0.493498 20.0007 0)
(-0.493498 20.0007 0)
(-0.493498 20.0007 0)
(-0.493498 20.0007 0)
(-0.493498 20.0007 0)
(-0.493498 20.0007 0)
(-0.493498 20.0007 0)
(-0.493498 20.0007 0)
(-0.493498 20.0007 0)
(-0.493498 20.0007 0)
(-0.493498 20.0007 0)
(-0.493498 20.0007 0)
(-0.493498 20.0007 0)
(-0.493498 20.0007 0)
(-0.493499 20.0007 0)
(-0.493499 20.0007 0)
(-0.4935 20.0006 0)
(-0.4935 20.0006 0)
(-0.493502 20.0006 0)
(-0.493504 20.0006 0)
(-0.493507 20.0006 0)
(-0.493512 20.0006 0)
(-0.493519 20.0006 0)
(-0.493529 20.0006 0)
(-0.493545 20.0005 0)
(-0.493569 20.0005 0)
(-0.493608 20.0004 0)
(-0.493668 20.0002 0)
(-0.493768 20 0)
(-0.493937 19.9998 0)
(-0.49423 19.9993 0)
(-0.494763 19.9988 0)
(-0.49571 19.998 0)
(-0.497508 19.997 0)
(-0.500316 19.9959 0)
(-0.504741 19.995 0)
(-0.44585 19.6229 0)
(-0.460292 19.6919 0)
(-0.486527 19.7559 0)
(-0.504896 19.8054 0)
(-0.515049 19.8449 0)
(-0.521935 19.876 0)
(-0.526521 19.901 0)
(-0.530224 19.9209 0)
(-0.533123 19.9368 0)
(-0.535517 19.9495 0)
(-0.537452 19.9597 0)
(-0.539034 19.9679 0)
(-0.540314 19.9744 0)
(-0.541349 19.9797 0)
(-0.542181 19.9839 0)
(-0.54285 19.9873 0)
(-0.543384 19.99 0)
(-0.543811 19.9922 0)
(-0.544151 19.9939 0)
(-0.54442 19.9953 0)
(-0.544634 19.9964 0)
(-0.544803 19.9973 0)
(-0.544937 19.998 0)
(-0.545043 19.9985 0)
(-0.545126 19.999 0)
(-0.545191 19.9993 0)
(-0.545243 19.9996 0)
(-0.545283 19.9998 0)
(-0.545315 20 0)
(-0.54534 20.0001 0)
(-0.545359 20.0002 0)
(-0.545374 20.0003 0)
(-0.545386 20.0004 0)
(-0.545395 20.0005 0)
(-0.545403 20.0005 0)
(-0.545408 20.0005 0)
(-0.545413 20.0006 0)
(-0.545416 20.0006 0)
(-0.545419 20.0006 0)
(-0.545421 20.0006 0)
(-0.545422 20.0006 0)
(-0.545424 20.0006 0)
(-0.545425 20.0006 0)
(-0.545425 20.0006 0)
(-0.545426 20.0006 0)
(-0.545427 20.0006 0)
(-0.545427 20.0006 0)
(-0.545427 20.0006 0)
(-0.545427 20.0007 0)
(-0.545428 20.0007 0)
(-0.545428 20.0007 0)
(-0.545428 20.0007 0)
(-0.545428 20.0007 0)
(-0.545428 20.0007 0)
(-0.545428 20.0007 0)
(-0.545428 20.0007 0)
(-0.545428 20.0007 0)
(-0.545428 20.0007 0)
(-0.545428 20.0007 0)
(-0.545428 20.0007 0)
(-0.545428 20.0007 0)
(-0.545428 20.0007 0)
(-0.545428 20.0007 0)
(-0.545428 20.0007 0)
(-0.545428 20.0007 0)
(-0.545428 20.0007 0)
(-0.545428 20.0007 0)
(-0.545428 20.0007 0)
(-0.545428 20.0007 0)
(-0.545428 20.0007 0)
(-0.545428 20.0007 0)
(-0.545428 20.0007 0)
(-0.545428 20.0007 0)
(-0.545428 20.0007 0)
(-0.545428 20.0007 0)
(-0.545428 20.0007 0)
(-0.545428 20.0007 0)
(-0.545429 20.0007 0)
(-0.545429 20.0007 0)
(-0.545429 20.0007 0)
(-0.54543 20.0007 0)
(-0.545431 20.0006 0)
(-0.545432 20.0006 0)
(-0.545434 20.0006 0)
(-0.545438 20.0006 0)
(-0.545442 20.0006 0)
(-0.545449 20.0006 0)
(-0.54546 20.0006 0)
(-0.545476 20.0005 0)
(-0.5455 20.0005 0)
(-0.545539 20.0004 0)
(-0.545599 20.0003 0)
(-0.545698 20.0001 0)
(-0.545865 19.9999 0)
(-0.546151 19.9995 0)
(-0.546671 19.999 0)
(-0.547595 19.9984 0)
(-0.549359 19.9978 0)
(-0.552148 19.9972 0)
(-0.556631 19.9969 0)
(-0.490843 19.6497 0)
(-0.508729 19.7204 0)
(-0.537359 19.7794 0)
(-0.556822 19.8234 0)
(-0.567033 19.8589 0)
(-0.573984 19.8872 0)
(-0.578536 19.9099 0)
(-0.582234 19.9281 0)
(-0.585118 19.9426 0)
(-0.587502 19.9542 0)
(-0.589426 19.9635 0)
(-0.590998 19.9709 0)
(-0.592268 19.9769 0)
(-0.593295 19.9816 0)
(-0.59412 19.9855 0)
(-0.594782 19.9885 0)
(-0.595312 19.991 0)
(-0.595734 19.993 0)
(-0.596069 19.9945 0)
(-0.596336 19.9958 0)
(-0.596546 19.9968 0)
(-0.596713 19.9976 0)
(-0.596845 19.9982 0)
(-0.596948 19.9987 0)
(-0.59703 19.9991 0)
(-0.597094 19.9995 0)
(-0.597144 19.9997 0)
(-0.597183 19.9999 0)
(-0.597214 20.0001 0)
(-0.597238 20.0002 0)
(-0.597257 20.0003 0)
(-0.597272 20.0004 0)
(-0.597283 20.0004 0)
(-0.597292 20.0005 0)
(-0.597299 20.0005 0)
(-0.597305 20.0006 0)
(-0.597309 20.0006 0)
(-0.597312 20.0006 0)
(-0.597315 20.0006 0)
(-0.597317 20.0006 0)
(-0.597318 20.0006 0)
(-0.597319 20.0006 0)
(-0.59732 20.0006 0)
(-0.597321 20.0006 0)
(-0.597322 20.0006 0)
(-0.597322 20.0006 0)
(-0.597322 20.0006 0)
(-0.597323 20.0007 0)
(-0.597323 20.0007 0)
(-0.597323 20.0007 0)
(-0.597323 20.0007 0)
(-0.597323 20.0007 0)
(-0.597323 20.0007 0)
(-0.597323 20.0007 0)
(-0.597323 20.0007 0)
(-0.597323 20.0007 0)
(-0.597323 20.0007 0)
(-0.597323 20.0007 0)
(-0.597323 20.0007 0)
(-0.597323 20.0007 0)
(-0.597323 20.0007 0)
(-0.597323 20.0007 0)
(-0.597323 20.0007 0)
(-0.597323 20.0007 0)
(-0.597323 20.0007 0)
(-0.597323 20.0007 0)
(-0.597323 20.0007 0)
(-0.597323 20.0007 0)
(-0.597323 20.0007 0)
(-0.597323 20.0007 0)
(-0.597323 20.0007 0)
(-0.597323 20.0007 0)
(-0.597323 20.0007 0)
(-0.597323 20.0007 0)
(-0.597324 20.0007 0)
(-0.597324 20.0007 0)
(-0.597324 20.0007 0)
(-0.597324 20.0007 0)
(-0.597324 20.0007 0)
(-0.597325 20.0007 0)
(-0.597325 20.0007 0)
(-0.597326 20.0006 0)
(-0.597327 20.0006 0)
(-0.59733 20.0006 0)
(-0.597333 20.0006 0)
(-0.597337 20.0006 0)
(-0.597344 20.0006 0)
(-0.597354 20.0006 0)
(-0.59737 20.0006 0)
(-0.597394 20.0005 0)
(-0.597432 20.0004 0)
(-0.597491 20.0003 0)
(-0.597586 20.0002 0)
(-0.597746 19.9999 0)
(-0.598018 19.9996 0)
(-0.59851 19.9993 0)
(-0.599385 19.9988 0)
(-0.601059 19.9985 0)
(-0.603744 19.9985 0)
(-0.608135 19.9988 0)
(-0.536862 19.6807 0)
(-0.558988 19.7518 0)
(-0.589549 19.8046 0)
(-0.609744 19.8425 0)
(-0.619697 19.8737 0)
(-0.626543 19.899 0)
(-0.630937 19.9195 0)
(-0.634539 19.9358 0)
(-0.637332 19.9488 0)
(-0.639645 19.9591 0)
(-0.641507 19.9674 0)
(-0.643027 19.9741 0)
(-0.644254 19.9794 0)
(-0.645246 19.9837 0)
(-0.646042 19.9871 0)
(-0.64668 19.9898 0)
(-0.64719 19.992 0)
(-0.647596 19.9938 0)
(-0.647919 19.9952 0)
(-0.648174 19.9963 0)
(-0.648376 19.9972 0)
(-0.648536 19.9979 0)
(-0.648661 19.9985 0)
(-0.64876 19.9989 0)
(-0.648838 19.9993 0)
(-0.648898 19.9996 0)
(-0.648946 19.9998 0)
(-0.648983 20 0)
(-0.649012 20.0001 0)
(-0.649035 20.0003 0)
(-0.649052 20.0003 0)
(-0.649066 20.0004 0)
(-0.649077 20.0005 0)
(-0.649085 20.0005 0)
(-0.649091 20.0005 0)
(-0.649096 20.0006 0)
(-0.6491 20.0006 0)
(-0.649103 20.0006 0)
(-0.649105 20.0006 0)
(-0.649107 20.0006 0)
(-0.649108 20.0006 0)
(-0.649109 20.0006 0)
(-0.64911 20.0006 0)
(-0.649111 20.0006 0)
(-0.649111 20.0006 0)
(-0.649112 20.0007 0)
(-0.649112 20.0007 0)
(-0.649112 20.0007 0)
(-0.649113 20.0007 0)
(-0.649113 20.0007 0)
(-0.649113 20.0007 0)
(-0.649113 20.0007 0)
(-0.649113 20.0007 0)
(-0.649113 20.0007 0)
(-0.649113 20.0007 0)
(-0.649113 20.0007 0)
(-0.649113 20.0007 0)
(-0.649113 20.0007 0)
(-0.649113 20.0007 0)
(-0.649113 20.0007 0)
(-0.649113 20.0007 0)
(-0.649113 20.0007 0)
(-0.649113 20.0007 0)
(-0.649113 20.0007 0)
(-0.649113 20.0007 0)
(-0.649113 20.0007 0)
(-0.649113 20.0007 0)
(-0.649113 20.0007 0)
(-0.649113 20.0007 0)
(-0.649113 20.0007 0)
(-0.649113 20.0007 0)
(-0.649113 20.0007 0)
(-0.649113 20.0007 0)
(-0.649113 20.0007 0)
(-0.649113 20.0007 0)
(-0.649113 20.0007 0)
(-0.649113 20.0007 0)
(-0.649114 20.0007 0)
(-0.649114 20.0007 0)
(-0.649114 20.0007 0)
(-0.649115 20.0007 0)
(-0.649116 20.0007 0)
(-0.649117 20.0006 0)
(-0.649119 20.0006 0)
(-0.649122 20.0006 0)
(-0.649126 20.0006 0)
(-0.649133 20.0006 0)
(-0.649143 20.0006 0)
(-0.649158 20.0006 0)
(-0.649181 20.0005 0)
(-0.649216 20.0005 0)
(-0.649272 20.0004 0)
(-0.649362 20.0002 0)
(-0.649511 20 0)
(-0.649762 19.9998 0)
(-0.650213 19.9995 0)
(-0.651014 19.9992 0)
(-0.652547 19.9991 0)
(-0.655036 19.9997 0)
(-0.65916 20.0005 0)
(-0.584116 19.7165 0)
(-0.611419 19.786 0)
(-0.643082 19.8311 0)
(-0.663532 19.8626 0)
(-0.672872 19.8893 0)
(-0.679434 19.9115 0)
(-0.683541 19.9294 0)
(-0.686949 19.9438 0)
(-0.689572 19.9552 0)
(-0.691748 19.9643 0)
(-0.693495 19.9716 0)
(-0.69492 19.9774 0)
(-0.696069 19.9821 0)
(-0.696997 19.9858 0)
(-0.697741 19.9888 0)
(-0.698337 19.9912 0)
(-0.698812 19.9931 0)
(-0.69919 19.9947 0)
(-0.69949 19.9959 0)
(-0.699727 19.9969 0)
(-0.699914 19.9977 0)
(-0.700061 19.9983 0)
(-0.700177 19.9988 0)
(-0.700268 19.9992 0)
(-0.700339 19.9995 0)
(-0.700394 19.9997 0)
(-0.700437 19.9999 0)
(-0.700471 20.0001 0)
(-0.700497 20.0002 0)
(-0.700517 20.0003 0)
(-0.700533 20.0004 0)
(-0.700545 20.0004 0)
(-0.700555 20.0005 0)
(-0.700562 20.0005 0)
(-0.700567 20.0006 0)
(-0.700572 20.0006 0)
(-0.700575 20.0006 0)
(-0.700578 20.0006 0)
(-0.70058 20.0006 0)
(-0.700581 20.0006 0)
(-0.700582 20.0006 0)
(-0.700583 20.0006 0)
(-0.700584 20.0006 0)
(-0.700584 20.0007 0)
(-0.700585 20.0007 0)
(-0.700585 20.0007 0)
(-0.700585 20.0007 0)
(-0.700585 20.0007 0)
(-0.700586 20.0007 0)
(-0.700586 20.0007 0)
(-0.700586 20.0007 0)
(-0.700586 20.0007 0)
(-0.700586 20.0007 0)
(-0.700586 20.0007 0)
(-0.700586 20.0007 0)
(-0.700586 20.0007 0)
(-0.700586 20.0007 0)
(-0.700586 20.0007 0)
(-0.700586 20.0007 0)
(-0.700586 20.0007 0)
(-0.700586 20.0007 0)
(-0.700586 20.0007 0)
(-0.700586 20.0007 0)
(-0.700586 20.0007 0)
(-0.700586 20.0007 0)
(-0.700586 20.0007 0)
(-0.700586 20.0007 0)
(-0.700586 20.0007 0)
(-0.700586 20.0007 0)
(-0.700586 20.0007 0)
(-0.700586 20.0007 0)
(-0.700586 20.0007 0)
(-0.700586 20.0007 0)
(-0.700586 20.0007 0)
(-0.700586 20.0007 0)
(-0.700586 20.0007 0)
(-0.700586 20.0007 0)
(-0.700587 20.0007 0)
(-0.700587 20.0007 0)
(-0.700587 20.0007 0)
(-0.700588 20.0007 0)
(-0.700588 20.0007 0)
(-0.70059 20.0007 0)
(-0.700591 20.0006 0)
(-0.700594 20.0006 0)
(-0.700598 20.0006 0)
(-0.700604 20.0006 0)
(-0.700613 20.0006 0)
(-0.700627 20.0006 0)
(-0.700648 20.0005 0)
(-0.700681 20.0005 0)
(-0.700732 20.0004 0)
(-0.700814 20.0003 0)
(-0.700948 20.0001 0)
(-0.701173 19.9999 0)
(-0.701572 19.9997 0)
(-0.702278 19.9996 0)
(-0.703623 19.9997 0)
(-0.705828 20.0007 0)
(-0.709481 20.002 0)
(-0.632614 19.7581 0)
(-0.666114 19.8228 0)
(-0.697503 19.8586 0)
(-0.717608 19.8833 0)
(-0.725951 19.9055 0)
(-0.73205 19.9244 0)
(-0.735737 19.9398 0)
(-0.738849 19.9521 0)
(-0.741218 19.9619 0)
(-0.743189 19.9697 0)
(-0.744765 19.9759 0)
(-0.746051 19.9809 0)
(-0.747085 19.9848 0)
(-0.747919 19.988 0)
(-0.748587 19.9906 0)
(-0.749121 19.9926 0)
(-0.749546 19.9943 0)
(-0.749884 19.9956 0)
(-0.750151 19.9966 0)
(-0.750361 19.9975 0)
(-0.750527 19.9981 0)
(-0.750657 19.9987 0)
(-0.750758 19.9991 0)
(-0.750838 19.9994 0)
(-0.750899 19.9997 0)
(-0.750947 19.9999 0)
(-0.750985 20.0001 0)
(-0.751014 20.0002 0)
(-0.751036 20.0003 0)
(-0.751053 20.0004 0)
(-0.751066 20.0004 0)
(-0.751076 20.0005 0)
(-0.751084 20.0005 0)
(-0.75109 20.0006 0)
(-0.751094 20.0006 0)
(-0.751098 20.0006 0)
(-0.751101 20.0006 0)
(-0.751103 20.0006 0)
(-0.751104 20.0006 0)
(-0.751105 20.0006 0)
(-0.751106 20.0006 0)
(-0.751107 20.0006 0)
(-0.751107 20.0007 0)
(-0.751108 20.0007 0)
(-0.751108 20.0007 0)
(-0.751108 20.0007 0)
(-0.751108 20.0007 0)
(-0.751109 20.0007 0)
(-0.751109 20.0007 0)
(-0.751109 20.0007 0)
(-0.751109 20.0007 0)
(-0.751109 20.0007 0)
(-0.751109 20.0007 0)
(-0.751109 20.0007 0)
(-0.751109 20.0007 0)
(-0.751109 20.0007 0)
(-0.751109 20.0007 0)
(-0.751109 20.0007 0)
(-0.751109 20.0007 0)
(-0.751109 20.0007 0)
(-0.751109 20.0007 0)
(-0.751109 20.0007 0)
(-0.751109 20.0007 0)
(-0.751109 20.0007 0)
(-0.751109 20.0007 0)
(-0.751109 20.0007 0)
(-0.751109 20.0007 0)
(-0.751109 20.0007 0)
(-0.751109 20.0007 0)
(-0.751109 20.0007 0)
(-0.751109 20.0007 0)
(-0.751109 20.0007 0)
(-0.751109 20.0007 0)
(-0.751109 20.0007 0)
(-0.751109 20.0007 0)
(-0.751109 20.0007 0)
(-0.751109 20.0007 0)
(-0.751109 20.0007 0)
(-0.751109 20.0007 0)
(-0.75111 20.0007 0)
(-0.75111 20.0007 0)
(-0.751111 20.0007 0)
(-0.751112 20.0007 0)
(-0.751114 20.0007 0)
(-0.751116 20.0006 0)
(-0.751119 20.0006 0)
(-0.751125 20.0006 0)
(-0.751133 20.0006 0)
(-0.751145 20.0006 0)
(-0.751164 20.0006 0)
(-0.751193 20.0005 0)
(-0.751238 20.0005 0)
(-0.75131 20.0004 0)
(-0.751427 20.0002 0)
(-0.75162 20.0001 0)
(-0.751957 19.9999 0)
(-0.752553 19.9999 0)
(-0.753671 20.0002 0)
(-0.755508 20.0015 0)
(-0.75846 20.0031 0)
(-0.681508 19.8066 0)
(-0.722081 19.8616 0)
(-0.75104 19.8866 0)
(-0.770079 19.9046 0)
(-0.777038 19.9222 0)
(-0.782501 19.9378 0)
(-0.785637 19.9506 0)
(-0.78835 19.9608 0)
(-0.790378 19.9688 0)
(-0.792074 19.9752 0)
(-0.793421 19.9803 0)
(-0.794521 19.9844 0)
(-0.795403 19.9877 0)
(-0.796113 19.9903 0)
(-0.796681 19.9924 0)
(-0.797134 19.9941 0)
(-0.797493 19.9954 0)
(-0.797777 19.9965 0)
(-0.798001 19.9974 0)
(-0.798177 19.9981 0)
(-0.798315 19.9986 0)
(-0.798422 19.999 0)
(-0.798506 19.9994 0)
(-0.79857 19.9997 0)
(-0.79862 19.9999 0)
(-0.798659 20.0001 0)
(-0.798688 20.0002 0)
(-0.798711 20.0003 0)
(-0.798728 20.0004 0)
(-0.798741 20.0004 0)
(-0.798751 20.0005 0)
(-0.798759 20.0005 0)
(-0.798764 20.0006 0)
(-0.798769 20.0006 0)
(-0.798772 20.0006 0)
(-0.798774 20.0006 0)
(-0.798776 20.0006 0)
(-0.798778 20.0007 0)
(-0.798779 20.0007 0)
(-0.798779 20.0007 0)
(-0.79878 20.0007 0)
(-0.79878 20.0007 0)
(-0.798781 20.0007 0)
(-0.798781 20.0007 0)
(-0.798781 20.0007 0)
(-0.798781 20.0007 0)
(-0.798781 20.0007 0)
(-0.798781 20.0007 0)
(-0.798781 20.0007 0)
(-0.798781 20.0007 0)
(-0.798781 20.0007 0)
(-0.798781 20.0007 0)
(-0.798781 20.0007 0)
(-0.798781 20.0007 0)
(-0.798781 20.0007 0)
(-0.798781 20.0007 0)
(-0.798781 20.0007 0)
(-0.798781 20.0007 0)
(-0.798781 20.0007 0)
(-0.798781 20.0007 0)
(-0.798781 20.0007 0)
(-0.798781 20.0007 0)
(-0.798781 20.0007 0)
(-0.798781 20.0007 0)
(-0.798781 20.0007 0)
(-0.798781 20.0007 0)
(-0.798781 20.0007 0)
(-0.798781 20.0007 0)
(-0.798781 20.0007 0)
(-0.798781 20.0007 0)
(-0.798781 20.0007 0)
(-0.798781 20.0007 0)
(-0.798781 20.0007 0)
(-0.798781 20.0007 0)
(-0.798781 20.0007 0)
(-0.798782 20.0007 0)
(-0.798782 20.0007 0)
(-0.798782 20.0007 0)
(-0.798782 20.0007 0)
(-0.798782 20.0007 0)
(-0.798782 20.0007 0)
(-0.798783 20.0007 0)
(-0.798784 20.0007 0)
(-0.798785 20.0007 0)
(-0.798787 20.0007 0)
(-0.79879 20.0007 0)
(-0.798795 20.0007 0)
(-0.798801 20.0006 0)
(-0.798812 20.0006 0)
(-0.798827 20.0006 0)
(-0.798852 20.0006 0)
(-0.79889 20.0005 0)
(-0.798949 20.0004 0)
(-0.799046 20.0003 0)
(-0.799204 20.0002 0)
(-0.799475 20.0001 0)
(-0.79995 20.0001 0)
(-0.800816 20.0006 0)
(-0.802218 20.002 0)
(-0.804221 20.0039 0)
(-0.726944 19.864 0)
(-0.774697 19.9012 0)
(-0.798017 19.9146 0)
(-0.81518 19.9263 0)
(-0.820401 19.9394 0)
(-0.825073 19.9516 0)
(-0.827532 19.9617 0)
(-0.829744 19.9697 0)
(-0.831344 19.976 0)
(-0.832696 19.981 0)
(-0.833758 19.985 0)
(-0.834626 19.9882 0)
(-0.835319 19.9907 0)
(-0.835876 19.9927 0)
(-0.836319 19.9944 0)
(-0.836671 19.9957 0)
(-0.836949 19.9967 0)
(-0.837168 19.9976 0)
(-0.837339 19.9982 0)
(-0.837473 19.9988 0)
(-0.837576 19.9992 0)
(-0.837656 19.9995 0)
(-0.837717 19.9998 0)
(-0.837764 20 0)
(-0.837799 20.0002 0)
(-0.837826 20.0003 0)
(-0.837846 20.0004 0)
(-0.837861 20.0005 0)
(-0.837873 20.0006 0)
(-0.837881 20.0006 0)
(-0.837887 20.0007 0)
(-0.837892 20.0007 0)
(-0.837895 20.0007 0)
(-0.837897 20.0007 0)
(-0.837899 20.0008 0)
(-0.8379 20.0008 0)
(-0.837901 20.0008 0)
(-0.837902 20.0008 0)
(-0.837902 20.0008 0)
(-0.837902 20.0008 0)
(-0.837903 20.0008 0)
(-0.837903 20.0008 0)
(-0.837903 20.0008 0)
(-0.837903 20.0008 0)
(-0.837903 20.0008 0)
(-0.837903 20.0008 0)
(-0.837903 20.0008 0)
(-0.837903 20.0008 0)
(-0.837903 20.0008 0)
(-0.837903 20.0008 0)
(-0.837903 20.0008 0)
(-0.837903 20.0008 0)
(-0.837903 20.0008 0)
(-0.837903 20.0008 0)
(-0.837903 20.0008 0)
(-0.837903 20.0008 0)
(-0.837903 20.0008 0)
(-0.837903 20.0008 0)
(-0.837903 20.0008 0)
(-0.837903 20.0008 0)
(-0.837903 20.0008 0)
(-0.837903 20.0008 0)
(-0.837903 20.0008 0)
(-0.837903 20.0008 0)
(-0.837903 20.0008 0)
(-0.837903 20.0008 0)
(-0.837903 20.0008 0)
(-0.837903 20.0008 0)
(-0.837903 20.0008 0)
(-0.837903 20.0008 0)
(-0.837903 20.0008 0)
(-0.837903 20.0008 0)
(-0.837903 20.0008 0)
(-0.837903 20.0008 0)
(-0.837903 20.0008 0)
(-0.837903 20.0008 0)
(-0.837903 20.0008 0)
(-0.837903 20.0008 0)
(-0.837903 20.0008 0)
(-0.837903 20.0008 0)
(-0.837904 20.0008 0)
(-0.837904 20.0008 0)
(-0.837905 20.0008 0)
(-0.837905 20.0008 0)
(-0.837907 20.0008 0)
(-0.837909 20.0008 0)
(-0.837913 20.0008 0)
(-0.837918 20.0008 0)
(-0.837926 20.0008 0)
(-0.837938 20.0007 0)
(-0.837957 20.0007 0)
(-0.837986 20.0007 0)
(-0.838032 20.0006 0)
(-0.838106 20.0005 0)
(-0.838227 20.0005 0)
(-0.83843 20.0004 0)
(-0.838782 20.0005 0)
(-0.839385 20.0009 0)
(-0.840315 20.0024 0)
(-0.841164 20.0043 0)
(-0.755236 19.9314 0)
(-0.807929 19.9398 0)
(-0.821185 19.9417 0)
(-0.835615 19.9481 0)
(-0.838846 19.957 0)
(-0.842589 19.9659 0)
(-0.844259 19.9731 0)
(-0.845875 19.9789 0)
(-0.84697 19.9834 0)
(-0.847914 19.987 0)
(-0.84864 19.9898 0)
(-0.849236 19.9921 0)
(-0.849707 19.9939 0)
(-0.850085 19.9954 0)
(-0.850383 19.9965 0)
(-0.850618 19.9975 0)
(-0.850801 19.9982 0)
(-0.850944 19.9988 0)
(-0.851054 19.9993 0)
(-0.851138 19.9997 0)
(-0.851202 20 0)
(-0.85125 20.0002 0)
(-0.851285 20.0004 0)
(-0.851312 20.0006 0)
(-0.851331 20.0007 0)
(-0.851345 20.0008 0)
(-0.851355 20.0009 0)
(-0.851361 20.0009 0)
(-0.851366 20.001 0)
(-0.851369 20.001 0)
(-0.851371 20.001 0)
(-0.851372 20.0011 0)
(-0.851373 20.0011 0)
(-0.851373 20.0011 0)
(-0.851373 20.0011 0)
(-0.851373 20.0011 0)
(-0.851373 20.0011 0)
(-0.851373 20.0011 0)
(-0.851372 20.0011 0)
(-0.851372 20.0011 0)
(-0.851372 20.0011 0)
(-0.851372 20.0011 0)
(-0.851372 20.0011 0)
(-0.851371 20.0011 0)
(-0.851371 20.0011 0)
(-0.851371 20.0011 0)
(-0.851371 20.0011 0)
(-0.851371 20.0011 0)
(-0.851371 20.0011 0)
(-0.851371 20.0011 0)
(-0.851371 20.0011 0)
(-0.851371 20.0011 0)
(-0.851371 20.0011 0)
(-0.851371 20.0011 0)
(-0.851371 20.0011 0)
(-0.851371 20.0011 0)
(-0.851371 20.0011 0)
(-0.851371 20.0011 0)
(-0.851371 20.0011 0)
(-0.851371 20.0011 0)
(-0.851371 20.0011 0)
(-0.851371 20.0011 0)
(-0.851371 20.0011 0)
(-0.851371 20.0011 0)
(-0.851371 20.0011 0)
(-0.851371 20.0011 0)
(-0.851371 20.0011 0)
(-0.851371 20.0011 0)
(-0.851371 20.0011 0)
(-0.851371 20.0011 0)
(-0.851371 20.0011 0)
(-0.851371 20.0011 0)
(-0.851371 20.0011 0)
(-0.851371 20.0011 0)
(-0.851371 20.0011 0)
(-0.851371 20.0011 0)
(-0.851371 20.0011 0)
(-0.851371 20.0011 0)
(-0.851371 20.0011 0)
(-0.851371 20.0011 0)
(-0.851371 20.0011 0)
(-0.851371 20.0011 0)
(-0.851372 20.0011 0)
(-0.851372 20.0011 0)
(-0.851373 20.0011 0)
(-0.851375 20.0011 0)
(-0.851377 20.0011 0)
(-0.85138 20.0011 0)
(-0.851386 20.0011 0)
(-0.851394 20.0011 0)
(-0.851406 20.0011 0)
(-0.851426 20.001 0)
(-0.851458 20.001 0)
(-0.851508 20.0009 0)
(-0.851591 20.0009 0)
(-0.851727 20.0008 0)
(-0.85196 20.0009 0)
(-0.852314 20.0014 0)
(-0.852788 20.0026 0)
(-0.852464 20.0042 0)
(-0.720741 20.0002 0)
(-0.770211 19.9731 0)
(-0.768825 19.9669 0)
(-0.779611 19.9696 0)
(-0.780829 19.9746 0)
(-0.783491 19.98 0)
(-0.784306 19.9844 0)
(-0.785248 19.9879 0)
(-0.78579 19.9906 0)
(-0.786286 19.9927 0)
(-0.786648 19.9944 0)
(-0.786949 19.9958 0)
(-0.787181 19.9969 0)
(-0.787365 19.9978 0)
(-0.787508 19.9985 0)
(-0.787618 19.999 0)
(-0.787701 19.9995 0)
(-0.787763 19.9998 0)
(-0.787809 20.0001 0)
(-0.787842 20.0003 0)
(-0.787865 20.0005 0)
(-0.78788 20.0007 0)
(-0.78789 20.0008 0)
(-0.787896 20.0009 0)
(-0.787899 20.0009 0)
(-0.7879 20.001 0)
(-0.7879 20.001 0)
(-0.787898 20.0011 0)
(-0.787897 20.0011 0)
(-0.787895 20.0011 0)
(-0.787893 20.0011 0)
(-0.787891 20.0011 0)
(-0.787889 20.0012 0)
(-0.787888 20.0012 0)
(-0.787886 20.0012 0)
(-0.787885 20.0012 0)
(-0.787884 20.0012 0)
(-0.787883 20.0012 0)
(-0.787882 20.0012 0)
(-0.787882 20.0012 0)
(-0.787881 20.0012 0)
(-0.787881 20.0012 0)
(-0.78788 20.0012 0)
(-0.78788 20.0012 0)
(-0.78788 20.0012 0)
(-0.787879 20.0012 0)
(-0.787879 20.0012 0)
(-0.787879 20.0012 0)
(-0.787879 20.0012 0)
(-0.787879 20.0012 0)
(-0.787879 20.0012 0)
(-0.787879 20.0012 0)
(-0.787879 20.0012 0)
(-0.787879 20.0012 0)
(-0.787879 20.0012 0)
(-0.787879 20.0012 0)
(-0.787879 20.0012 0)
(-0.787879 20.0012 0)
(-0.787879 20.0012 0)
(-0.787879 20.0012 0)
(-0.787879 20.0012 0)
(-0.787879 20.0012 0)
(-0.787879 20.0012 0)
(-0.787879 20.0012 0)
(-0.787879 20.0012 0)
(-0.787879 20.0012 0)
(-0.787879 20.0012 0)
(-0.787879 20.0012 0)
(-0.787879 20.0012 0)
(-0.787879 20.0012 0)
(-0.787879 20.0012 0)
(-0.787879 20.0012 0)
(-0.787879 20.0012 0)
(-0.787879 20.0012 0)
(-0.787879 20.0012 0)
(-0.787879 20.0012 0)
(-0.787879 20.0012 0)
(-0.787879 20.0012 0)
(-0.787879 20.0012 0)
(-0.787879 20.0012 0)
(-0.787879 20.0012 0)
(-0.787879 20.0012 0)
(-0.787879 20.0012 0)
(-0.787879 20.0012 0)
(-0.78788 20.0012 0)
(-0.78788 20.0012 0)
(-0.787881 20.0012 0)
(-0.787883 20.0012 0)
(-0.787885 20.0012 0)
(-0.787889 20.0012 0)
(-0.787895 20.0012 0)
(-0.787905 20.0011 0)
(-0.787922 20.0011 0)
(-0.787948 20.0011 0)
(-0.787994 20.001 0)
(-0.788068 20.001 0)
(-0.788197 20.0011 0)
(-0.788339 20.0014 0)
(-0.788459 20.0022 0)
(-0.787402 20.0032 0)
(-0.473704 20.0302 0)
(-0.499762 19.9949 0)
(-0.486456 19.989 0)
(-0.492093 19.9895 0)
(-0.491798 19.9911 0)
(-0.493056 19.993 0)
(-0.4931 19.9944 0)
(-0.493356 19.9956 0)
(-0.493401 19.9965 0)
(-0.493482 19.9972 0)
(-0.493519 19.9978 0)
(-0.493555 19.9982 0)
(-0.493577 19.9986 0)
(-0.493593 19.9989 0)
(-0.493601 19.9991 0)
(-0.493605 19.9993 0)
(-0.493605 19.9994 0)
(-0.493602 19.9995 0)
(-0.493597 19.9996 0)
(-0.49359 19.9997 0)
(-0.493583 19.9998 0)
(-0.493575 19.9998 0)
(-0.493567 19.9999 0)
(-0.49356 19.9999 0)
(-0.493553 19.9999 0)
(-0.493546 19.9999 0)
(-0.493541 19.9999 0)
(-0.493535 20 0)
(-0.493531 20 0)
(-0.493527 20 0)
(-0.493523 20 0)
(-0.49352 20 0)
(-0.493518 20 0)
(-0.493516 20 0)
(-0.493514 20 0)
(-0.493513 20 0)
(-0.493511 20 0)
(-0.49351 20 0)
(-0.49351 20 0)
(-0.493509 20 0)
(-0.493509 20 0)
(-0.493508 20 0)
(-0.493508 20 0)
(-0.493507 20 0)
(-0.493507 20 0)
(-0.493507 20 0)
(-0.493507 20 0)
(-0.493507 20 0)
(-0.493507 20 0)
(-0.493507 20 0)
(-0.493507 20 0)
(-0.493507 20 0)
(-0.493507 20 0)
(-0.493507 20 0)
(-0.493506 20 0)
(-0.493506 20 0)
(-0.493506 20 0)
(-0.493506 20 0)
(-0.493506 20 0)
(-0.493506 20 0)
(-0.493506 20 0)
(-0.493506 20 0)
(-0.493506 20 0)
(-0.493506 20 0)
(-0.493506 20 0)
(-0.493506 20 0)
(-0.493506 20 0)
(-0.493506 20 0)
(-0.493506 20 0)
(-0.493506 20 0)
(-0.493506 20 0)
(-0.493506 20 0)
(-0.493506 20 0)
(-0.493506 20 0)
(-0.493506 20 0)
(-0.493506 20 0)
(-0.493506 20 0)
(-0.493506 20 0)
(-0.493506 20 0)
(-0.493506 20 0)
(-0.493506 20 0)
(-0.493506 20 0)
(-0.493506 20 0)
(-0.493506 20 0)
(-0.493506 20 0)
(-0.493506 20 0)
(-0.493506 20 0)
(-0.493506 20 0)
(-0.493506 20 0)
(-0.493506 20 0)
(-0.493507 20 0)
(-0.493508 20 0)
(-0.493511 20 0)
(-0.493517 20 0)
(-0.493529 20 0)
(-0.493549 19.9999 0)
(-0.493591 20 0)
(-0.493596 20.0001 0)
(-0.493552 20.0004 0)
(-0.49279 20.0007 0)
)
;

boundaryField
{
    inlet
    {
        type            zeroGradient;
    }
    outlet
    {
        type            zeroGradient;
    }
    lowerWall
    {
        type            fixedValue;
        value           uniform (0 20 0);
    }
    upperWall
    {
        type            fixedValue;
        value           uniform (0 20 0);
    }
    frontAndBack
    {
        type            empty;
    }
}


// ************************************************************************* //
