/*--------------------------------*- C++ -*----------------------------------*\
  =========                 |
  \\      /  F ield         | OpenFOAM: The Open Source CFD Toolbox
   \\    /   O peration     | Website:  https://openfoam.org
    \\  /    A nd           | Version:  7
     \\/     M anipulation  |
\*---------------------------------------------------------------------------*/
FoamFile
{
    version     2.0;
    format      ascii;
    class       surfaceScalarField;
    location    "2";
    object      phi;
}
// * * * * * * * * * * * * * * * * * * * * * * * * * * * * * * * * * * * * * //

dimensions      [0 3 -1 0 0 0 0];

internalField   nonuniform List<scalar> 
7860
(
0.00283433
0.00216566
0.00262121
0.000213127
0.00260885
1.23539e-05
0.00260636
2.49521e-06
0.00260908
-2.72168e-06
0.00260781
1.26642e-06
0.00260672
1.09684e-06
0.00260515
1.56722e-06
0.00260393
1.22026e-06
0.00260285
1.0841e-06
0.00260198
8.66056e-07
0.00260125
7.26797e-07
0.00260066
5.96711e-07
0.00260016
5.0066e-07
0.00259974
4.18223e-07
0.00259938
3.53282e-07
0.00259909
2.99391e-07
0.00259883
2.54391e-07
0.00259861
2.17141e-07
0.00259843
1.85367e-07
0.00259827
1.58259e-07
0.00259813
1.35925e-07
0.00259802
1.15547e-07
0.00259792
9.89382e-08
0.00259783
8.42549e-08
0.00259776
7.14555e-08
0.0025977
6.09655e-08
0.00259765
5.11047e-08
0.00259761
4.3074e-08
0.00259757
3.63714e-08
0.00259754
3.00314e-08
0.00259752
2.5867e-08
0.0025975
2.09757e-08
0.00259748
1.75909e-08
0.00259747
1.439e-08
0.00259745
1.1401e-08
0.00259744
9.69501e-09
0.00259744
7.77009e-09
0.00259743
6.44326e-09
0.00259742
5.64956e-09
0.00259742
3.97651e-09
0.00259742
3.77083e-09
0.00259741
2.5806e-09
0.00259741
2.44261e-09
0.00259741
2.07471e-09
0.00259741
1.55457e-09
0.00259741
1.37628e-09
0.00259741
1.00269e-09
0.00259741
7.1336e-10
0.00259741
8.84574e-10
0.0025974
3.27517e-10
0.0025974
5.33633e-10
0.0025974
3.02178e-11
0.0025974
1.4255e-10
0.0025974
5.21885e-11
0.0025974
1.44765e-10
0.0025974
7.65315e-11
0.0025974
1.32295e-10
0.0025974
-8.51967e-11
0.0025974
1.41353e-10
0.0025974
1.13847e-11
0.0025974
2.38707e-10
0.0025974
9.83645e-11
0.0025974
1.86761e-10
0.0025974
3.98939e-11
0.0025974
2.25536e-10
0.0025974
1.38142e-11
0.0025974
1.75064e-10
0.0025974
-9.2742e-11
0.0025974
2.8683e-11
0.0025974
-1.67861e-11
0.0025974
1.2234e-10
0.0025974
1.49817e-10
0.0025974
2.72093e-10
0.0025974
1.64477e-10
0.0025974
3.95458e-10
0.0025974
2.13868e-10
0.0025974
4.69078e-10
0.0025974
3.01609e-10
0.0025974
4.29804e-10
0.0025974
4.82301e-10
0.0025974
6.94318e-10
0.0025974
1.09118e-09
0.0025974
1.66615e-09
0.00259739
2.37837e-09
0.00259739
3.61059e-09
0.00259739
4.95849e-09
0.00259738
7.24606e-09
0.00259737
1.00572e-08
0.00259735
1.41233e-08
0.00259733
1.95385e-08
0.00259731
2.60441e-08
0.00259727
3.35042e-08
0.00259724
3.7404e-08
0.0025972
3.33419e-08
0.00259718
2.26096e-08
0.00259708
1.01417e-07
0.00259638
6.95983e-07
0.00259378
2.60231e-06
-1.19031e-06
0.00456763
0.00259803
0.00437535
0.000405409
0.00434654
4.11603e-05
0.00434278
6.25261e-06
0.0043458
-5.73702e-06
0.00434428
2.78868e-06
0.00434266
2.71805e-06
0.00434046
3.76744e-06
0.00433867
3.0061e-06
0.00433709
2.65811e-06
0.00433582
2.13809e-06
0.00433476
1.79254e-06
0.00433388
1.47506e-06
0.00433314
1.23817e-06
0.00433252
1.03511e-06
0.004332
8.74912e-07
0.00433156
7.42532e-07
0.00433118
6.32093e-07
0.00433086
5.40851e-07
0.00433058
4.62893e-07
0.00433034
3.9606e-07
0.00433014
3.4075e-07
0.00432997
2.90501e-07
0.00432982
2.49093e-07
0.00432969
2.12604e-07
0.00432958
1.80627e-07
0.00432948
1.54481e-07
0.00432941
1.30065e-07
0.00432934
1.10047e-07
0.00432928
9.32679e-08
0.00432923
7.73681e-08
0.00432919
6.65317e-08
0.00432916
5.43792e-08
0.00432913
4.56556e-08
0.00432911
3.77324e-08
0.00432909
3.01493e-08
0.00432907
2.56594e-08
0.00432906
2.06327e-08
0.00432905
1.70356e-08
0.00432904
1.47866e-08
0.00432904
1.07348e-08
0.00432903
9.99299e-09
0.00432902
7.16438e-09
0.00432902
6.44706e-09
0.00432902
5.47485e-09
0.00432902
4.04524e-09
0.00432901
3.6117e-09
0.00432901
2.69009e-09
0.00432901
1.95647e-09
0.00432901
2.22845e-09
0.00432901
9.53398e-10
0.00432901
1.34173e-09
0.00432901
3.22315e-10
0.00432901
4.67323e-10
0.00432901
2.6279e-10
0.00432901
2.98839e-10
0.00432901
1.21811e-10
0.00432901
2.33562e-10
0.00432901
-1.86564e-10
0.00432901
2.86095e-10
0.00432901
1.56617e-11
0.00432901
4.18669e-10
0.00432901
1.67245e-10
0.00432901
3.09682e-10
0.004329
1.23225e-12
0.004329
3.43425e-10
0.004329
-1.16589e-10
0.004329
2.43894e-10
0.004329
-2.34734e-10
0.004329
5.55758e-11
0.004329
5.55401e-11
0.004329
3.06638e-10
0.004329
3.86429e-10
0.004329
6.06172e-10
0.004329
3.6938e-10
0.004329
8.40723e-10
0.004329
4.27504e-10
0.004329
9.38824e-10
0.004329
6.42514e-10
0.004329
9.64827e-10
0.004329
1.24452e-09
0.004329
1.78249e-09
0.004329
2.78724e-09
0.00432899
4.18112e-09
0.00432899
5.97587e-09
0.00432898
9.00607e-09
0.00432898
1.24257e-08
0.00432897
1.80738e-08
0.00432895
2.51894e-08
0.00432893
3.53809e-08
0.0043289
4.9092e-08
0.00432886
6.57539e-08
0.00432881
8.58121e-08
0.00432874
9.9647e-08
0.00432867
1.04565e-07
0.00432858
1.11252e-07
0.00432827
4.16985e-07
0.00432694
2.02816e-06
0.00432236
7.18202e-06
7.90986e-06
0.00507201
0.00252602
0.00495544
0.000521983
0.00492276
7.38363e-05
0.00492051
8.50702e-06
0.00492235
-7.57494e-06
0.0049212
3.93346e-06
0.00491954
4.38277e-06
0.00491747
5.83377e-06
0.00491572
4.75939e-06
0.00491419
4.18226e-06
0.00491295
3.38365e-06
0.00491191
2.83232e-06
0.00491105
2.33438e-06
0.00491033
1.95771e-06
0.00490972
1.63904e-06
0.00490921
1.3857e-06
0.00490878
1.17733e-06
0.00490841
1.00363e-06
0.00490809
8.6027e-07
0.00490781
7.37755e-07
0.00490758
6.32414e-07
0.00490737
5.44934e-07
0.0049072
4.65754e-07
0.00490705
4.00013e-07
0.00490692
3.42232e-07
0.00490681
2.91392e-07
0.00490671
2.49843e-07
0.00490663
2.11213e-07
0.00490656
1.7928e-07
0.0049065
1.5243e-07
0.00490645
1.27004e-07
0.00490641
1.09188e-07
0.00490638
8.9846e-08
0.00490635
7.55152e-08
0.00490632
6.2814e-08
0.0049063
5.04909e-08
0.00490628
4.29522e-08
0.00490627
3.46849e-08
0.00490626
2.86163e-08
0.00490625
2.47092e-08
0.00490624
1.8351e-08
0.00490623
1.68087e-08
0.00490623
1.24361e-08
0.00490622
1.08557e-08
0.00490622
9.23155e-09
0.00490622
6.7906e-09
0.00490622
6.03719e-09
0.00490621
4.55294e-09
0.00490621
3.36224e-09
0.00490621
3.63884e-09
0.00490621
1.76092e-09
0.00490621
2.21437e-09
0.00490621
8.25048e-10
0.00490621
8.82294e-10
0.00490621
5.83489e-10
0.00490621
4.58892e-10
0.00490621
1.8477e-10
0.00490621
3.29336e-10
0.00490621
-2.08427e-10
0.00490621
4.57745e-10
0.00490621
1.15908e-10
0.00490621
6.1692e-10
0.00490621
3.3254e-10
0.00490621
4.82021e-10
0.00490621
4.98906e-11
0.00490621
4.46724e-10
0.00490621
-2.22346e-10
0.00490621
2.60156e-10
0.00490621
-3.44112e-10
0.00490621
5.89037e-11
0.00490621
1.55267e-10
0.0049062
4.80173e-10
0.0049062
6.51178e-10
0.0049062
9.5036e-10
0.0049062
6.49585e-10
0.0049062
1.30714e-09
0.0049062
7.32046e-10
0.0049062
1.41382e-09
0.0049062
1.06102e-09
0.0049062
1.53861e-09
0.0049062
2.09108e-09
0.0049062
2.94243e-09
0.0049062
4.54839e-09
0.00490619
6.74038e-09
0.00490619
9.64622e-09
0.00490618
1.44526e-08
0.00490618
2.00032e-08
0.00490617
2.89564e-08
0.00490615
4.0423e-08
0.00490613
5.67401e-08
0.0049061
7.88864e-08
0.00490606
1.06187e-07
0.004906
1.40675e-07
0.00490593
1.6934e-07
0.00490584
2.00361e-07
0.00490569
2.56712e-07
0.00490522
8.91008e-07
0.0049036
3.64811e-06
0.00489775
1.30248e-05
2.27387e-05
0.0052099
0.00231612
0.00513958
0.000592307
0.0051125
0.000100915
0.00511137
9.64105e-06
0.00511245
-8.66183e-06
0.00511162
4.76281e-06
0.00511016
5.84582e-06
0.00510842
7.57238e-06
0.00510691
6.27368e-06
0.0051056
5.49133e-06
0.00510452
4.46119e-06
0.00510362
3.73051e-06
0.00510288
3.07793e-06
0.00510225
2.58129e-06
0.00510173
2.16226e-06
0.00510129
1.82873e-06
0.00510091
1.55533e-06
0.00510059
1.32758e-06
0.00510031
1.13979e-06
0.00510007
9.79307e-07
0.00509986
8.40963e-07
0.00509968
7.25785e-07
0.00509952
6.21727e-07
0.00509939
5.34906e-07
0.00509927
4.58678e-07
0.00509917
3.91358e-07
0.00509908
3.36359e-07
0.00509901
2.85471e-07
0.00509895
2.42992e-07
0.00509889
2.07214e-07
0.00509884
1.73263e-07
0.0050988
1.49004e-07
0.00509877
1.23229e-07
0.00509874
1.03721e-07
0.00509872
8.67188e-08
0.0050987
7.00721e-08
0.00509868
5.96138e-08
0.00509867
4.83249e-08
0.00509866
3.98532e-08
0.00509865
3.43337e-08
0.00509864
2.59283e-08
0.00509864
2.351e-08
0.00509863
1.77674e-08
0.00509863
1.51832e-08
0.00509862
1.28845e-08
0.00509862
9.44362e-09
0.00509862
8.33794e-09
0.00509862
6.35352e-09
0.00509861
4.72537e-09
0.00509861
4.97329e-09
0.00509861
2.62247e-09
0.00509861
3.09967e-09
0.00509861
1.4744e-09
0.00509861
1.38408e-09
0.00509861
9.84853e-10
0.00509861
6.39852e-10
0.00509861
2.65664e-10
0.00509861
4.46959e-10
0.00509861
-1.55865e-10
0.00509861
6.69813e-10
0.00509861
2.77937e-10
0.00509861
8.23855e-10
0.00509861
5.4513e-10
0.00509861
6.82448e-10
0.00509861
1.4507e-10
0.00509861
5.1574e-10
0.00509861
-3.42451e-10
0.00509861
2.16841e-10
0.00509861
-4.54744e-10
0.00509861
3.82998e-11
0.00509861
2.43271e-10
0.00509861
6.27566e-10
0.0050986
9.04435e-10
0.0050986
1.27983e-09
0.0050986
9.63024e-10
0.0050986
1.75642e-09
0.0050986
1.05775e-09
0.0050986
1.84376e-09
0.0050986
1.47321e-09
0.0050986
2.08373e-09
0.0050986
2.90458e-09
0.0050986
4.04019e-09
0.0050986
6.1731e-09
0.00509859
9.06032e-09
0.00509859
1.29578e-08
0.00509859
1.93264e-08
0.00509858
2.67895e-08
0.00509857
3.86437e-08
0.00509855
5.39916e-08
0.00509854
7.57705e-08
0.00509851
1.05589e-07
0.00509847
1.42949e-07
0.00509842
1.92447e-07
0.00509835
2.39976e-07
0.00509824
3.11297e-07
0.00509805
4.41564e-07
0.00509749
1.4586e-06
0.00509583
5.3014e-06
0.00508957
1.92888e-05
3.78145e-05
0.00523328
0.00208283
0.00519418
0.000631415
0.00517352
0.000121571
0.0051732
9.96609e-06
0.00517381
-9.28131e-06
0.00517329
5.28756e-06
0.00517211
7.02986e-06
0.00517074
8.94107e-06
0.00516952
7.4893e-06
0.00516847
6.54141e-06
0.0051676
5.33072e-06
0.00516687
4.45612e-06
0.00516627
3.67974e-06
0.00516577
3.08385e-06
0.00516535
2.58604e-06
0.00516499
2.18882e-06
0.00516468
1.86353e-06
0.00516441
1.59262e-06
0.00516418
1.36932e-06
0.00516399
1.17857e-06
0.00516381
1.01381e-06
0.00516366
8.76342e-07
0.00516353
7.52278e-07
0.00516342
6.48325e-07
0.00516332
5.57168e-07
0.00516324
4.76374e-07
0.00516316
4.10347e-07
0.0051631
3.49601e-07
0.00516304
2.98256e-07
0.005163
2.55052e-07
0.00516296
2.13951e-07
0.00516292
1.84084e-07
0.00516289
1.5289e-07
0.00516287
1.28828e-07
0.00516284
1.0817e-07
0.00516283
8.7757e-08
0.00516281
7.46617e-08
0.0051628
6.06959e-08
0.00516279
5.01031e-08
0.00516278
4.31426e-08
0.00516277
3.30624e-08
0.00516277
2.97115e-08
0.00516276
2.28363e-08
0.00516276
1.92032e-08
0.00516275
1.6317e-08
0.00516275
1.19674e-08
0.00516275
1.05217e-08
0.00516275
8.05852e-09
0.00516275
6.02459e-09
0.00516275
6.17632e-09
0.00516275
3.50818e-09
0.00516274
3.93711e-09
0.00516274
2.18638e-09
0.00516274
1.8545e-09
0.00516274
1.37812e-09
0.00516274
8.00505e-10
0.00516274
3.8288e-10
0.00516274
5.80924e-10
0.00516274
-4.18323e-11
0.00516274
8.6912e-10
0.00516274
4.81691e-10
0.00516274
1.02308e-09
0.00516274
8.08563e-10
0.00516274
8.86853e-10
0.00516274
2.7957e-10
0.00516274
5.51204e-10
0.00516274
-4.32023e-10
0.00516274
1.6379e-10
0.00516274
-5.05922e-10
0.00516274
2.04241e-11
0.00516274
3.47519e-10
0.00516274
7.65193e-10
0.00516274
1.19231e-09
0.00516274
1.62599e-09
0.00516274
1.34058e-09
0.00516274
2.19092e-09
0.00516274
1.42053e-09
0.00516274
2.2469e-09
0.00516273
1.90157e-09
0.00516273
2.58531e-09
0.00516273
3.64012e-09
0.00516273
4.98903e-09
0.00516273
7.57193e-09
0.00516273
1.10184e-08
0.00516273
1.5756e-08
0.00516272
2.34072e-08
0.00516272
3.2477e-08
0.00516271
4.67097e-08
0.0051627
6.53206e-08
0.00516268
9.16804e-08
0.00516266
1.28121e-07
0.00516262
1.74556e-07
0.00516258
2.38884e-07
0.00516251
3.08017e-07
0.00516239
4.29153e-07
0.00516219
6.48582e-07
0.0051616
2.04268e-06
0.00516003
6.86821e-06
0.00515415
2.51727e-05
5.09455e-05
0.00522259
0.00186024
0.00520655
0.000647459
0.00519182
0.000136294
0.00519204
9.74667e-06
0.00519238
-9.61982e-06
0.00519212
5.54369e-06
0.00519124
7.91589e-06
0.00519024
9.93865e-06
0.00518933
8.39977e-06
0.00518854
7.32713e-06
0.00518789
5.98723e-06
0.00518734
5.00487e-06
0.00518688
4.13637e-06
0.0051865
3.46603e-06
0.00518618
2.90903e-06
0.0051859
2.46414e-06
0.00518566
2.10021e-06
0.00518546
1.79702e-06
0.00518528
1.54719e-06
0.00518513
1.33382e-06
0.00518499
1.14923e-06
0.00518487
9.94954e-07
0.00518477
8.55755e-07
0.00518468
7.38733e-07
0.0051846
6.36227e-07
0.00518453
5.44975e-07
0.00518447
4.70437e-07
0.00518442
4.01669e-07
0.00518438
3.43785e-07
0.00518434
2.9475e-07
0.0051843
2.47953e-07
0.00518427
2.13462e-07
0.00518425
1.77908e-07
0.00518423
1.50035e-07
0.00518421
1.26425e-07
0.00518419
1.0292e-07
0.00518418
8.75776e-08
0.00518417
7.13794e-08
0.00518416
5.89808e-08
0.00518415
5.08126e-08
0.00518415
3.94354e-08
0.00518414
3.51909e-08
0.00518414
2.7424e-08
0.00518413
2.27714e-08
0.00518413
1.93895e-08
0.00518413
1.42563e-08
0.00518413
1.24966e-08
0.00518413
9.62697e-09
0.00518412
7.21031e-09
0.00518412
7.22569e-09
0.00518412
4.33497e-09
0.00518412
4.67022e-09
0.00518412
2.88186e-09
0.00518412
2.26741e-09
0.00518412
1.7324e-09
0.00518412
9.33353e-10
0.00518412
5.0088e-10
0.00518412
7.2183e-10
0.00518412
1.03986e-10
0.00518412
1.06586e-09
0.00518412
7.08998e-10
0.00518412
1.21227e-09
0.00518412
1.09208e-09
0.00518412
1.09147e-09
0.00518412
4.4488e-10
0.00518412
5.79557e-10
0.00518412
-4.95103e-10
0.00518412
1.1599e-10
0.00518412
-5.07334e-10
0.00518412
3.28598e-11
0.00518412
4.80217e-10
0.00518412
9.13498e-10
0.00518412
1.50308e-09
0.00518412
1.98198e-09
0.00518411
1.75126e-09
0.00518411
2.59974e-09
0.00518411
1.77846e-09
0.00518411
2.59562e-09
0.00518411
2.28838e-09
0.00518411
3.00415e-09
0.00518411
4.24881e-09
0.00518411
5.75554e-09
0.00518411
8.70235e-09
0.00518411
1.25772e-08
0.00518411
1.79749e-08
0.0051841
2.6635e-08
0.0051841
3.69665e-08
0.00518409
5.30394e-08
0.00518408
7.42471e-08
0.00518407
1.04268e-07
0.00518405
1.46185e-07
0.00518402
2.00526e-07
0.00518398
2.78936e-07
0.00518392
3.70206e-07
0.0051838
5.4601e-07
0.00518359
8.5901e-07
0.00518302
2.61308e-06
0.00518164
8.24728e-06
0.0051766
3.02177e-05
6.15784e-05
0.00520394
0.0016563
0.00520547
0.000645931
0.00519607
0.000145689
0.00519665
9.17299e-06
0.0051968
-9.77598e-06
0.00519678
5.56883e-06
0.00519618
8.51012e-06
0.00519554
1.05871e-05
0.00519492
9.01637e-06
0.00519439
7.85934e-06
0.00519394
6.43793e-06
0.00519356
5.38287e-06
0.00519324
4.45281e-06
0.00519298
3.73191e-06
0.00519275
3.13469e-06
0.00519256
2.65733e-06
0.00519239
2.26728e-06
0.00519224
1.94215e-06
0.00519212
1.67426e-06
0.00519201
1.44553e-06
0.00519191
1.24735e-06
0.00519182
1.08153e-06
0.00519175
9.31876e-07
0.00519168
8.05721e-07
0.00519162
6.95348e-07
0.00519157
5.96647e-07
0.00519152
5.15993e-07
0.00519148
4.41544e-07
0.00519145
3.78884e-07
0.00519142
3.25666e-07
0.00519139
2.74665e-07
0.00519137
2.36626e-07
0.00519135
1.97796e-07
0.00519133
1.66896e-07
0.00519132
1.41042e-07
0.00519131
1.15137e-07
0.0051913
9.80091e-08
0.00519129
8.00765e-08
0.00519128
6.62301e-08
0.00519127
5.71222e-08
0.00519127
4.47895e-08
0.00519126
3.97664e-08
0.00519126
3.13191e-08
0.00519126
2.57472e-08
0.00519126
2.20046e-08
0.00519125
1.62317e-08
0.00519125
1.41847e-08
0.00519125
1.10004e-08
0.00519125
8.23585e-09
0.00519125
8.09906e-09
0.00519125
5.0597e-09
0.00519125
5.25243e-09
0.00519125
3.49254e-09
0.00519125
2.5829e-09
0.00519125
2.02088e-09
0.00519125
1.03702e-09
0.00519125
6.06174e-10
0.00519125
8.61248e-10
0.00519125
2.58775e-10
0.00519125
1.25991e-09
0.00519125
9.61424e-10
0.00519124
1.40436e-09
0.00519124
1.39414e-09
0.00519124
1.30221e-09
0.00519124
6.49579e-10
0.00519124
6.37687e-10
0.00519124
-5.08684e-10
0.00519124
9.5455e-11
0.00519124
-4.65219e-10
0.00519124
7.48405e-11
0.00519124
6.34944e-10
0.00519124
1.07215e-09
0.00519124
1.82603e-09
0.00519124
2.33899e-09
0.00519124
2.1786e-09
0.00519124
2.98697e-09
0.00519124
2.13052e-09
0.00519124
2.90004e-09
0.00519124
2.62367e-09
0.00519124
3.32736e-09
0.00519124
4.70631e-09
0.00519124
6.31399e-09
0.00519124
9.54278e-09
0.00519123
1.37263e-08
0.00519123
1.9611e-08
0.00519123
2.89227e-08
0.00519123
4.02743e-08
0.00519122
5.76386e-08
0.00519122
8.07777e-08
0.00519121
1.1353e-07
0.00519119
1.59728e-07
0.00519117
2.20645e-07
0.00519114
3.11752e-07
0.00519108
4.24801e-07
0.00519098
6.552e-07
0.00519077
1.05915e-06
0.00519026
3.13069e-06
0.00518912
9.38035e-06
0.00518513
3.42137e-05
6.96155e-05
0.00518536
0.00147094
0.00520053
0.000630764
0.00519585
0.00015037
0.00519664
8.38943e-06
0.00519665
-9.79467e-06
0.00519682
5.40558e-06
0.0051965
8.8302e-06
0.00519617
1.09154e-05
0.00519583
9.35801e-06
0.00519553
8.15452e-06
0.00519527
6.69476e-06
0.00519506
5.59988e-06
0.00519487
4.63667e-06
0.00519472
3.88735e-06
0.00519458
3.26792e-06
0.00519447
2.77236e-06
0.00519437
2.36789e-06
0.00519428
2.03046e-06
0.0051942
1.75241e-06
0.00519413
1.51508e-06
0.00519407
1.30912e-06
0.00519402
1.13671e-06
0.00519397
9.81e-07
0.00519392
8.49456e-07
0.00519389
7.34534e-07
0.00519385
6.31286e-07
0.00519382
5.46872e-07
0.00519379
4.68942e-07
0.00519377
4.03235e-07
0.00519375
3.47419e-07
0.00519373
2.93698e-07
0.00519371
2.53247e-07
0.0051937
2.12232e-07
0.00519369
1.79127e-07
0.00519368
1.5174e-07
0.00519367
1.24136e-07
0.00519366
1.05731e-07
0.00519365
8.65873e-08
0.00519365
7.16682e-08
0.00519364
6.18958e-08
0.00519364
4.89186e-08
0.00519363
4.32027e-08
0.00519363
3.43861e-08
0.00519363
2.80431e-08
0.00519363
2.40449e-08
0.00519363
1.77834e-08
0.00519363
1.54777e-08
0.00519362
1.20963e-08
0.00519362
9.03712e-09
0.00519362
8.76248e-09
0.00519362
5.64127e-09
0.00519362
5.65631e-09
0.00519362
3.98032e-09
0.00519362
2.79144e-09
0.00519362
2.2367e-09
0.00519362
1.11297e-09
0.00519362
6.8479e-10
0.00519362
9.88931e-10
0.00519362
4.04201e-10
0.00519362
1.44839e-09
0.00519362
1.23278e-09
0.00519362
1.59919e-09
0.00519362
1.70327e-09
0.00519362
1.51578e-09
0.00519362
8.90812e-10
0.00519362
7.43652e-10
0.00519362
-4.66995e-10
0.00519362
1.05291e-10
0.00519362
-3.99867e-10
0.00519362
1.31447e-10
0.00519362
7.90277e-10
0.00519362
1.22107e-09
0.00519362
2.12982e-09
0.00519362
2.66731e-09
0.00519362
2.59074e-09
0.00519362
3.34261e-09
0.00519362
2.4639e-09
0.00519361
3.15927e-09
0.00519361
2.895e-09
0.00519361
3.54968e-09
0.00519361
5.00385e-09
0.00519361
6.66161e-09
0.00519361
1.00845e-08
0.00519361
1.44626e-08
0.00519361
2.06774e-08
0.00519361
3.03568e-08
0.00519361
4.23052e-08
0.0051936
6.05673e-08
0.0051936
8.49672e-08
0.00519359
1.19529e-07
0.00519358
1.68775e-07
0.00519357
2.34789e-07
0.00519354
3.36688e-07
0.0051935
4.69672e-07
0.0051934
7.50479e-07
0.00519323
1.23589e-06
0.00519279
3.56428e-06
0.00519194
1.02347e-05
0.00518908
3.70737e-05
7.50838e-05
0.00516893
0.00130201
0.00519488
0.000604818
0.00519434
0.000150907
0.00519523
7.50456e-06
0.00519512
-9.6894e-06
0.00519543
5.09817e-06
0.00519536
8.89924e-06
0.00519532
1.09539e-05
0.00519523
9.44644e-06
0.00519515
8.23108e-06
0.00519508
6.77157e-06
0.00519501
5.66701e-06
0.00519495
4.6966e-06
0.0051949
3.93931e-06
0.00519485
3.3143e-06
0.00519481
2.81381e-06
0.00519477
2.40571e-06
0.00519474
2.06486e-06
0.00519471
1.78398e-06
0.00519468
1.5443e-06
0.00519465
1.33593e-06
0.00519463
1.16154e-06
0.0051946
1.00387e-06
0.00519458
8.70444e-07
0.00519456
7.54093e-07
0.00519455
6.49062e-07
0.00519453
5.63159e-07
0.00519452
4.83775e-07
0.0051945
4.16723e-07
0.00519449
3.59823e-07
0.00519448
3.04831e-07
0.00519447
2.6312e-07
0.00519446
2.2102e-07
0.00519445
1.86563e-07
0.00519445
1.58351e-07
0.00519444
1.29758e-07
0.00519444
1.10596e-07
0.00519443
9.07825e-08
0.00519443
7.51714e-08
0.00519443
6.49937e-08
0.00519442
5.16851e-08
0.00519442
4.54524e-08
0.00519442
3.65223e-08
0.00519442
2.95554e-08
0.00519442
2.54134e-08
0.00519442
1.88081e-08
0.00519442
1.62888e-08
0.00519441
1.28349e-08
0.00519441
9.55829e-09
0.00519441
9.17928e-09
0.00519441
6.05201e-09
0.00519441
5.86573e-09
0.00519441
4.3272e-09
0.00519441
2.89236e-09
0.00519441
2.37848e-09
0.00519441
1.16208e-09
0.00519441
7.2946e-10
0.00519441
1.09772e-09
0.00519441
5.27569e-10
0.00519441
1.61903e-09
0.00519441
1.50973e-09
0.00519441
1.78556e-09
0.00519441
2.00422e-09
0.00519441
1.71904e-09
0.00519441
1.15479e-09
0.00519441
8.97423e-10
0.00519441
-3.71795e-10
0.00519441
1.44819e-10
0.00519441
-3.25412e-10
0.00519441
1.87945e-10
0.00519441
9.28446e-10
0.00519441
1.34076e-09
0.00519441
2.38786e-09
0.00519441
2.93701e-09
0.00519441
2.95756e-09
0.00519441
3.65015e-09
0.00519441
2.7643e-09
0.00519441
3.36998e-09
0.00519441
3.09855e-09
0.00519441
3.67467e-09
0.00519441
5.14716e-09
0.00519441
6.8072e-09
0.00519441
1.03309e-08
0.0051944
1.47994e-08
0.0051944
2.11393e-08
0.0051944
3.09776e-08
0.0051944
4.3217e-08
0.0051944
6.18652e-08
0.0051944
8.68714e-08
0.0051944
1.2234e-07
0.00519439
1.73378e-07
0.00519438
2.42872e-07
0.00519437
3.53134e-07
0.00519433
5.02833e-07
0.00519426
8.26354e-07
0.00519411
1.37832e-06
0.00519379
3.89181e-06
0.00519323
1.07915e-05
0.00519153
3.87747e-05
7.80787e-05
0.00515491
0.00114709
0.00518949
0.000570241
0.00519259
0.000147807
0.0051935
6.59399e-06
0.00519327
-9.45769e-06
0.00519368
4.68825e-06
0.00519383
8.74264e-06
0.00519406
1.07326e-05
0.0051942
9.30422e-06
0.00519432
8.10803e-06
0.00519441
6.68295e-06
0.00519448
5.59597e-06
0.00519454
4.64186e-06
0.00519458
3.89525e-06
0.00519461
3.27986e-06
0.00519464
2.78657e-06
0.00519466
2.38472e-06
0.00519468
2.0486e-06
0.00519469
1.77163e-06
0.0051947
1.53535e-06
0.00519471
1.32951e-06
0.00519471
1.15739e-06
0.00519471
1.00155e-06
0.00519471
8.69487e-07
0.00519471
7.54589e-07
0.00519471
6.5038e-07
0.00519471
5.65144e-07
0.00519471
4.86216e-07
0.00519471
4.19441e-07
0.0051947
3.62888e-07
0.0051947
3.08007e-07
0.0051947
2.66172e-07
0.0051947
2.24069e-07
0.00519469
1.8914e-07
0.00519469
1.60813e-07
0.00519469
1.31936e-07
0.00519469
1.12542e-07
0.00519468
9.25954e-08
0.00519468
7.66812e-08
0.00519468
6.63448e-08
0.00519468
5.30172e-08
0.00519468
4.64471e-08
0.00519468
3.765e-08
0.00519468
3.0249e-08
0.00519468
2.60705e-08
0.00519468
1.92631e-08
0.00519468
1.65787e-08
0.00519468
1.31586e-08
0.00519468
9.76057e-09
0.00519468
9.33117e-09
0.00519468
6.26869e-09
0.00519468
5.87387e-09
0.00519468
4.52824e-09
0.00519468
2.8918e-09
0.00519468
2.44765e-09
0.00519468
1.18504e-09
0.00519468
7.36876e-10
0.00519468
1.18236e-09
0.00519468
6.18398e-10
0.00519468
1.75258e-09
0.00519468
1.76794e-09
0.00519468
1.94063e-09
0.00519468
2.27275e-09
0.00519467
1.88852e-09
0.00519467
1.41439e-09
0.00519467
1.08216e-09
0.00519467
-2.33976e-10
0.00519467
2.11851e-10
0.00519467
-2.48022e-10
0.00519467
2.38929e-10
0.00519467
1.04291e-09
0.00519467
1.42319e-09
0.00519467
2.58539e-09
0.00519467
3.12717e-09
0.00519467
3.25428e-09
0.00519467
3.8915e-09
0.00519467
3.01551e-09
0.00519467
3.52757e-09
0.00519467
3.23494e-09
0.00519467
3.71555e-09
0.00519467
5.155e-09
0.00519467
6.74323e-09
0.00519467
1.03108e-08
0.00519467
1.47468e-08
0.00519467
2.10766e-08
0.00519467
3.0821e-08
0.00519467
4.3041e-08
0.00519467
6.15985e-08
0.00519467
8.65672e-08
0.00519467
1.22066e-07
0.00519467
1.73626e-07
0.00519467
2.44872e-07
0.00519466
3.6061e-07
0.00519464
5.22698e-07
0.00519459
8.78456e-07
0.00519449
1.47825e-06
0.00519428
4.0986e-06
0.00519403
1.1042e-05
0.00519347
3.93351e-05
7.87406e-05
0.0051431
0.00100399
0.00518464
0.000528699
0.00519093
0.000141517
0.00519182
5.70558e-06
0.00519145
-9.09112e-06
0.00519193
4.2125e-06
0.00519228
8.38642e-06
0.00519274
1.02803e-05
0.00519309
8.95394e-06
0.00519339
7.80446e-06
0.00519363
6.44382e-06
0.00519383
5.39885e-06
0.00519399
4.48208e-06
0.00519412
3.76301e-06
0.00519423
3.17094e-06
0.00519432
2.69583e-06
0.00519439
2.30917e-06
0.00519446
1.98519e-06
0.00519451
1.71828e-06
0.00519456
1.49066e-06
0.00519459
1.2919e-06
0.00519462
1.12593e-06
0.00519465
9.75385e-07
0.00519467
8.47661e-07
0.00519469
7.36848e-07
0.0051947
6.35875e-07
0.00519472
5.53338e-07
0.00519473
4.76666e-07
0.00519473
4.11697e-07
0.00519474
3.5682e-07
0.00519475
3.0334e-07
0.00519475
2.62464e-07
0.00519475
2.21404e-07
0.00519476
1.8689e-07
0.00519476
1.59155e-07
0.00519476
1.30682e-07
0.00519476
1.11577e-07
0.00519476
9.20138e-08
0.00519476
7.61945e-08
0.00519476
6.59476e-08
0.00519476
5.2894e-08
0.00519476
4.61671e-08
0.00519476
3.77361e-08
0.00519476
3.01084e-08
0.00519476
2.60021e-08
0.00519476
1.91484e-08
0.00519476
1.63437e-08
0.00519476
1.30612e-08
0.00519476
9.63689e-09
0.00519476
9.20329e-09
0.00519476
6.29239e-09
0.00519476
5.69505e-09
0.00519476
4.58851e-09
0.00519476
2.79536e-09
0.00519476
2.45033e-09
0.00519476
1.17734e-09
0.00519476
7.11701e-10
0.00519476
1.23367e-09
0.00519476
6.68398e-10
0.00519476
1.82619e-09
0.00519476
1.97788e-09
0.00519476
2.03462e-09
0.00519476
2.48253e-09
0.00519476
1.99509e-09
0.00519476
1.63726e-09
0.00519476
1.26912e-09
0.00519476
-6.60222e-11
0.00519476
3.02277e-10
0.00519476
-1.64824e-10
0.00519476
2.86183e-10
0.00519476
1.1434e-09
0.00519476
1.46861e-09
0.00519476
2.72535e-09
0.00519476
3.22981e-09
0.00519476
3.46632e-09
0.00519476
4.05195e-09
0.00519476
3.2031e-09
0.00519476
3.62744e-09
0.00519476
3.30791e-09
0.00519476
3.68583e-09
0.00519476
5.05392e-09
0.00519476
6.52018e-09
0.00519476
1.00317e-08
0.00519476
1.43245e-08
0.00519476
2.05034e-08
0.00519476
2.99203e-08
0.00519476
4.18119e-08
0.00519476
5.9841e-08
0.00519477
8.41618e-08
0.00519477
1.18851e-07
0.00519477
1.69671e-07
0.00519478
2.40854e-07
0.00519478
3.58836e-07
0.00519477
5.28156e-07
0.00519475
9.03665e-07
0.0051947
1.53006e-06
0.00519462
4.17623e-06
0.00519467
1.09862e-05
0.00519521
3.88019e-05
7.72381e-05
0.0051332
0.000870787
0.00518038
0.00048152
0.00518946
0.000132443
0.0051903
4.86621e-06
0.00518979
-8.58156e-06
0.0051903
3.70151e-06
0.00519083
7.85618e-06
0.00519148
9.62491e-06
0.00519202
8.41798e-06
0.00519248
7.33937e-06
0.00519286
6.06924e-06
0.00519317
5.08794e-06
0.00519342
4.22718e-06
0.00519364
3.55067e-06
0.00519381
2.99414e-06
0.00519396
2.54705e-06
0.00519409
2.18359e-06
0.0051942
1.87841e-06
0.00519429
1.62712e-06
0.00519436
1.41292e-06
0.00519443
1.22537e-06
0.00519449
1.06907e-06
0.00519454
9.26979e-07
0.00519458
8.06301e-07
0.00519461
7.01944e-07
0.00519464
6.06405e-07
0.00519467
5.28454e-07
0.00519469
4.55722e-07
0.00519471
3.93991e-07
0.00519472
3.42014e-07
0.00519473
2.91114e-07
0.00519474
2.52207e-07
0.00519475
2.13175e-07
0.00519476
1.79943e-07
0.00519477
1.53495e-07
0.00519477
1.26084e-07
0.00519477
1.07766e-07
0.00519478
8.90761e-08
0.00519478
7.37508e-08
0.00519478
6.38495e-08
0.00519478
5.13456e-08
0.00519479
4.46425e-08
0.00519479
3.67869e-08
0.00519479
2.91391e-08
0.00519479
2.52256e-08
0.00519479
1.84868e-08
0.00519479
1.56195e-08
0.00519479
1.25648e-08
0.00519479
9.20144e-09
0.00519479
8.80624e-09
0.00519479
6.13062e-09
0.00519479
5.34754e-09
0.00519479
4.51671e-09
0.00519479
2.61556e-09
0.00519479
2.38746e-09
0.00519479
1.14495e-09
0.00519479
6.51832e-10
0.00519479
1.25436e-09
0.00519479
6.70994e-10
0.00519479
1.82034e-09
0.00519479
2.10843e-09
0.00519479
2.04125e-09
0.00519479
2.60739e-09
0.00519479
2.01712e-09
0.00519479
1.78944e-09
0.00519479
1.42929e-09
0.00519479
1.09298e-10
0.00519479
4.16711e-10
0.00519479
-6.8368e-11
0.00519479
3.39431e-10
0.00519479
1.23864e-09
0.00519479
1.48979e-09
0.00519479
2.81224e-09
0.00519479
3.24884e-09
0.00519479
3.5854e-09
0.00519479
4.12223e-09
0.00519479
3.3152e-09
0.00519479
3.66593e-09
0.00519479
3.32014e-09
0.00519479
3.60013e-09
0.00519479
4.86856e-09
0.00519479
6.16305e-09
0.00519479
9.51941e-09
0.00519479
1.35512e-08
0.00519479
1.94329e-08
0.00519479
2.8308e-08
0.00519479
3.95795e-08
0.0051948
5.66805e-08
0.0051948
7.97895e-08
0.00519481
1.12879e-07
0.00519482
1.61727e-07
0.00519483
2.30988e-07
0.00519484
3.47762e-07
0.00519485
5.18607e-07
0.00519485
9.00139e-07
0.00519485
1.53066e-06
0.0051949
4.12195e-06
0.00519526
1.06318e-05
0.00519681
3.72439e-05
7.37575e-05
0.00512496
0.000745826
0.0051767
0.000429782
0.00518819
0.000120956
0.00518897
4.08788e-06
0.00518831
-7.92459e-06
0.00518883
3.17931e-06
0.00518951
7.17656e-06
0.00519034
8.79271e-06
0.00519104
7.71833e-06
0.00519165
6.73153e-06
0.00519214
5.57434e-06
0.00519256
4.67563e-06
0.0051929
3.88725e-06
0.00519318
3.26654e-06
0.00519342
2.75634e-06
0.00519362
2.34595e-06
0.00519379
2.01279e-06
0.00519394
1.7323e-06
0.00519406
1.50158e-06
0.00519417
1.30508e-06
0.00519426
1.13244e-06
0.00519434
9.88991e-07
0.00519441
8.58175e-07
0.00519447
7.46975e-07
0.00519452
6.51179e-07
0.00519456
5.63039e-07
0.0051946
4.91393e-07
0.00519463
4.24157e-07
0.00519466
3.66989e-07
0.00519468
3.19037e-07
0.0051947
2.71779e-07
0.00519472
2.35761e-07
0.00519473
1.99658e-07
0.00519475
1.68534e-07
0.00519476
1.44034e-07
0.00519476
1.18303e-07
0.00519477
1.01236e-07
0.00519478
8.38692e-08
0.00519478
6.94263e-08
0.00519478
6.01332e-08
0.00519479
4.84389e-08
0.00519479
4.19311e-08
0.00519479
3.48287e-08
0.00519479
2.73648e-08
0.0051948
2.37692e-08
0.0051948
1.7317e-08
0.0051948
1.44582e-08
0.0051948
1.17091e-08
0.0051948
8.4822e-09
0.0051948
8.1617e-09
0.0051948
5.79582e-09
0.0051948
4.85017e-09
0.0051948
4.32538e-09
0.0051948
2.36393e-09
0.0051948
2.26466e-09
0.0051948
1.09158e-09
0.0051948
5.60903e-10
0.0051948
1.24497e-09
0.0051948
6.25835e-10
0.0051948
1.72554e-09
0.0051948
2.13992e-09
0.0051948
1.94436e-09
0.0051948
2.63389e-09
0.0051948
1.94527e-09
0.0051948
1.85044e-09
0.0051948
1.53975e-09
0.0051948
2.7467e-10
0.0051948
5.51907e-10
0.0051948
4.84791e-11
0.0051948
4.0641e-10
0.0051948
1.33649e-09
0.0051948
1.49416e-09
0.0051948
2.85393e-09
0.0051948
3.19232e-09
0.0051948
3.60959e-09
0.0051948
4.0984e-09
0.0051948
3.3443e-09
0.0051948
3.64012e-09
0.0051948
3.27313e-09
0.0051948
3.46597e-09
0.0051948
4.61588e-09
0.0051948
5.69211e-09
0.0051948
8.80194e-09
0.0051948
1.24518e-08
0.0051948
1.78919e-08
0.0051948
2.60287e-08
0.00519481
3.64133e-08
0.00519481
5.22263e-08
0.00519482
7.3612e-08
0.00519483
1.04371e-07
0.00519484
1.50067e-07
0.00519485
2.15563e-07
0.00519487
3.2759e-07
0.0051949
4.93988e-07
0.00519493
8.67307e-07
0.00519498
1.47926e-06
0.00519517
3.93803e-06
0.0051958
9.99401e-06
0.0051983
3.47454e-05
6.84976e-05
0.00511814
0.000627681
0.00517356
0.00037437
0.00518711
0.000107401
0.00518783
3.3726e-06
0.00518702
-7.12127e-06
0.00518754
2.66351e-06
0.00518834
6.37084e-06
0.00518933
7.80892e-06
0.00519017
6.87657e-06
0.0051909
5.99947e-06
0.0051915
4.97422e-06
0.005192
4.17446e-06
0.00519242
3.47259e-06
0.00519276
2.91918e-06
0.00519306
2.46465e-06
0.0051933
2.09852e-06
0.00519351
1.80182e-06
0.0051937
1.55121e-06
0.00519385
1.34538e-06
0.00519399
1.17031e-06
0.0051941
1.01585e-06
0.0051942
8.88053e-07
0.00519429
7.71017e-07
0.00519437
6.71452e-07
0.00519443
5.86065e-07
0.00519449
5.07041e-07
0.00519454
4.43231e-07
0.00519458
3.82897e-07
0.00519461
3.31506e-07
0.00519464
2.886e-07
0.00519467
2.45935e-07
0.00519469
2.13625e-07
0.00519471
1.81253e-07
0.00519473
1.52993e-07
0.00519474
1.31056e-07
0.00519475
1.07571e-07
0.00519476
9.21709e-08
0.00519477
7.65292e-08
0.00519477
6.33315e-08
0.00519478
5.49086e-08
0.00519478
4.42668e-08
0.00519479
3.81142e-08
0.00519479
3.19124e-08
0.00519479
2.48237e-08
0.0051948
2.16718e-08
0.0051948
1.56805e-08
0.0051948
1.29103e-08
0.0051948
1.05384e-08
0.0051948
7.50758e-09
0.0051948
7.29168e-09
0.0051948
5.29648e-09
0.0051948
4.22034e-09
0.0051948
4.02528e-09
0.0051948
2.05072e-09
0.0051948
2.08693e-09
0.00519481
1.02095e-09
0.00519481
4.43431e-10
0.00519481
1.20884e-09
0.00519481
5.3992e-10
0.00519481
1.54689e-09
0.00519481
2.06973e-09
0.00519481
1.74469e-09
0.00519481
2.56526e-09
0.00519481
1.78907e-09
0.00519481
1.81887e-09
0.00519481
1.59179e-09
0.0051948
4.18187e-10
0.0051948
7.05384e-10
0.0051948
1.89807e-10
0.0051948
4.92703e-10
0.0051948
1.43905e-09
0.0051948
1.48526e-09
0.0051948
2.85557e-09
0.0051948
3.07011e-09
0.0051948
3.54209e-09
0.0051948
3.98244e-09
0.0051948
3.28815e-09
0.0051948
3.54953e-09
0.0051948
3.16715e-09
0.0051948
3.28538e-09
0.0051948
4.30371e-09
0.0051948
5.12659e-09
0.0051948
7.9058e-09
0.00519481
1.10598e-08
0.00519481
1.59217e-08
0.00519481
2.31446e-08
0.00519481
3.24037e-08
0.00519482
4.66101e-08
0.00519483
6.58144e-08
0.00519484
9.3577e-08
0.00519485
1.35025e-07
0.00519487
1.94979e-07
0.0051949
2.98776e-07
0.00519494
4.54773e-07
0.005195
8.05815e-07
0.0051951
1.37728e-06
0.00519541
3.63122e-06
0.00519631
9.09421e-06
0.00519965
3.14032e-05
6.16663e-05
0.00511258
0.000515105
0.00517092
0.000316027
0.00518622
9.21031e-05
0.00518687
2.71605e-06
0.00518593
-6.17869e-06
0.00518643
2.16558e-06
0.00518734
5.46084e-06
0.00518845
6.69757e-06
0.00518941
5.91388e-06
0.00519025
5.16147e-06
0.00519094
4.28401e-06
0.00519152
3.597e-06
0.005192
2.99362e-06
0.0051924
2.51728e-06
0.00519274
2.12639e-06
0.00519302
1.81095e-06
0.00519327
1.556e-06
0.00519348
1.33968e-06
0.00519366
1.16244e-06
0.00519382
1.012e-06
0.00519396
8.78541e-07
0.00519408
7.68814e-07
0.00519418
6.67727e-07
0.00519427
5.81681e-07
0.00519435
5.08296e-07
0.00519442
4.39854e-07
0.00519448
3.85205e-07
0.00519453
3.33011e-07
0.00519457
2.88482e-07
0.00519461
2.5154e-07
0.00519464
2.14304e-07
0.00519467
1.86423e-07
0.00519469
1.58467e-07
0.00519471
1.33742e-07
0.00519472
1.14915e-07
0.00519474
9.41871e-08
0.00519475
8.08194e-08
0.00519476
6.72436e-08
0.00519477
5.56131e-08
0.00519477
4.83094e-08
0.00519478
3.89438e-08
0.00519478
3.32975e-08
0.00519479
2.81139e-08
0.00519479
2.15742e-08
0.0051948
1.89803e-08
0.0051948
1.36186e-08
0.0051948
1.102e-08
0.0051948
9.08793e-09
0.0051948
6.3016e-09
0.0051948
6.21136e-09
0.0051948
4.63842e-09
0.0051948
3.46873e-09
0.00519481
3.62162e-09
0.00519481
1.68139e-09
0.00519481
1.8554e-09
0.00519481
9.35182e-10
0.00519481
3.02305e-10
0.00519481
1.15215e-09
0.00519481
4.26011e-10
0.00519481
1.30327e-09
0.00519481
1.91317e-09
0.00519481
1.4602e-09
0.00519481
2.42014e-09
0.00519481
1.57438e-09
0.00519481
1.71193e-09
0.00519481
1.59231e-09
0.00519481
5.35698e-10
0.00519481
8.75405e-10
0.00519481
3.58254e-10
0.00519481
6.01168e-10
0.0051948
1.54549e-09
0.0051948
1.46394e-09
0.0051948
2.82027e-09
0.0051948
2.89307e-09
0.0051948
3.39111e-09
0.0051948
3.78275e-09
0.0051948
3.15078e-09
0.0051948
3.39801e-09
0.0051948
3.00332e-09
0.0051948
3.05636e-09
0.0051948
3.93241e-09
0.00519481
4.47541e-09
0.00519481
6.85607e-09
0.00519481
9.41615e-09
0.00519481
1.35787e-08
0.00519481
1.97372e-08
0.00519482
2.76619e-08
0.00519482
3.99826e-08
0.00519483
5.6599e-08
0.00519485
8.0773e-08
0.00519486
1.16978e-07
0.00519489
1.69743e-07
0.00519493
2.62019e-07
0.00519498
4.01953e-07
0.00519507
7.1745e-07
0.00519522
1.22808e-06
0.00519563
3.21211e-06
0.00519677
7.95945e-06
0.00520085
2.73236e-05
5.34786e-05
0.00510812
0.000406984
0.00516876
0.000255385
0.00518549
7.53731e-05
0.0051861
2.11031e-06
0.00518503
-5.1099e-06
0.0051855
1.6915e-06
0.0051865
4.46681e-06
0.00518771
5.48164e-06
0.00518877
4.85104e-06
0.0051897
4.23555e-06
0.00519047
3.51879e-06
0.00519111
2.9559e-06
0.00519164
2.46087e-06
0.00519209
2.06972e-06
0.00519246
1.74905e-06
0.00519279
1.48965e-06
0.00519306
1.28083e-06
0.0051933
1.10252e-06
0.0051935
9.56928e-07
0.00519368
8.33757e-07
0.00519384
7.23628e-07
0.00519397
6.34004e-07
0.00519409
5.50687e-07
0.00519419
4.79763e-07
0.00519428
4.19723e-07
0.00519436
3.63084e-07
0.00519442
3.18701e-07
0.00519448
2.75695e-07
0.00519453
2.38967e-07
0.00519457
2.08793e-07
0.00519461
1.77711e-07
0.00519464
1.54876e-07
0.00519467
1.319e-07
0.00519469
1.1128e-07
0.00519471
9.60296e-08
0.00519473
7.85053e-08
0.00519474
6.74856e-08
0.00519475
5.6252e-08
0.00519476
4.64574e-08
0.00519477
4.04936e-08
0.00519478
3.26048e-08
0.00519478
2.76095e-08
0.00519479
2.3537e-08
0.00519479
1.76998e-08
0.00519479
1.57578e-08
0.0051948
1.11776e-08
0.0051948
8.82984e-09
0.0051948
7.39003e-09
0.0051948
4.88651e-09
0.0051948
4.93381e-09
0.0051948
3.82267e-09
0.0051948
2.60083e-09
0.0051948
3.11399e-09
0.00519481
1.25516e-09
0.00519481
1.56628e-09
0.00519481
8.31219e-10
0.00519481
1.3751e-10
0.00519481
1.07736e-09
0.00519481
2.97787e-10
0.00519481
1.02099e-09
0.00519481
1.69802e-09
0.00519481
1.11982e-09
0.00519481
2.22573e-09
0.00519481
1.33479e-09
0.00519481
1.55872e-09
0.00519481
1.55946e-09
0.00519481
6.31888e-10
0.00519481
1.06099e-09
0.00519481
5.54444e-10
0.00519481
7.33214e-10
0.00519481
1.65421e-09
0.00519481
1.42956e-09
0.00519481
2.75094e-09
0.00519481
2.67289e-09
0.00519481
3.16974e-09
0.00519481
3.51349e-09
0.00519481
2.94225e-09
0.00519481
3.19394e-09
0.00519481
2.78524e-09
0.00519481
2.77642e-09
0.00519481
3.4982e-09
0.00519481
3.74326e-09
0.00519481
5.67621e-09
0.00519481
7.56673e-09
0.00519481
1.09299e-08
0.00519482
1.59011e-08
0.00519482
2.23133e-08
0.00519483
3.25077e-08
0.00519484
4.61798e-08
0.00519485
6.62504e-08
0.00519487
9.63454e-08
0.0051949
1.40455e-07
0.00519495
2.1825e-07
0.00519501
3.3699e-07
0.00519512
6.05022e-07
0.00519531
1.0368e-06
0.00519583
2.69455e-06
0.00519717
6.62161e-06
0.00520187
2.26201e-05
4.41545e-05
0.00510467
0.000302313
0.00516706
0.000192994
0.00518492
5.75097e-05
0.00518549
1.54566e-06
0.00518431
-3.93326e-06
0.00518476
1.24247e-06
0.00518582
3.40757e-06
0.00518712
4.18319e-06
0.00518826
3.7085e-06
0.00518926
3.23956e-06
0.00519008
2.69358e-06
0.00519077
2.26384e-06
0.00519135
1.88498e-06
0.00519183
1.58549e-06
0.00519224
1.34029e-06
0.00519259
1.14118e-06
0.00519289
9.81998e-07
0.00519315
8.4465e-07
0.00519337
7.33158e-07
0.00519357
6.39349e-07
0.00519374
5.54408e-07
0.00519388
4.86508e-07
0.00519401
4.22423e-07
0.00519412
3.67933e-07
0.00519422
3.2233e-07
0.00519431
2.78476e-07
0.00519438
2.45239e-07
0.00519444
2.12257e-07
0.0051945
1.8411e-07
0.00519455
1.61379e-07
0.00519459
1.37063e-07
0.00519462
1.19786e-07
0.00519465
1.02225e-07
0.00519468
8.61686e-08
0.0051947
7.48695e-08
0.00519472
6.09281e-08
0.00519473
5.25233e-08
0.00519474
4.38426e-08
0.00519475
3.6092e-08
0.00519476
3.16458e-08
0.00519477
2.5405e-08
0.00519478
2.12019e-08
0.00519478
1.8312e-08
0.00519479
1.33104e-08
0.00519479
1.20869e-08
0.00519479
8.41444e-09
0.0051948
6.38691e-09
0.0051948
5.48022e-09
0.0051948
3.29067e-09
0.0051948
3.47748e-09
0.0051948
2.85417e-09
0.0051948
1.62214e-09
0.0051948
2.5004e-09
0.00519481
7.68267e-10
0.00519481
1.21237e-09
0.00519481
7.01693e-10
0.00519481
-5.52505e-11
0.00519481
9.82528e-10
0.00519481
1.64745e-10
0.00519481
7.26011e-10
0.00519481
1.45537e-09
0.00519481
7.54998e-10
0.00519481
2.00875e-09
0.00519481
1.10179e-09
0.00519481
1.39045e-09
0.00519481
1.51589e-09
0.00519481
7.13781e-10
0.00519481
1.25999e-09
0.00519481
7.75014e-10
0.00519481
8.8775e-10
0.00519481
1.76397e-09
0.00519481
1.38273e-09
0.00519481
2.65161e-09
0.00519481
2.42231e-09
0.00519481
2.89464e-09
0.00519481
3.19306e-09
0.00519481
2.67658e-09
0.00519481
2.94868e-09
0.00519481
2.5191e-09
0.00519481
2.44483e-09
0.00519481
2.99676e-09
0.00519481
2.9316e-09
0.00519481
4.38722e-09
0.00519481
5.5579e-09
0.00519481
8.04585e-09
0.00519482
1.17362e-08
0.00519482
1.64892e-08
0.00519483
2.43558e-08
0.00519484
3.47801e-08
0.00519486
5.03159e-08
0.00519488
7.35781e-08
0.00519491
1.078e-07
0.00519496
1.68599e-07
0.00519504
2.61768e-07
0.00519517
4.72228e-07
0.0051954
8.10021e-07
0.005196
2.09506e-06
0.0051975
5.11655e-06
0.00520271
1.74116e-05
3.39174e-05
0.00510215
0.000200166
0.0051658
0.00012934
0.00518451
3.88032e-05
0.00518504
1.01178e-06
0.00518378
-2.67164e-06
0.00518421
8.15738e-07
0.00518531
2.30063e-06
0.00518667
2.82353e-06
0.00518787
2.50642e-06
0.00518892
2.19113e-06
0.00518979
1.82342e-06
0.00519052
1.53352e-06
0.00519113
1.27667e-06
0.00519164
1.07366e-06
0.00519207
9.07872e-07
0.00519244
7.72255e-07
0.00519276
6.65308e-07
0.00519303
5.71151e-07
0.00519327
4.95593e-07
0.00519348
4.32697e-07
0.00519366
3.7432e-07
0.00519382
3.29353e-07
0.00519395
2.85587e-07
0.00519407
2.4854e-07
0.00519418
2.18216e-07
0.00519427
1.8789e-07
0.00519435
1.6645e-07
0.00519441
1.44108e-07
0.00519447
1.25139e-07
0.00519452
1.10388e-07
0.00519457
9.3323e-08
0.00519461
8.20125e-08
0.00519464
7.01751e-08
0.00519467
5.90228e-08
0.00519469
5.19497e-08
0.00519471
4.18948e-08
0.00519472
3.63244e-08
0.00519474
3.0346e-08
0.00519475
2.47843e-08
0.00519476
2.19805e-08
0.00519477
1.7521e-08
0.00519478
1.42445e-08
0.00519478
1.25903e-08
0.00519479
8.53637e-09
0.00519479
8.06844e-09
0.00519479
5.3986e-09
0.0051948
3.74753e-09
0.0051948
3.40385e-09
0.0051948
1.5548e-09
0.0051948
1.87449e-09
0.0051948
1.74916e-09
0.0051948
5.45681e-10
0.0051948
1.78433e-09
0.0051948
2.19695e-10
0.00519481
7.87443e-10
0.00519481
5.3709e-10
0.00519481
-2.83413e-10
0.00519481
8.59611e-10
0.00519481
2.8131e-11
0.00519481
4.36123e-10
0.00519481
1.21067e-09
0.00519481
3.91473e-10
0.00519481
1.7883e-09
0.00519481
8.96902e-10
0.00519481
1.23193e-09
0.00519481
1.48165e-09
0.00519481
7.87369e-10
0.00519481
1.46622e-09
0.00519481
1.01068e-09
0.00519481
1.05938e-09
0.00519481
1.87286e-09
0.00519481
1.32499e-09
0.00519481
2.52734e-09
0.00519481
2.15406e-09
0.00519481
2.58392e-09
0.00519481
2.84144e-09
0.00519481
2.36893e-09
0.00519481
2.67377e-09
0.00519481
2.21225e-09
0.00519481
2.06351e-09
0.00519481
2.42655e-09
0.00519481
2.04219e-09
0.00519481
3.00744e-09
0.00519481
3.43202e-09
0.00519481
4.99287e-09
0.00519482
7.33774e-09
0.00519482
1.03187e-08
0.00519483
1.5701e-08
0.00519484
2.26329e-08
0.00519486
3.32942e-08
0.00519489
4.91634e-08
0.00519492
7.25393e-08
0.00519497
1.14372e-07
0.00519506
1.78523e-07
0.00519521
3.235e-07
0.00519546
5.55553e-07
0.00519612
1.43228e-06
0.00519776
3.4833e-06
0.00520335
1.1821e-05
2.29938e-05
0.00510049
9.96711e-05
0.00516497
6.48674e-05
0.00518423
1.95378e-05
0.00518475
4.9827e-07
0.00518342
-1.35138e-06
0.00518383
4.05572e-07
0.00518497
1.16248e-06
0.00518637
1.42337e-06
0.00518761
1.26472e-06
0.0051887
1.10778e-06
0.0051896
9.2325e-07
0.00519035
7.77669e-07
0.00519098
6.467e-07
0.00519151
5.43391e-07
0.00519196
4.59638e-07
0.00519234
3.89649e-07
0.00519267
3.3666e-07
0.00519296
2.87185e-07
0.0051932
2.48797e-07
0.00519342
2.17839e-07
0.00519361
1.86931e-07
0.00519377
1.65684e-07
0.00519391
1.42945e-07
0.00519404
1.24035e-07
0.00519415
1.09569e-07
0.00519424
9.32768e-08
0.00519432
8.40536e-08
0.00519439
7.27397e-08
0.00519446
6.33532e-08
0.00519451
5.69574e-08
0.00519456
4.74954e-08
0.0051946
4.24521e-08
0.00519463
3.65244e-08
0.00519466
3.0501e-08
0.00519468
2.78232e-08
0.0051947
2.1873e-08
0.00519472
1.93061e-08
0.00519473
1.61235e-08
0.00519475
1.28354e-08
0.00519476
1.1742e-08
0.00519477
9.15072e-09
0.00519477
6.92217e-09
0.00519478
6.53704e-09
0.00519478
3.52067e-09
0.00519479
3.81631e-09
0.00519479
2.21006e-09
0.0051948
9.77402e-10
0.0051948
1.21695e-09
0.0051948
-2.66613e-10
0.0051948
1.73289e-10
0.0051948
5.40112e-10
0.0051948
-6.03087e-10
0.0051948
9.80885e-10
0.0051948
-3.82903e-10
0.00519481
2.91249e-10
0.00519481
3.30081e-10
0.00519481
-5.54745e-10
0.00519481
6.96911e-10
0.00519481
-1.19572e-10
0.00519481
1.57102e-10
0.00519481
9.78139e-10
0.00519481
4.49973e-11
0.00519481
1.57285e-09
0.00519481
7.28947e-10
0.00519481
1.09715e-09
0.00519481
1.47008e-09
0.00519481
8.55275e-10
0.00519481
1.66938e-09
0.00519481
1.24636e-09
0.00519481
1.2373e-09
0.00519481
1.97662e-09
0.00519481
1.25777e-09
0.00519481
2.3831e-09
0.00519481
1.87976e-09
0.00519481
2.25493e-09
0.00519481
2.47781e-09
0.00519481
2.03344e-09
0.00519481
2.37868e-09
0.00519481
1.87175e-09
0.00519481
1.63689e-09
0.00519481
1.79083e-09
0.00519481
1.07997e-09
0.00519481
1.55361e-09
0.00519481
1.22544e-09
0.00519481
1.8292e-09
0.00519482
2.7928e-09
0.00519482
3.92635e-09
0.00519483
6.7197e-09
0.00519485
9.98434e-09
0.00519486
1.55321e-08
0.00519489
2.36238e-08
0.00519493
3.54968e-08
0.00519498
5.70114e-08
0.00519507
8.97698e-08
0.00519523
1.63832e-07
0.00519551
2.82117e-07
0.00519621
7.26466e-07
0.00519793
1.76329e-06
0.00520378
5.97438e-06
1.16115e-05
0.00509968
-6.28609e-09
0.00516455
-7.49193e-09
0.0051841
-6.09465e-09
0.0051846
-5.0705e-09
0.00518325
-1.20672e-09
0.00518365
4.18421e-09
0.0051848
8.88369e-09
0.00518622
3.03179e-09
0.00518748
3.19191e-09
0.00518858
6.90622e-09
0.0051895
8.01389e-09
0.00519027
8.99446e-09
0.00519091
5.85265e-09
0.00519145
3.89421e-09
0.00519191
3.49211e-09
0.00519229
2.11992e-10
0.00519263
2.01931e-09
0.00519292
-2.01683e-09
0.00519317
-2.59665e-09
0.00519339
-1.10468e-09
0.00519358
-4.10557e-09
0.00519375
-1.264e-09
0.00519389
-2.65088e-09
0.00519402
-3.0604e-09
0.00519413
-1.35853e-09
0.00519423
-3.35609e-09
0.00519431
-1.70869e-10
0.00519438
-2.94862e-10
0.00519445
1.01179e-10
0.0051945
2.2663e-09
0.00519455
6.10855e-10
0.00519459
2.02399e-09
0.00519463
2.07892e-09
0.00519465
1.29419e-09
0.00519468
3.07443e-09
0.0051947
1.35001e-09
0.00519472
1.89714e-09
0.00519473
1.55209e-09
0.00519475
5.68475e-10
0.00519476
1.19943e-09
0.00519477
5.1113e-10
0.00519477
-5.70762e-10
0.00519478
3.24439e-10
0.00519478
-1.5894e-09
0.00519479
-5.48591e-10
0.00519479
-1.06414e-09
0.00519479
-1.85113e-09
0.0051948
-1.01693e-09
0.0051948
-2.10961e-09
0.0051948
-1.56386e-09
0.0051948
-7.2568e-10
0.0051948
-1.78432e-09
0.0051948
1.18472e-10
0.0051948
-1.02027e-09
0.00519481
-2.6644e-10
0.00519481
7.94354e-11
0.00519481
-8.72723e-10
0.00519481
4.83588e-10
0.00519481
-2.91103e-10
0.00519481
-1.16287e-10
0.00519481
7.59972e-10
0.00519481
-2.78914e-10
0.00519481
1.3617e-09
0.00519481
5.95536e-10
0.00519481
9.89117e-10
0.00519481
1.48655e-09
0.00519481
9.16931e-10
0.00519481
1.85665e-09
0.00519481
1.46317e-09
0.00519481
1.40544e-09
0.00519481
2.06736e-09
0.00519481
1.18078e-09
0.00519481
2.22254e-09
0.00519481
1.60861e-09
0.00519481
1.9226e-09
0.00519481
2.11909e-09
0.00519481
1.68264e-09
0.00519481
2.07048e-09
0.00519481
1.50407e-09
0.00519481
1.17199e-09
0.00519481
1.09901e-09
0.00519481
5.57021e-11
0.00519481
4.34552e-11
0.00519481
-1.02962e-09
0.00519481
-1.39378e-09
0.00519482
-1.81877e-09
0.00519483
-2.56713e-09
0.00519483
-2.40789e-09
0.00519485
-2.9048e-09
0.00519487
-2.60034e-09
0.00519489
-2.48498e-09
0.00519493
-2.45006e-09
0.00519499
-1.93644e-09
0.00519508
-1.78637e-09
0.00519524
-1.39634e-09
0.00519553
-9.48e-10
0.00519625
-1.12292e-09
0.00519802
-4.86216e-10
0.00520399
-7.84587e-10
-4.01586e-10
0.00509968
-9.96835e-05
0.00516455
-6.48823e-05
0.00518409
-1.95499e-05
0.0051846
-5.0831e-07
0.00518325
1.34898e-06
0.00518365
-3.97235e-07
0.0051848
-1.14476e-06
0.00518622
-1.41737e-06
0.00518748
-1.25844e-06
0.00518858
-1.09411e-06
0.0051895
-9.07375e-07
0.00519027
-7.59795e-07
0.00519091
-6.35067e-07
0.00519145
-5.35617e-07
0.00519191
-4.52646e-07
0.00519229
-3.89185e-07
0.00519263
-3.32613e-07
0.00519292
-2.91186e-07
0.00519317
-2.53917e-07
0.00519339
-2.19976e-07
0.00519358
-1.95089e-07
0.00519375
-1.68204e-07
0.00519389
-1.48294e-07
0.00519402
-1.30175e-07
0.00519413
-1.12277e-07
0.00519423
-9.99695e-08
0.00519431
-8.44124e-08
0.00519438
-7.34051e-08
0.00519445
-6.32339e-08
0.0051945
-5.24841e-08
0.00519455
-4.62877e-08
0.00519459
-3.83467e-08
0.00519463
-3.23418e-08
0.00519465
-2.78865e-08
0.00519468
-2.16916e-08
0.0051947
-1.9176e-08
0.00519472
-1.54751e-08
0.00519473
-1.29918e-08
0.00519475
-1.16861e-08
0.00519476
-9.36318e-09
0.00519477
-8.16707e-09
0.00519477
-8.03547e-09
0.00519478
-5.87455e-09
0.00519478
-6.64792e-09
0.00519479
-4.90319e-09
0.00519479
-4.3332e-09
0.00519479
-4.66275e-09
0.0051948
-3.23212e-09
0.0051948
-3.90799e-09
0.0051948
-3.2685e-09
0.0051948
-1.99136e-09
0.0051948
-2.9495e-09
0.0051948
-7.63887e-10
0.0051948
-1.66295e-09
0.00519481
-8.65685e-10
0.00519481
-2.07331e-10
0.00519481
-1.23272e-09
0.00519481
2.15717e-10
0.00519481
-4.97813e-10
0.00519481
-3.94617e-10
0.00519481
5.50152e-10
0.00519481
-5.81355e-10
0.00519481
1.14926e-09
0.00519481
4.87577e-10
0.00519481
9.02734e-10
0.00519481
1.52971e-09
0.00519481
9.70199e-10
0.00519481
2.01577e-09
0.00519481
1.64208e-09
0.00519481
1.54479e-09
0.00519481
2.13358e-09
0.00519481
1.09124e-09
0.00519481
2.04703e-09
0.00519481
1.34653e-09
0.00519481
1.59843e-09
0.00519481
1.7794e-09
0.00519481
1.32834e-09
0.00519481
1.75558e-09
0.00519481
1.11648e-09
0.00519481
6.79254e-10
0.00519481
3.67326e-10
0.00519481
-1.01193e-09
0.00519481
-1.5008e-09
0.00519481
-3.30041e-09
0.00519481
-4.62583e-09
0.00519482
-6.41864e-09
0.00519483
-9.04047e-09
0.00519483
-1.14972e-08
0.00519485
-1.57618e-08
0.00519487
-2.07142e-08
0.00519489
-2.85823e-08
0.00519493
-4.0391e-08
0.00519499
-6.08719e-08
0.00519508
-9.33395e-08
0.00519524
-1.66615e-07
0.00519553
-2.83994e-07
0.00519625
-7.28687e-07
0.00519802
-1.76424e-06
0.00520399
-5.97595e-06
-1.16123e-05
0.00510049
-0.000200178
0.00516497
-0.000129354
0.00518423
-3.88151e-05
0.00518474
-1.02153e-06
0.00518342
2.66925e-06
0.00518383
-8.07496e-07
0.00518497
-2.28307e-06
0.00518637
-2.8177e-06
0.00518761
-2.50045e-06
0.0051887
-2.17787e-06
0.0051896
-1.80799e-06
0.00519035
-1.51598e-06
0.00519098
-1.26526e-06
0.00519151
-1.06593e-06
0.00519196
-9.00868e-07
0.00519235
-7.71681e-07
0.00519267
-6.61237e-07
0.00519296
-5.7505e-07
0.0051932
-5.00494e-07
0.00519342
-4.34619e-07
0.00519361
-3.82318e-07
0.00519377
-3.31841e-07
0.00519391
-2.9106e-07
0.00519404
-2.54725e-07
0.00519415
-2.20896e-07
0.00519424
-1.94526e-07
0.00519432
-1.66858e-07
0.00519439
-1.44988e-07
0.00519446
-1.25253e-07
0.00519451
-1.06083e-07
0.00519456
-9.21571e-08
0.0051946
-7.77437e-08
0.00519463
-6.59232e-08
0.00519466
-5.63284e-08
0.00519468
-4.58637e-08
0.0051947
-3.9206e-08
0.00519472
-3.23945e-08
0.00519474
-2.71459e-08
0.00519475
-2.36059e-08
0.00519476
-1.966e-08
0.00519477
-1.66479e-08
0.00519477
-1.52746e-08
0.00519478
-1.18911e-08
0.00519479
-1.15142e-08
0.00519479
-9.12548e-09
0.00519479
-7.50485e-09
0.0051948
-7.38195e-09
0.0051948
-5.36561e-09
0.0051948
-5.60098e-09
0.0051948
-4.87513e-09
0.0051948
-3.19967e-09
0.0051948
-4.04933e-09
0.0051948
-1.62385e-09
0.0051948
-2.27698e-09
0.00519481
-1.4787e-09
0.00519481
-5.14369e-10
0.00519481
-1.61922e-09
0.00519481
-9.91738e-11
0.00519481
-7.42246e-10
0.00519481
-6.85877e-10
0.00519481
3.4097e-10
0.00519481
-8.64913e-10
0.00519481
9.30302e-10
0.00519481
3.94174e-10
0.00519481
8.28853e-10
0.00519481
1.59369e-09
0.00519481
1.0133e-09
0.00519481
2.13838e-09
0.00519481
1.76823e-09
0.00519481
1.6373e-09
0.00519481
2.16212e-09
0.00519481
9.84152e-10
0.00519481
1.85547e-09
0.00519481
1.09562e-09
0.00519481
1.2896e-09
0.00519481
1.46941e-09
0.00519481
9.82368e-10
0.00519481
1.44188e-09
0.00519481
7.19109e-10
0.00519481
1.73555e-10
0.00519481
-3.8112e-10
0.00519481
-2.09543e-09
0.00519481
-3.04915e-09
0.00519481
-5.54808e-09
0.00519481
-7.81118e-09
0.00519482
-1.0924e-08
0.00519483
-1.5369e-08
0.00519483
-2.03615e-08
0.00519485
-2.83096e-08
0.00519486
-3.84127e-08
0.00519489
-5.40777e-08
0.00519493
-7.74067e-08
0.00519498
-1.18189e-07
0.00519507
-1.8208e-07
0.00519523
-3.26252e-07
0.0051955
-5.57376e-07
0.00519621
-1.43443e-06
0.00519793
-3.4842e-06
0.00520378
-1.18226e-05
-2.29946e-05
0.00510215
-0.000302325
0.0051658
-0.000193008
0.00518451
-5.75213e-05
0.00518504
-1.55499e-06
0.00518378
3.93086e-06
0.0051842
-1.23439e-06
0.00518531
-3.39025e-06
0.00518667
-4.17762e-06
0.00518787
-3.70299e-06
0.00518892
-3.22694e-06
0.00518979
-2.67887e-06
0.00519052
-2.24685e-06
0.00519113
-1.87393e-06
0.00519164
-1.57785e-06
0.00519208
-1.3333e-06
0.00519245
-1.14046e-06
0.00519276
-9.77885e-07
0.00519303
-8.48367e-07
0.00519327
-7.37701e-07
0.00519348
-6.4093e-07
0.00519366
-5.62142e-07
0.00519382
-4.88922e-07
0.00519395
-4.28056e-07
0.00519407
-3.74152e-07
0.00519418
-3.24952e-07
0.00519427
-2.8502e-07
0.00519435
-2.45723e-07
0.00519441
-2.13457e-07
0.00519447
-1.84564e-07
0.00519452
-1.57325e-07
0.00519457
-1.35967e-07
0.00519461
-1.15275e-07
0.00519464
-9.78759e-08
0.00519467
-8.33384e-08
0.00519469
-6.88427e-08
0.00519471
-5.82507e-08
0.00519473
-4.84628e-08
0.00519474
-4.05706e-08
0.00519475
-3.4888e-08
0.00519476
-2.9416e-08
0.00519477
-2.46996e-08
0.00519478
-2.20981e-08
0.00519478
-1.7565e-08
0.00519479
-1.60558e-08
0.00519479
-1.30974e-08
0.00519479
-1.04875e-08
0.0051948
-9.93503e-09
0.0051948
-7.36034e-09
0.0051948
-7.13898e-09
0.0051948
-6.32959e-09
0.0051948
-4.30203e-09
0.0051948
-5.0422e-09
0.0051948
-2.42489e-09
0.0051948
-2.83141e-09
0.00519481
-2.07405e-09
0.00519481
-8.19946e-10
0.00519481
-2.00702e-09
0.00519481
-4.39089e-10
0.00519481
-1.01325e-09
0.00519481
-9.88306e-10
0.00519481
1.29603e-10
0.00519481
-1.1288e-09
0.00519481
7.03898e-10
0.00519481
3.07213e-10
0.00519481
7.58043e-10
0.00519481
1.67054e-09
0.00519481
1.04625e-09
0.00519481
2.22231e-09
0.00519481
1.83478e-09
0.00519481
1.67061e-09
0.00519481
2.14175e-09
0.00519481
8.54177e-10
0.00519481
1.64513e-09
0.00519481
8.54162e-10
0.00519481
9.98116e-10
0.00519481
1.19505e-09
0.00519481
6.55924e-10
0.00519481
1.13954e-09
0.00519481
3.25711e-10
0.00519481
-3.25796e-10
0.00519481
-1.1178e-09
0.00519481
-3.15954e-09
0.00519481
-4.56275e-09
0.00519481
-7.72457e-09
0.00519481
-1.08844e-08
0.00519482
-1.52443e-08
0.00519482
-2.14247e-08
0.00519483
-2.88179e-08
0.00519484
-4.02787e-08
0.00519486
-5.53072e-08
0.00519489
-7.8391e-08
0.00519492
-1.12597e-07
0.00519497
-1.72329e-07
0.00519506
-2.65292e-07
0.00519521
-4.74929e-07
0.00519546
-8.11764e-07
0.00519612
-2.0971e-06
0.00519776
-5.11736e-06
0.00520335
-1.7413e-05
-3.39182e-05
0.00510467
-0.000406995
0.00516706
-0.000255399
0.00518492
-7.53843e-05
0.00518549
-2.11912e-06
0.00518431
5.10742e-06
0.00518476
-1.68365e-06
0.00518582
-4.44982e-06
0.00518712
-5.47636e-06
0.00518826
-4.84606e-06
0.00518926
-4.22374e-06
0.00519008
-3.50499e-06
0.00519078
-2.93964e-06
0.00519135
-2.45031e-06
0.00519184
-2.06224e-06
0.00519225
-1.74215e-06
0.00519259
-1.48878e-06
0.00519289
-1.27667e-06
0.00519315
-1.10597e-06
0.00519337
-9.60995e-07
0.00519357
-8.34901e-07
0.00519374
-7.31002e-07
0.00519388
-6.36275e-07
0.00519401
-5.56456e-07
0.00519412
-4.8596e-07
0.00519422
-4.22248e-07
0.00519431
-3.69509e-07
0.00519438
-3.19276e-07
0.00519444
-2.77267e-07
0.0051945
-2.39805e-07
0.00519455
-2.05032e-07
0.00519459
-1.76712e-07
0.00519462
-1.50085e-07
0.00519465
-1.27454e-07
0.00519468
-1.08265e-07
0.0051947
-9.00603e-08
0.00519472
-7.5841e-08
0.00519473
-6.33015e-08
0.00519474
-5.29502e-08
0.00519476
-4.52541e-08
0.00519476
-3.83752e-08
0.00519477
-3.21026e-08
0.00519478
-2.83286e-08
0.00519478
-2.27487e-08
0.00519479
-2.01519e-08
0.00519479
-1.67084e-08
0.00519479
-1.31929e-08
0.0051948
-1.22519e-08
0.0051948
-9.16663e-09
0.0051948
-8.48634e-09
0.0051948
-7.59428e-09
0.0051948
-5.26465e-09
0.0051948
-5.90079e-09
0.0051948
-3.14222e-09
0.0051948
-3.30335e-09
0.00519481
-2.62425e-09
0.00519481
-1.09974e-09
0.00519481
-2.36445e-09
0.00519481
-7.70469e-10
0.00519481
-1.28503e-09
0.00519481
-1.28718e-09
0.00519481
-7.79243e-11
0.00519481
-1.36623e-09
0.00519481
4.75569e-10
0.00519481
2.2359e-10
0.00519481
6.83666e-10
0.00519481
1.75228e-09
0.00519481
1.07139e-09
0.00519481
2.27253e-09
0.00519481
1.84535e-09
0.00519481
1.64233e-09
0.00519481
2.0674e-09
0.00519481
6.98538e-10
0.00519481
1.41354e-09
0.00519481
6.17587e-10
0.00519481
7.20624e-10
0.00519481
9.56016e-10
0.00519481
3.57188e-10
0.00519481
8.59179e-10
0.00519481
-4.77907e-11
0.00519481
-7.97203e-10
0.00519481
-1.81214e-09
0.00519481
-4.16494e-09
0.00519481
-5.99624e-09
0.00519481
-9.77361e-09
0.00519481
-1.37714e-08
0.00519482
-1.92831e-08
0.00519482
-2.70797e-08
0.00519483
-3.6694e-08
0.00519484
-5.14192e-08
0.00519486
-7.10333e-08
0.00519488
-1.00973e-07
0.00519491
-1.4511e-07
0.00519496
-2.21827e-07
0.00519504
-3.40448e-07
0.00519517
-6.07649e-07
0.0051954
-1.03845e-06
0.005196
-2.69646e-06
0.0051975
-6.62232e-06
0.00520271
-2.26215e-05
-4.41551e-05
0.00510812
-0.000515115
0.00516876
-0.00031604
0.00518549
-9.21138e-05
0.0051861
-2.72432e-06
0.00518503
6.17604e-06
0.0051855
-2.15803e-06
0.00518649
-5.44425e-06
0.00518771
-6.69259e-06
0.00518877
-5.90945e-06
0.0051897
-5.15055e-06
0.00519047
-4.2713e-06
0.00519111
-3.58162e-06
0.00519164
-2.98368e-06
0.00519209
-2.51003e-06
0.00519247
-2.11968e-06
0.00519279
-1.81e-06
0.00519306
-1.55181e-06
0.0051933
-1.34282e-06
0.0051935
-1.16596e-06
0.00519368
-1.01265e-06
0.00519384
-8.85471e-07
0.00519397
-7.70851e-07
0.00519409
-6.73545e-07
0.00519419
-5.87752e-07
0.00519428
-5.10678e-07
0.00519436
-4.46141e-07
0.00519442
-3.85873e-07
0.00519448
-3.3495e-07
0.00519453
-2.89672e-07
0.00519457
-2.48072e-07
0.00519461
-2.13432e-07
0.00519464
-1.81368e-07
0.00519467
-1.5397e-07
0.00519469
-1.30514e-07
0.00519471
-1.08996e-07
0.00519473
-9.15387e-08
0.00519474
-7.65536e-08
0.00519475
-6.39911e-08
0.00519476
-5.44502e-08
0.00519477
-4.63052e-08
0.00519478
-3.86552e-08
0.00519478
-3.38049e-08
0.00519479
-2.73105e-08
0.00519479
-2.36966e-08
0.00519479
-1.98597e-08
0.0051948
-1.55407e-08
0.0051948
-1.4268e-08
0.0051948
-1.07424e-08
0.0051948
-9.62085e-09
0.0051948
-8.64906e-09
0.0051948
-6.07024e-09
0.0051948
-6.613e-09
0.0051948
-3.76448e-09
0.0051948
-3.68134e-09
0.00519481
-3.10686e-09
0.00519481
-1.33196e-09
0.00519481
-2.65905e-09
0.00519481
-1.0543e-09
0.00519481
-1.52209e-09
0.00519481
-1.55672e-09
0.00519481
-2.66889e-10
0.00519481
-1.56467e-09
0.00519481
2.56745e-10
0.00519481
1.45782e-10
0.00519481
6.03344e-10
0.00519481
1.8321e-09
0.00519481
1.09264e-09
0.00519481
2.2994e-09
0.00519481
1.81346e-09
0.00519481
1.56163e-09
0.00519481
1.94317e-09
0.00519481
5.19901e-10
0.00519481
1.16097e-09
0.00519481
3.80634e-10
0.00519481
4.49681e-10
0.00519481
7.4495e-10
0.00519481
8.86708e-11
0.00519481
6.08448e-10
0.00519481
-3.86731e-10
0.00519481
-1.22079e-09
0.00519481
-2.43654e-09
0.00519481
-5.07405e-09
0.00519481
-7.3033e-09
0.00519481
-1.16361e-08
0.00519481
-1.63951e-08
0.00519482
-2.29437e-08
0.00519482
-3.22116e-08
0.00519483
-4.38323e-08
0.00519484
-6.15073e-08
0.00519485
-8.52616e-08
0.00519487
-1.21322e-07
0.0051949
-1.74169e-07
0.00519494
-2.65366e-07
0.00519501
-4.05296e-07
0.00519512
-7.19976e-07
0.00519531
-1.22963e-06
0.00519583
-3.21389e-06
0.00519717
-7.96003e-06
0.00520187
-2.73249e-05
-5.34792e-05
0.00511258
-0.000627691
0.00517092
-0.000374382
0.00518621
-0.000107411
0.00518687
-3.38035e-06
0.00518593
7.11834e-06
0.00518643
-2.65632e-06
0.00518734
-6.35476e-06
0.00518845
-7.80424e-06
0.00518941
-6.87264e-06
0.00519025
-5.98949e-06
0.00519094
-4.96267e-06
0.00519152
-4.16004e-06
0.005192
-3.46336e-06
0.0051924
-2.91223e-06
0.00519274
-2.45829e-06
0.00519303
-2.0976e-06
0.00519327
-1.79768e-06
0.00519348
-1.55401e-06
0.00519367
-1.34832e-06
0.00519382
-1.17046e-06
0.00519396
-1.02227e-06
0.00519408
-8.89748e-07
0.00519418
-7.76748e-07
0.00519427
-6.77258e-07
0.00519435
-5.88257e-07
0.00519442
-5.13175e-07
0.00519448
-4.43979e-07
0.00519453
-3.85141e-07
0.00519457
-3.32956e-07
0.00519461
-2.85386e-07
0.00519464
-2.45225e-07
0.00519467
-2.08377e-07
0.00519469
-1.76801e-07
0.00519471
-1.4956e-07
0.00519473
-1.25188e-07
0.00519474
-1.04946e-07
0.00519475
-8.78869e-08
0.00519476
-7.34201e-08
0.00519477
-6.22463e-08
0.00519478
-5.29994e-08
0.00519478
-4.41781e-08
0.00519479
-3.83853e-08
0.00519479
-3.1137e-08
0.00519479
-2.66021e-08
0.0051948
-2.2469e-08
0.0051948
-1.74625e-08
0.0051948
-1.59267e-08
0.0051948
-1.2052e-08
0.0051948
-1.05303e-08
0.0051948
-9.48777e-09
0.0051948
-6.71458e-09
0.0051948
-7.17785e-09
0.0051948
-4.29034e-09
0.0051948
-3.96302e-09
0.00519481
-3.50611e-09
0.00519481
-1.50031e-09
0.00519481
-2.86386e-09
0.00519481
-1.25526e-09
0.00519481
-1.68813e-09
0.00519481
-1.76711e-09
0.00519481
-4.183e-10
0.00519481
-1.70913e-09
0.00519481
6.22894e-11
0.00519481
8.10327e-11
0.00519481
5.18906e-10
0.00519481
1.90431e-09
0.00519481
1.11339e-09
0.00519481
2.31471e-09
0.0051948
1.75844e-09
0.0051948
1.44714e-09
0.0051948
1.78222e-09
0.0051948
3.27487e-10
0.0051948
8.92976e-10
0.0051948
1.41093e-10
0.0051948
1.77579e-10
0.00519481
5.50407e-10
0.00519481
-1.53246e-10
0.00519481
3.9003e-10
0.00519481
-6.81308e-10
0.00519481
-1.58272e-09
0.00519481
-2.97123e-09
0.00519481
-5.85708e-09
0.00519481
-8.44366e-09
0.00519481
-1.32581e-08
0.00519481
-1.86839e-08
0.00519481
-2.61361e-08
0.00519482
-3.67068e-08
0.00519482
-5.0091e-08
0.00519483
-7.03448e-08
0.00519485
-9.77005e-08
0.00519486
-1.38994e-07
0.00519489
-1.99092e-07
0.00519492
-3.01814e-07
0.00519498
-4.57945e-07
0.00519507
-8.08203e-07
0.00519521
-1.3787e-06
0.00519563
-3.63285e-06
0.00519677
-9.09465e-06
0.00520085
-3.14044e-05
-6.16668e-05
0.00511814
-0.000745834
0.00517355
-0.000429792
0.00518711
-0.000120966
0.00518782
-4.09514e-06
0.00518702
7.92133e-06
0.00518754
-3.17253e-06
0.00518834
-7.1611e-06
0.00518933
-8.78834e-06
0.00519017
-7.71483e-06
0.0051909
-6.7225e-06
0.0051915
-5.56397e-06
0.005192
-4.66223e-06
0.00519242
-3.8788e-06
0.00519277
-3.25997e-06
0.00519306
-2.75049e-06
0.00519331
-2.34523e-06
0.00519352
-2.00881e-06
0.0051937
-1.73482e-06
0.00519385
-1.50401e-06
0.00519399
-1.30479e-06
0.0051941
-1.13831e-06
0.00519421
-9.90242e-07
0.00519429
-8.63658e-07
0.00519437
-7.52367e-07
0.00519443
-6.53142e-07
0.00519449
-5.69012e-07
0.00519454
-4.92195e-07
0.00519458
-4.26606e-07
0.00519461
-3.68566e-07
0.00519465
-3.16015e-07
0.00519467
-2.71268e-07
0.00519469
-2.30431e-07
0.00519471
-1.95389e-07
0.00519473
-1.64949e-07
0.00519474
-1.38242e-07
0.00519475
-1.15717e-07
0.00519476
-9.70018e-08
0.00519477
-8.09891e-08
0.00519478
-6.84395e-08
0.00519478
-5.82806e-08
0.00519479
-4.85188e-08
0.00519479
-4.19502e-08
0.00519479
-3.41349e-08
0.0051948
-2.88008e-08
0.0051948
-2.44732e-08
0.0051948
-1.89054e-08
0.0051948
-1.71808e-08
0.0051948
-1.3065e-08
0.0051948
-1.12069e-08
0.0051948
-1.01117e-08
0.0051948
-7.19996e-09
0.0051948
-7.59832e-09
0.0051948
-4.72162e-09
0.0051948
-4.15047e-09
0.0051948
-3.8119e-09
0.0051948
-1.59542e-09
0.0051948
-2.96287e-09
0.0051948
-1.35058e-09
0.0051948
-1.75637e-09
0.0051948
-1.89319e-09
0.0051948
-5.16005e-10
0.0051948
-1.78632e-09
0.0051948
-9.4402e-11
0.0051948
3.71271e-11
0.0051948
4.34219e-10
0.0051948
1.96274e-09
0.0051948
1.13295e-09
0.0051948
2.32529e-09
0.0051948
1.69781e-09
0.0051948
1.3196e-09
0.0051948
1.60267e-09
0.0051948
1.35511e-10
0.0051948
6.20741e-10
0.0051948
-9.78481e-11
0.0051948
-9.898e-11
0.0051948
3.60721e-10
0.0051948
-3.75668e-10
0.0051948
2.00088e-10
0.0051948
-9.2727e-10
0.0051948
-1.8774e-09
0.0051948
-3.40692e-09
0.00519481
-6.49622e-09
0.00519481
-9.38847e-09
0.00519481
-1.45968e-08
0.00519481
-2.05789e-08
0.00519481
-2.87825e-08
0.00519481
-4.04622e-08
0.00519482
-5.53394e-08
0.00519483
-7.7752e-08
0.00519484
-1.0809e-07
0.00519485
-1.53601e-07
0.00519487
-2.19299e-07
0.0051949
-3.30259e-07
0.00519494
-4.96928e-07
0.005195
-8.69513e-07
0.0051951
-1.48056e-06
0.00519541
-3.93952e-06
0.00519631
-9.99431e-06
0.00519965
-3.47464e-05
-6.8498e-05
0.00512496
-0.000870794
0.0051767
-0.000481529
0.00518818
-0.000132452
0.00518896
-4.87297e-06
0.0051883
8.57797e-06
0.00518883
-3.69516e-06
0.00518951
-7.84153e-06
0.00519034
-9.62088e-06
0.00519104
-8.41486e-06
0.00519165
-7.33129e-06
0.00519214
-6.06007e-06
0.00519256
-5.07558e-06
0.0051929
-4.21956e-06
0.00519318
-3.54456e-06
0.00519342
-2.98895e-06
0.00519362
-2.54667e-06
0.00519379
-2.17993e-06
0.00519394
-1.88072e-06
0.00519406
-1.62912e-06
0.00519417
-1.41226e-06
0.00519426
-1.23067e-06
0.00519434
-1.0698e-06
0.00519441
-9.32058e-07
0.00519447
-8.11146e-07
0.00519452
-7.03658e-07
0.00519456
-6.12208e-07
0.0051946
-5.29276e-07
0.00519463
-4.5827e-07
0.00519466
-3.9556e-07
0.00519469
-3.39126e-07
0.0051947
-2.90834e-07
0.00519472
-2.46927e-07
0.00519474
-2.09244e-07
0.00519475
-1.76294e-07
0.00519476
-1.47829e-07
0.00519477
-1.23564e-07
0.00519477
-1.03643e-07
0.00519478
-8.64846e-08
0.00519478
-7.28607e-08
0.00519479
-6.20072e-08
0.00519479
-5.15572e-08
0.00519479
-4.4405e-08
0.00519479
-3.62311e-08
0.0051948
-3.02458e-08
0.0051948
-2.58294e-08
0.0051948
-1.98345e-08
0.0051948
-1.79938e-08
0.0051948
-1.37541e-08
0.0051948
-1.16421e-08
0.0051948
-1.0521e-08
0.0051948
-7.52726e-09
0.0051948
-7.87337e-09
0.0051948
-5.05638e-09
0.0051948
-4.24559e-09
0.0051948
-4.01735e-09
0.0051948
-1.6158e-09
0.0051948
-2.95342e-09
0.0051948
-1.33623e-09
0.0051948
-1.71724e-09
0.0051948
-1.92373e-09
0.0051948
-5.51556e-10
0.0051948
-1.79085e-09
0.0051948
-2.04507e-10
0.0051948
2.14555e-11
0.0051948
3.53117e-10
0.0051948
1.99961e-09
0.0051948
1.1445e-09
0.0051948
2.32779e-09
0.0051948
1.63947e-09
0.0051948
1.19438e-09
0.0051948
1.4205e-09
0.0051948
-4.2039e-11
0.0051948
3.59635e-10
0.0051948
-3.25558e-10
0.0051948
-3.74798e-10
0.0051948
1.70288e-10
0.0051948
-5.83006e-10
0.0051948
3.33142e-11
0.0051948
-1.12555e-09
0.0051948
-2.10645e-09
0.0051948
-3.74353e-09
0.0051948
-6.98395e-09
0.0051948
-1.01206e-08
0.0051948
-1.56232e-08
0.0051948
-2.20363e-08
0.00519481
-3.08187e-08
0.00519481
-4.33835e-08
0.00519481
-5.94511e-08
0.00519482
-8.35567e-08
0.00519483
-1.16191e-07
0.00519484
-1.64804e-07
0.00519485
-2.34321e-07
0.00519487
-3.50025e-07
0.0051949
-5.21267e-07
0.00519493
-9.02119e-07
0.00519498
-1.53182e-06
0.00519516
-4.12331e-06
0.0051958
-1.0632e-05
0.0051983
-3.72448e-05
-7.37578e-05
0.0051332
-0.001004
0.00518038
-0.000528706
0.00518945
-0.000141525
0.00519029
-5.71181e-06
0.00518978
9.08729e-06
0.00519029
-4.20661e-06
0.00519083
-8.37275e-06
0.00519148
-1.02767e-05
0.00519202
-8.95115e-06
0.00519248
-7.79737e-06
0.00519286
-6.43584e-06
0.00519317
-5.38758e-06
0.00519343
-4.47537e-06
0.00519364
-3.75745e-06
0.00519382
-3.16654e-06
0.00519397
-2.69591e-06
0.00519409
-2.30595e-06
0.0051942
-1.9874e-06
0.00519429
-1.71995e-06
0.00519437
-1.48971e-06
0.00519443
-1.29663e-06
0.00519449
-1.12608e-06
0.00519454
-9.79936e-07
0.00519458
-8.51863e-07
0.00519461
-7.38317e-07
0.00519464
-6.41494e-07
0.00519467
-5.54153e-07
0.00519469
-4.79229e-07
0.00519471
-4.13163e-07
0.00519472
-3.54032e-07
0.00519473
-3.03319e-07
0.00519475
-2.57353e-07
0.00519475
-2.17948e-07
0.00519476
-1.83275e-07
0.00519477
-1.5369e-07
0.00519477
-1.28264e-07
0.00519478
-1.07611e-07
0.00519478
-8.9739e-08
0.00519478
-7.53843e-08
0.00519478
-6.40794e-08
0.00519479
-5.32101e-08
0.00519479
-4.5683e-08
0.00519479
-3.73737e-08
0.00519479
-3.09089e-08
0.00519479
-2.65125e-08
0.00519479
-2.02315e-08
0.00519479
-1.83403e-08
0.00519479
-1.40945e-08
0.00519479
-1.1822e-08
0.00519479
-1.07106e-08
0.00519479
-7.69105e-09
0.00519479
-7.99419e-09
0.00519479
-5.2849e-09
0.00519479
-4.24706e-09
0.00519479
-4.1176e-09
0.00519479
-1.56637e-09
0.00519479
-2.84593e-09
0.00519479
-1.22668e-09
0.00519479
-1.58126e-09
0.00519479
-1.86357e-09
0.00519479
-5.27569e-10
0.00519479
-1.72632e-09
0.00519479
-2.66461e-10
0.00519479
3.76128e-11
0.00519479
2.76326e-10
0.00519479
2.00488e-09
0.00519479
1.13371e-09
0.00519479
2.30624e-09
0.00519479
1.57657e-09
0.00519479
1.07282e-09
0.00519479
1.24268e-09
0.00519479
-1.95306e-10
0.00519479
1.22526e-10
0.00519479
-5.24376e-10
0.00519479
-6.35133e-10
0.00519479
-1.54802e-11
0.00519479
-7.72558e-10
0.00519479
-1.11566e-10
0.00519479
-1.27867e-09
0.00519479
-2.27453e-09
0.00519479
-3.98541e-09
0.00519479
-7.32027e-09
0.00519479
-1.06301e-08
0.00519479
-1.63182e-08
0.00519479
-2.30243e-08
0.00519479
-3.21921e-08
0.0051948
-4.53824e-08
0.0051948
-6.23006e-08
0.0051948
-8.75879e-08
0.00519481
-1.21779e-07
0.00519481
-1.72309e-07
0.00519482
-2.43793e-07
0.00519483
-3.60688e-07
0.00519484
-5.30505e-07
0.00519485
-9.05376e-07
0.00519485
-1.53106e-06
0.0051949
-4.17746e-06
0.00519525
-1.09862e-05
0.00519681
-3.88027e-05
-7.72383e-05
0.0051431
-0.0011471
0.00518464
-0.000570247
0.00519093
-0.000147814
0.00519182
-6.59962e-06
0.00519145
9.45376e-06
0.00519192
-4.68283e-06
0.00519228
-8.73015e-06
0.00519273
-1.07294e-05
0.00519308
-9.30175e-06
0.00519339
-8.10196e-06
0.00519363
-6.67615e-06
0.00519383
-5.58585e-06
0.00519399
-4.63614e-06
0.00519412
-3.89032e-06
0.00519423
-3.27631e-06
0.00519432
-2.78714e-06
0.0051944
-2.38202e-06
0.00519446
-2.05076e-06
0.00519451
-1.77304e-06
0.00519456
-1.53419e-06
0.0051946
-1.33368e-06
0.00519463
-1.15698e-06
0.00519465
-1.00551e-06
0.00519467
-8.73002e-07
0.00519469
-7.55832e-07
0.00519471
-6.55791e-07
0.00519472
-5.65936e-07
0.00519473
-4.88753e-07
0.00519473
-4.20774e-07
0.00519474
-3.60214e-07
0.00519475
-3.08261e-07
0.00519475
-2.6131e-07
0.00519475
-2.21169e-07
0.00519476
-1.85642e-07
0.00519476
-1.55629e-07
0.00519476
-1.29662e-07
0.00519476
-1.08771e-07
0.00519476
-9.06398e-08
0.00519476
-7.59339e-08
0.00519476
-6.44425e-08
0.00519476
-5.34326e-08
0.00519476
-4.57444e-08
0.00519476
-3.75269e-08
0.00519476
-3.07782e-08
0.00519476
-2.65122e-08
0.00519476
-2.00934e-08
0.00519476
-1.82068e-08
0.00519476
-1.40639e-08
0.00519476
-1.17287e-08
0.00519476
-1.06627e-08
0.00519476
-7.67858e-09
0.00519476
-7.93952e-09
0.00519476
-5.39027e-09
0.00519476
-4.1495e-09
0.00519476
-4.10937e-09
0.00519476
-1.45735e-09
0.00519476
-2.661e-09
0.00519476
-1.05054e-09
0.00519476
-1.37532e-09
0.00519476
-1.73117e-09
0.00519476
-4.59375e-10
0.00519476
-1.60374e-09
0.00519476
-2.84609e-10
0.00519476
8.17483e-11
0.00519476
2.04006e-10
0.00519476
1.96873e-09
0.00519476
1.08391e-09
0.00519476
2.23743e-09
0.00519476
1.49034e-09
0.00519476
9.43679e-10
0.00519476
1.06499e-09
0.00519476
-3.20414e-10
0.00519476
-8.08536e-11
0.00519476
-6.7848e-10
0.00519476
-8.58398e-10
0.00519476
-1.81372e-10
0.00519476
-9.35417e-10
0.00519476
-2.34225e-10
0.00519476
-1.38628e-09
0.00519476
-2.38377e-09
0.00519476
-4.13539e-09
0.00519476
-7.49997e-09
0.00519476
-1.09054e-08
0.00519476
-1.66632e-08
0.00519476
-2.35165e-08
0.00519476
-3.28552e-08
0.00519476
-4.63752e-08
0.00519476
-6.37641e-08
0.00519477
-8.96764e-08
0.00519477
-1.24638e-07
0.00519477
-1.75862e-07
0.00519478
-2.47448e-07
0.00519478
-3.62072e-07
0.00519477
-5.24722e-07
0.00519474
-8.79869e-07
0.00519469
-1.47907e-06
0.00519461
-4.09968e-06
0.00519467
-1.1042e-05
0.0051952
-3.93357e-05
-7.87407e-05
0.00515491
-0.00130201
0.00518949
-0.000604823
0.00519259
-0.000150914
0.0051935
-7.50946e-06
0.00519326
9.68552e-06
0.00519367
-5.09328e-06
0.00519383
-8.8881e-06
0.00519405
-1.09512e-05
0.0051942
-9.4443e-06
0.00519432
-8.22608e-06
0.00519441
-6.76594e-06
0.00519448
-5.65812e-06
0.00519454
-4.69198e-06
0.00519458
-3.93508e-06
0.00519462
-3.3116e-06
0.00519465
-2.81483e-06
0.00519467
-2.40353e-06
0.00519468
-2.06695e-06
0.00519469
-1.78514e-06
0.0051947
-1.54299e-06
0.00519471
-1.33956e-06
0.00519471
-1.16064e-06
0.00519471
-1.00722e-06
0.00519472
-8.73279e-07
0.00519471
-7.55132e-07
0.00519471
-6.54216e-07
0.00519471
-5.63919e-07
0.00519471
-4.86292e-07
0.00519471
-4.17965e-07
0.0051947
-3.57319e-07
0.0051947
-3.05355e-07
0.0051947
-2.58539e-07
0.0051947
-2.18681e-07
0.00519469
-1.83232e-07
0.00519469
-1.53528e-07
0.00519469
-1.27673e-07
0.00519469
-1.07053e-07
0.00519469
-8.91324e-08
0.00519469
-7.44826e-08
0.00519468
-6.30849e-08
0.00519468
-5.22167e-08
0.00519468
-4.45777e-08
0.00519468
-3.66764e-08
0.00519468
-2.98533e-08
0.00519468
-2.58304e-08
0.00519468
-1.94271e-08
0.00519468
-1.75928e-08
0.00519468
-1.36465e-08
0.00519468
-1.13439e-08
0.00519468
-1.03539e-08
0.00519468
-7.47056e-09
0.00519468
-7.68352e-09
0.00519468
-5.34961e-09
0.00519468
-3.94495e-09
0.00519468
-3.99273e-09
0.00519468
-1.30161e-09
0.00519468
-2.42555e-09
0.00519467
-8.43703e-10
0.00519467
-1.13088e-09
0.00519467
-1.55907e-09
0.00519467
-3.63707e-10
0.00519467
-1.44537e-09
0.00519467
-2.65969e-10
0.00519467
1.46715e-10
0.00519467
1.40805e-10
0.00519467
1.88314e-09
0.00519467
9.85294e-10
0.00519467
2.10198e-09
0.00519467
1.35839e-09
0.00519467
7.97571e-10
0.00519467
8.75317e-10
0.00519467
-4.19743e-10
0.00519467
-2.41884e-10
0.00519467
-7.76551e-10
0.00519467
-1.02312e-09
0.00519467
-3.1008e-10
0.00519467
-1.05745e-09
0.00519467
-3.28842e-10
0.00519467
-1.44929e-09
0.00519467
-2.43258e-09
0.00519467
-4.187e-09
0.00519467
-7.5078e-09
0.00519467
-1.0927e-08
0.00519467
-1.66324e-08
0.00519467
-2.34877e-08
0.00519467
-3.2762e-08
0.00519467
-4.62853e-08
0.00519467
-6.37261e-08
0.00519467
-8.96627e-08
0.00519467
-1.24572e-07
0.00519467
-1.75245e-07
0.00519467
-2.45114e-07
0.00519466
-3.54238e-07
0.00519464
-5.04536e-07
0.00519459
-8.2746e-07
0.00519449
-1.37897e-06
0.00519428
-3.89276e-06
0.00519403
-1.07914e-05
0.00519347
-3.87753e-05
-7.80787e-05
0.00516893
-0.00147094
0.00519488
-0.000630766
0.00519434
-0.000150375
0.00519522
-8.39346e-06
0.00519512
9.79098e-06
0.00519542
-5.40132e-06
0.00519536
-8.82056e-06
0.00519532
-1.09131e-05
0.00519523
-9.35617e-06
0.00519515
-8.15057e-06
0.00519508
-6.69027e-06
0.00519501
-5.59234e-06
0.00519495
-4.63327e-06
0.0051949
-3.88389e-06
0.00519486
-3.26601e-06
0.00519481
-2.7737e-06
0.00519478
-2.36617e-06
0.00519474
-2.03242e-06
0.00519471
-1.75329e-06
0.00519468
-1.51364e-06
0.00519465
-1.31226e-06
0.00519463
-1.13542e-06
0.00519461
-9.83792e-07
0.00519458
-8.51653e-07
0.00519456
-7.35377e-07
0.00519455
-6.36092e-07
0.00519453
-5.47585e-07
0.00519452
-4.7146e-07
0.0051945
-4.04472e-07
0.00519449
-3.45165e-07
0.00519448
-2.94466e-07
0.00519447
-2.48933e-07
0.00519446
-2.10392e-07
0.00519445
-1.75978e-07
0.00519445
-1.4735e-07
0.00519444
-1.22284e-07
0.00519444
-1.02456e-07
0.00519443
-8.52176e-08
0.00519443
-7.10477e-08
0.00519443
-6.00299e-08
0.00519443
-4.95873e-08
0.00519442
-4.2202e-08
0.00519442
-3.48211e-08
0.00519442
-2.81432e-08
0.00519442
-2.4476e-08
0.00519442
-1.82433e-08
0.00519442
-1.65123e-08
0.00519442
-1.28396e-08
0.00519441
-1.06475e-08
0.00519441
-9.77933e-09
0.00519441
-7.03082e-09
0.00519441
-7.2272e-09
0.00519441
-5.12349e-09
0.00519441
-3.63042e-09
0.00519441
-3.76976e-09
0.00519441
-1.11501e-09
0.00519441
-2.16349e-09
0.00519441
-6.37934e-10
0.00519441
-8.87967e-10
0.00519441
-1.36697e-09
0.00519441
-2.69536e-10
0.00519441
-1.26218e-09
0.00519441
-2.26223e-10
0.00519441
2.23095e-10
0.00519441
8.53366e-11
0.00519441
1.75546e-09
0.00519441
8.38803e-10
0.00519441
1.89652e-09
0.00519441
1.17633e-09
0.00519441
6.24711e-10
0.00519441
6.77498e-10
0.00519441
-4.97298e-10
0.00519441
-3.57096e-10
0.00519441
-8.09774e-10
0.00519441
-1.11302e-09
0.00519441
-3.86828e-10
0.00519441
-1.12721e-09
0.00519441
-3.94854e-10
0.00519441
-1.4666e-09
0.00519441
-2.41606e-09
0.00519441
-4.11242e-09
0.00519441
-7.3268e-09
0.00519441
-1.06677e-08
0.00519441
-1.61881e-08
0.00519441
-2.28984e-08
0.0051944
-3.18631e-08
0.0051944
-4.50553e-08
0.0051944
-6.20901e-08
0.0051944
-8.74122e-08
0.0051944
-1.21415e-07
0.00519439
-1.70294e-07
0.00519438
-2.3671e-07
0.00519436
-3.37469e-07
0.00519433
-4.71071e-07
0.00519425
-7.51292e-07
0.00519411
-1.23636e-06
0.00519378
-3.56511e-06
0.00519323
-1.02346e-05
0.00519153
-3.70743e-05
-7.50838e-05
0.00518536
-0.00165631
0.00520053
-0.000645932
0.00519585
-0.000145693
0.00519663
-9.17603e-06
0.00519665
9.77261e-06
0.00519681
-5.5653e-06
0.00519649
-8.50204e-06
0.00519617
-1.05851e-05
0.00519582
-9.01479e-06
0.00519553
-7.85636e-06
0.00519527
-6.43451e-06
0.00519506
-5.37676e-06
0.00519488
-4.45071e-06
0.00519472
-3.72924e-06
0.00519459
-3.13349e-06
0.00519447
-2.65883e-06
0.00519437
-2.26592e-06
0.00519428
-1.94391e-06
0.00519421
-1.67485e-06
0.00519414
-1.44401e-06
0.00519407
-1.25006e-06
0.00519402
-1.08e-06
0.00519397
-9.34188e-07
0.00519393
-8.07336e-07
0.00519389
-6.95964e-07
0.00519385
-6.00962e-07
0.00519382
-5.16607e-07
0.00519379
-4.44058e-07
0.00519377
-3.80192e-07
0.00519375
-3.23732e-07
0.00519373
-2.75625e-07
0.00519371
-2.32553e-07
0.0051937
-1.96355e-07
0.00519369
-1.63938e-07
0.00519368
-1.37152e-07
0.00519367
-1.13563e-07
0.00519366
-9.50524e-08
0.00519365
-7.89561e-08
0.00519365
-6.56903e-08
0.00519364
-5.53425e-08
0.00519364
-4.55935e-08
0.00519364
-3.86721e-08
0.00519363
-3.1985e-08
0.00519363
-2.56764e-08
0.00519363
-2.2438e-08
0.00519363
-1.65647e-08
0.00519363
-1.49915e-08
0.00519363
-1.16548e-08
0.00519362
-9.64966e-09
0.00519362
-8.91729e-09
0.00519362
-6.37034e-09
0.00519362
-6.54077e-09
0.00519362
-4.71849e-09
0.00519362
-3.20911e-09
0.00519362
-3.44783e-09
0.00519362
-9.10741e-10
0.00519362
-1.89371e-09
0.00519362
-4.56389e-10
0.00519362
-6.7217e-10
0.00519362
-1.17546e-09
0.00519362
-1.89772e-10
0.00519362
-1.06951e-09
0.00519362
-1.74898e-10
0.00519362
3.01274e-10
0.00519362
4.2683e-11
0.00519362
1.59669e-09
0.00519362
6.62057e-10
0.00519362
1.63864e-09
0.00519362
9.58252e-10
0.00519362
4.40964e-10
0.00519362
4.83904e-10
0.00519362
-5.42242e-10
0.00519362
-4.19478e-10
0.00519362
-7.72921e-10
0.00519362
-1.11839e-09
0.00519362
-4.04115e-10
0.00519362
-1.1389e-09
0.00519362
-4.32035e-10
0.00519362
-1.43956e-09
0.00519362
-2.32983e-09
0.00519362
-3.91832e-09
0.00519362
-6.93171e-09
0.00519361
-1.00936e-08
0.00519361
-1.5288e-08
0.00519361
-2.163e-08
0.00519361
-3.0128e-08
0.00519361
-4.26422e-08
0.0051936
-5.87832e-08
0.0051936
-8.28319e-08
0.00519359
-1.15048e-07
0.00519358
-1.60901e-07
0.00519357
-2.22245e-07
0.00519354
-3.12245e-07
0.0051935
-4.25921e-07
0.0051934
-6.55759e-07
0.00519322
-1.05947e-06
0.00519279
-3.1314e-06
0.00519194
-9.3802e-06
0.00518908
-3.42142e-05
-6.96155e-05
0.00520394
-0.00186025
0.00520547
-0.000647459
0.00519607
-0.000136297
0.00519664
-9.7486e-06
0.0051968
9.61686e-06
0.00519678
-5.54097e-06
0.00519618
-7.90936e-06
0.00519553
-9.93691e-06
0.00519492
-8.39839e-06
0.00519439
-7.325e-06
0.00519394
-5.98478e-06
0.00519356
-5.0002e-06
0.00519324
-4.13554e-06
0.00519298
-3.46415e-06
0.00519275
-2.90843e-06
0.00519256
-2.46566e-06
0.00519239
-2.09913e-06
0.00519225
-1.79852e-06
0.00519212
-1.54752e-06
0.00519201
-1.3323e-06
0.00519191
-1.15159e-06
0.00519183
-9.93341e-07
0.00519175
-8.57672e-07
0.00519168
-7.39815e-07
0.00519162
-6.36555e-07
0.00519157
-5.4861e-07
0.00519152
-4.70867e-07
0.00519148
-4.04109e-07
0.00519145
-3.45177e-07
0.00519142
-2.93164e-07
0.00519139
-2.4903e-07
0.00519137
-2.09624e-07
0.00519135
-1.76779e-07
0.00519133
-1.47297e-07
0.00519132
-1.23103e-07
0.00519131
-1.01667e-07
0.0051913
-8.49895e-08
0.00519129
-7.04775e-08
0.00519128
-5.85185e-08
0.00519128
-4.91442e-08
0.00519127
-4.03181e-08
0.00519127
-3.40149e-08
0.00519126
-2.82404e-08
0.00519126
-2.25011e-08
0.00519126
-1.9786e-08
0.00519125
-1.44393e-08
0.00519125
-1.30777e-08
0.00519125
-1.01304e-08
0.00519125
-8.37477e-09
0.00519125
-7.78581e-09
0.00519125
-5.50005e-09
0.00519125
-5.64091e-09
0.00519125
-4.13777e-09
0.00519125
-2.69629e-09
0.00519125
-3.03784e-09
0.00519125
-6.99372e-10
0.00519124
-1.62492e-09
0.00519124
-3.09491e-10
0.00519124
-4.95192e-10
0.00519124
-9.93071e-10
0.00519124
-1.27894e-10
0.00519124
-8.75091e-10
0.00519124
-1.1812e-10
0.00519124
3.71818e-10
0.00519124
1.62522e-11
0.00519124
1.41928e-09
0.00519124
4.81964e-10
0.00519124
1.36029e-09
0.00519124
7.35732e-10
0.00519124
2.78115e-10
0.00519124
3.21444e-10
0.00519124
-5.34249e-10
0.00519124
-4.17124e-10
0.00519124
-6.6374e-10
0.00519124
-1.03632e-09
0.00519124
-3.61764e-10
0.00519124
-1.09096e-09
0.00519124
-4.41042e-10
0.00519124
-1.37004e-09
0.00519124
-2.17316e-09
0.00519124
-3.59901e-09
0.00519124
-6.31135e-09
0.00519124
-9.18334e-09
0.00519124
-1.38966e-08
0.00519123
-1.97121e-08
0.00519123
-2.74854e-08
0.00519123
-3.89177e-08
0.00519122
-5.37799e-08
0.00519122
-7.58727e-08
0.00519121
-1.05398e-07
0.00519119
-1.47016e-07
0.00519117
-2.01802e-07
0.00519114
-2.79181e-07
0.00519108
-3.71083e-07
0.00519097
-5.46374e-07
0.00519077
-8.59226e-07
0.00519025
-2.61369e-06
0.00518912
-8.24714e-06
0.00518513
-3.02182e-05
-6.15784e-05
0.00522259
-0.00208284
0.00520654
-0.000631414
0.00519182
-0.000121573
0.00519204
-9.96686e-06
0.00519237
9.27884e-06
0.00519212
-5.28564e-06
0.00519123
-7.02476e-06
0.00519024
-8.93949e-06
0.00518933
-7.48805e-06
0.00518854
-6.53994e-06
0.00518789
-5.32906e-06
0.00518734
-4.45283e-06
0.00518688
-3.68001e-06
0.0051865
-3.08272e-06
0.00518618
-2.58595e-06
0.0051859
-2.19026e-06
0.00518567
-1.86272e-06
0.00518546
-1.59386e-06
0.00518528
-1.36948e-06
0.00518513
-1.1772e-06
0.00518499
-1.01591e-06
0.00518488
-8.74816e-07
0.00518477
-7.53866e-07
0.00518468
-6.48918e-07
0.0051846
-5.57148e-07
0.00518453
-4.79145e-07
0.00518447
-4.10493e-07
0.00518442
-3.5182e-07
0.00518438
-2.99647e-07
0.00518434
-2.5379e-07
0.0051843
-2.15047e-07
0.00518427
-1.80532e-07
0.00518425
-1.52016e-07
0.00518423
-1.26368e-07
0.00518421
-1.05476e-07
0.0051842
-8.68499e-08
0.00518418
-7.24977e-08
0.00518417
-5.99824e-08
0.00518416
-4.96999e-08
0.00518416
-4.15821e-08
0.00518415
-3.39263e-08
0.00518414
-2.845e-08
0.00518414
-2.36506e-08
0.00518414
-1.87151e-08
0.00518413
-1.65937e-08
0.00518413
-1.19386e-08
0.00518413
-1.08401e-08
0.00518413
-8.33258e-09
0.00518413
-6.87148e-09
0.00518412
-6.42773e-09
0.00518412
-4.45504e-09
0.00518412
-4.56879e-09
0.00518412
-3.40537e-09
0.00518412
-2.11832e-09
0.00518412
-2.55258e-09
0.00518412
-4.88491e-10
0.00518412
-1.35468e-09
0.00518412
-1.9653e-10
0.00518412
-3.55518e-10
0.00518412
-8.16532e-10
0.00518412
-7.8643e-11
0.00518412
-6.79675e-10
0.00518412
-5.93878e-11
0.00518412
4.23384e-10
0.00518412
5.91344e-12
0.00518412
1.23175e-09
0.00518412
3.25756e-10
0.00518412
1.09429e-09
0.00518412
5.45112e-10
0.00518412
1.6933e-10
0.00518412
2.20762e-10
0.00518412
-4.53856e-10
0.00518412
-3.4065e-10
0.00518412
-4.87275e-10
0.00518412
-8.72114e-10
0.00518412
-2.68849e-10
0.00518412
-9.85607e-10
0.00518411
-4.23816e-10
0.00518411
-1.25654e-09
0.00518411
-1.94378e-09
0.00518411
-3.15105e-09
0.00518411
-5.46643e-09
0.00518411
-7.93725e-09
0.00518411
-1.20196e-08
0.00518411
-1.71223e-08
0.0051841
-2.38979e-08
0.0051841
-3.3976e-08
0.00518409
-4.7058e-08
0.00518408
-6.65059e-08
0.00518407
-9.24298e-08
0.00518405
-1.28633e-07
0.00518402
-1.75516e-07
0.00518398
-2.38937e-07
0.00518392
-3.08691e-07
0.0051838
-4.29388e-07
0.00518359
-6.48739e-07
0.00518302
-2.04322e-06
0.00518164
-6.86809e-06
0.0051766
-2.51731e-05
-5.09455e-05
0.00523328
-0.00231612
0.00519418
-0.000592305
0.00517352
-0.000100916
0.00517319
-9.64071e-06
0.00517381
8.65992e-06
0.00517329
-4.76157e-06
0.0051721
-5.84198e-06
0.00517073
-7.57088e-06
0.00516952
-6.27256e-06
0.00516847
-5.49035e-06
0.0051676
-4.46017e-06
0.00516688
-3.72845e-06
0.00516627
-3.07903e-06
0.00516577
-2.58083e-06
0.00516535
-2.16262e-06
0.00516499
-1.83006e-06
0.00516468
-1.55479e-06
0.00516442
-1.32862e-06
0.00516419
-1.1399e-06
0.00516399
-9.78251e-07
0.00516382
-8.42832e-07
0.00516367
-7.24476e-07
0.00516353
-6.23022e-07
0.00516342
-5.35074e-07
0.00516332
-4.58297e-07
0.00516324
-3.93205e-07
0.00516316
-3.36156e-07
0.0051631
-2.87288e-07
0.00516304
-2.4423e-07
0.005163
-2.06226e-07
0.00516295
-1.74282e-07
0.00516292
-1.45865e-07
0.00516289
-1.22606e-07
0.00516287
-1.01635e-07
0.00516285
-8.46999e-08
0.00516283
-6.95011e-08
0.00516281
-5.79201e-08
0.0051628
-4.77747e-08
0.00516279
-3.94917e-08
0.00516278
-3.28898e-08
0.00516278
-2.66566e-08
0.00516277
-2.21856e-08
0.00516276
-1.84662e-08
0.00516276
-1.44838e-08
0.00516276
-1.29819e-08
0.00516275
-9.17539e-09
0.00516275
-8.38177e-09
0.00516275
-6.36241e-09
0.00516275
-5.22472e-09
0.00516275
-4.91904e-09
0.00516275
-3.30801e-09
0.00516274
-3.39613e-09
0.00516274
-2.57218e-09
0.00516274
-1.50993e-09
0.00516274
-2.00497e-09
0.00516274
-2.82616e-10
0.00516274
-1.07145e-09
0.00516274
-1.06816e-10
0.00516274
-2.40677e-10
0.00516274
-6.35429e-10
0.00516274
-3.27073e-11
0.00516274
-4.8447e-10
0.00516274
-3.87775e-12
0.00516274
4.42374e-10
0.00516274
5.37679e-12
0.00516274
1.03086e-09
0.00516274
2.05133e-10
0.00516274
8.53206e-10
0.00516274
4.00151e-10
0.00516274
1.2275e-10
0.00516274
1.85041e-10
0.00516274
-3.0916e-10
0.00516274
-2.05536e-10
0.00516274
-2.69945e-10
0.00516274
-6.47327e-10
0.00516274
-1.44339e-10
0.00516274
-8.26395e-10
0.00516274
-3.77373e-10
0.00516274
-1.09129e-09
0.00516274
-1.63782e-09
0.00516274
-2.58216e-09
0.00516273
-4.41975e-09
0.00516273
-6.39333e-09
0.00516273
-9.7027e-09
0.00516273
-1.39107e-08
0.00516272
-1.948e-08
0.00516272
-2.78364e-08
0.00516271
-3.86591e-08
0.00516269
-5.47647e-08
0.00516268
-7.61811e-08
0.00516266
-1.05836e-07
0.00516262
-1.43623e-07
0.00516258
-1.92376e-07
0.00516251
-2.40494e-07
0.00516239
-3.11448e-07
0.00516218
-4.41701e-07
0.0051616
-1.45908e-06
0.00516003
-5.30133e-06
0.00515415
-1.92892e-05
-3.78144e-05
0.0052099
-0.00252602
0.00513958
-0.00052198
0.0051125
-7.38365e-05
0.00511136
-8.50574e-06
0.00511245
7.5737e-06
0.00511162
-3.93262e-06
0.00511016
-4.37995e-06
0.00510842
-5.83242e-06
0.0051069
-4.75841e-06
0.00510559
-4.18158e-06
0.00510452
-3.38305e-06
0.00510362
-2.83125e-06
0.00510288
-2.33592e-06
0.00510225
-1.95782e-06
0.00510173
-1.63982e-06
0.00510129
-1.3869e-06
0.00510091
-1.17707e-06
0.00510059
-1.0045e-06
0.00510031
-8.60521e-07
0.00510007
-7.37247e-07
0.00509986
-6.34134e-07
0.00509968
-5.44038e-07
0.00509952
-4.668e-07
0.00509939
-3.99896e-07
0.00509927
-3.41597e-07
0.00509917
-2.92335e-07
0.00509908
-2.49299e-07
0.00509901
-2.1244e-07
0.00509895
-1.80148e-07
0.00509889
-1.5163e-07
0.00509884
-1.27796e-07
0.00509881
-1.066e-07
0.00509877
-8.94126e-08
0.00509874
-7.38569e-08
0.00509872
-6.1424e-08
0.0050987
-5.02027e-08
0.00509869
-4.17646e-08
0.00509867
-3.43149e-08
0.00509866
-2.82667e-08
0.00509865
-2.34119e-08
0.00509864
-1.88175e-08
0.00509864
-1.55231e-08
0.00509863
-1.29494e-08
0.00509863
-1.00403e-08
0.00509862
-9.11932e-09
0.00509862
-6.28847e-09
0.00509862
-5.80713e-09
0.00509862
-4.32471e-09
0.00509861
-3.5078e-09
0.00509861
-3.32399e-09
0.00509861
-2.11364e-09
0.00509861
-2.18867e-09
0.00509861
-1.69325e-09
0.00509861
-9.25292e-10
0.00509861
-1.42711e-09
0.00509861
-1.13811e-10
0.00509861
-7.87851e-10
0.00509861
-6.33522e-11
0.00509861
-1.66026e-10
0.00509861
-4.67941e-10
0.00509861
4.14935e-13
0.00509861
-3.06169e-10
0.00509861
3.6255e-11
0.00509861
4.04549e-10
0.00509861
7.9502e-13
0.00509861
7.98435e-10
0.00509861
1.19649e-10
0.00509861
6.31396e-10
0.00509861
3.01204e-10
0.00509861
1.31065e-10
0.00509861
2.0963e-10
0.00509861
-1.15658e-10
0.0050986
-2.7239e-11
0.0050986
-4.07838e-11
0.0050986
-3.85131e-10
0.0050986
-1.6085e-11
0.0050986
-6.23769e-10
0.0050986
-3.06193e-10
0.0050986
-8.66629e-10
0.0050986
-1.25068e-09
0.0050986
-1.89599e-09
0.0050986
-3.19967e-09
0.0050986
-4.60497e-09
0.0050986
-7.03015e-09
0.00509859
-1.01796e-08
0.00509859
-1.43417e-08
0.00509858
-2.06282e-08
0.00509857
-2.87422e-08
0.00509855
-4.08427e-08
0.00509853
-5.68953e-08
0.00509851
-7.89595e-08
0.00509847
-1.06643e-07
0.00509842
-1.40577e-07
0.00509835
-1.69754e-07
0.00509824
-2.00492e-07
0.00509805
-2.56871e-07
0.00509748
-8.91448e-07
0.00509583
-3.6481e-06
0.00508957
-1.30252e-05
-2.27387e-05
0.00507201
-0.00259803
0.00495544
-0.000405407
0.00492276
-4.11598e-05
0.00492051
-6.25085e-06
0.00492234
5.73664e-06
0.0049212
-2.78814e-06
0.00491954
-2.7162e-06
0.00491747
-3.76635e-06
0.00491572
-3.00528e-06
0.00491419
-2.65762e-06
0.00491295
-2.13782e-06
0.00491191
-1.79227e-06
0.00491105
-1.47663e-06
0.00491033
-1.23869e-06
0.00490973
-1.03609e-06
0.00490921
-8.7595e-07
0.00490878
-7.42614e-07
0.00490841
-6.32858e-07
0.00490809
-5.41309e-07
0.00490782
-4.62928e-07
0.00490758
-3.97503e-07
0.00490738
-3.40318e-07
0.0049072
-2.91308e-07
0.00490705
-2.48875e-07
0.00490692
-2.11968e-07
0.00490681
-1.809e-07
0.00490671
-1.5384e-07
0.00490663
-1.3069e-07
0.00490656
-1.10491e-07
0.0049065
-9.26557e-08
0.00490645
-7.78726e-08
0.00490641
-6.47012e-08
0.00490638
-5.415e-08
0.00490635
-4.4535e-08
0.00490632
-3.69562e-08
0.0049063
-3.0052e-08
0.00490629
-2.496e-08
0.00490627
-2.03955e-08
0.00490626
-1.67329e-08
0.00490625
-1.37696e-08
0.00490624
-1.09633e-08
0.00490624
-8.94956e-09
0.00490623
-7.49911e-09
0.00490623
-5.72313e-09
0.00490622
-5.30559e-09
0.00490622
-3.52948e-09
0.00490622
-3.33248e-09
0.00490622
-2.40554e-09
0.00490621
-1.91761e-09
0.00490621
-1.82933e-09
0.00490621
-1.05739e-09
0.00490621
-1.10797e-09
0.00490621
-8.77228e-10
0.00490621
-4.10464e-10
0.00490621
-8.38443e-10
0.00490621
1.74729e-11
0.00490621
-4.89942e-10
0.00490621
-2.56726e-11
0.00490621
-1.03754e-10
0.00490621
-2.95087e-10
0.00490621
1.78625e-11
0.00490621
-1.56148e-10
0.00490621
4.58696e-11
0.00490621
3.03963e-10
0.00490621
-1.71056e-11
0.00490621
5.19939e-10
0.00490621
3.6854e-11
0.00490621
3.91276e-10
0.00490621
1.86303e-10
0.00490621
1.15644e-10
0.00490621
1.93585e-10
0.0049062
2.20926e-11
0.0049062
8.8141e-11
0.0049062
1.08409e-10
0.0049062
-1.5781e-10
0.0049062
7.67513e-11
0.0049062
-3.87695e-10
0.0049062
-1.98065e-10
0.0049062
-5.80367e-10
0.0049062
-8.02982e-10
0.0049062
-1.16499e-09
0.0049062
-1.92955e-09
0.0049062
-2.74941e-09
0.00490619
-4.21864e-09
0.00490619
-6.18039e-09
0.00490618
-8.76382e-09
0.00490618
-1.27103e-08
0.00490616
-1.77672e-08
0.00490615
-2.5347e-08
0.00490613
-3.53722e-08
0.0049061
-4.90759e-08
0.00490606
-6.60238e-08
0.004906
-8.57354e-08
0.00490593
-9.99404e-08
0.00490584
-1.04672e-07
0.00490569
-1.11397e-07
0.00490522
-4.17319e-07
0.0049036
-2.02818e-06
0.00489775
-7.18228e-06
-7.90986e-06
0.00456763
-0.00216566
0.00437535
-0.000213126
0.00434654
-1.23533e-05
0.00434279
-2.49387e-06
0.0043458
2.72189e-06
0.00434428
-1.26615e-06
0.00434266
-1.09603e-06
0.00434046
-1.56668e-06
0.00433867
-1.21979e-06
0.0043371
-1.08378e-06
0.00433582
-8.65956e-07
0.00433476
-7.26951e-07
0.00433388
-5.97749e-07
0.00433314
-5.01198e-07
0.00433253
-4.18914e-07
0.004332
-3.53831e-07
0.00433156
-2.99506e-07
0.00433118
-2.54758e-07
0.00433086
-2.17497e-07
0.00433058
-1.85626e-07
0.00433035
-1.59113e-07
0.00433014
-1.35914e-07
0.00432997
-1.16026e-07
0.00432982
-9.87905e-08
0.00432969
-8.38542e-08
0.00432958
-7.13635e-08
0.00432948
-6.05265e-08
0.00432941
-5.12449e-08
0.00432934
-4.31607e-08
0.00432928
-3.60073e-08
0.00432923
-3.0158e-08
0.00432919
-2.49354e-08
0.00432916
-2.08228e-08
0.00432913
-1.70289e-08
0.00432911
-1.40775e-08
0.00432909
-1.13643e-08
0.00432908
-9.42677e-09
0.00432906
-7.64668e-09
0.00432905
-6.24397e-09
0.00432904
-5.08627e-09
0.00432904
-3.99552e-09
0.00432903
-3.21092e-09
0.00432903
-2.71965e-09
0.00432902
-2.03241e-09
0.00432902
-1.92855e-09
0.00432902
-1.19192e-09
0.00432901
-1.15535e-09
0.00432901
-7.64209e-10
0.00432901
-5.76723e-10
0.00432901
-5.44361e-10
0.00432901
-2.25311e-10
0.00432901
-2.52611e-10
0.00432901
-2.19088e-10
0.00432901
-7.13235e-11
0.00432901
-3.34474e-10
0.00432901
1.01141e-11
0.00432901
-2.58193e-10
0.00432901
-6.98813e-11
0.00432901
-1.18231e-10
0.00432901
-1.89859e-10
0.00432901
-4.08853e-11
0.004329
-8.70398e-11
0.004329
1.50373e-12
0.004329
1.22488e-10
0.004329
-4.81649e-11
0.004329
1.90383e-10
0.004329
-3.60649e-11
0.004329
1.3787e-10
0.004329
6.62388e-11
0.004329
7.55384e-11
0.004329
1.38341e-10
0.004329
9.82961e-11
0.004329
1.39942e-10
0.004329
1.60918e-10
0.004329
1.37222e-11
0.004329
9.33589e-11
0.004329
-1.61411e-10
0.004329
-1.04651e-10
0.004329
-2.8805e-10
0.004329
-3.66887e-10
0.004329
-4.8483e-10
0.004329
-7.54529e-10
0.004329
-1.04514e-09
0.00432899
-1.60347e-09
0.00432899
-2.38831e-09
0.00432898
-3.41369e-09
0.00432898
-5.00466e-09
0.00432897
-7.01418e-09
0.00432895
-1.00516e-08
0.00432893
-1.40566e-08
0.0043289
-1.95096e-08
0.00432886
-2.61609e-08
0.00432881
-3.34943e-08
0.00432874
-3.75683e-08
0.00432867
-3.34272e-08
0.00432858
-2.27187e-08
0.00432827
-1.01603e-07
0.00432694
-6.96015e-07
0.00432236
-2.60245e-06
1.19031e-06
0.00283434
0.00262121
0.00260886
0.00260636
0.00260908
0.00260782
0.00260672
0.00260515
0.00260393
0.00260285
0.00260198
0.00260126
0.00260066
0.00260016
0.00259974
0.00259939
0.00259909
0.00259883
0.00259861
0.00259843
0.00259827
0.00259813
0.00259802
0.00259792
0.00259783
0.00259776
0.0025977
0.00259765
0.00259761
0.00259757
0.00259754
0.00259752
0.0025975
0.00259748
0.00259746
0.00259745
0.00259744
0.00259744
0.00259743
0.00259742
0.00259742
0.00259742
0.00259741
0.00259741
0.00259741
0.00259741
0.00259741
0.00259741
0.00259741
0.00259741
0.0025974
0.0025974
0.0025974
0.0025974
0.0025974
0.0025974
0.0025974
0.0025974
0.0025974
0.0025974
0.0025974
0.0025974
0.0025974
0.0025974
0.0025974
0.0025974
0.0025974
0.0025974
0.0025974
0.0025974
0.0025974
0.0025974
0.0025974
0.0025974
0.0025974
0.0025974
0.0025974
0.0025974
0.0025974
0.0025974
0.0025974
0.0025974
0.0025974
0.0025974
0.00259739
0.00259739
0.00259738
0.00259738
0.00259737
0.00259735
0.00259733
0.00259731
0.00259727
0.00259724
0.0025972
0.00259718
0.00259708
0.00259638
0.00259378
)
;

boundaryField
{
    inlet
    {
        type            calculated;
        value           nonuniform List<scalar> 
40
(
-0.005
-0.005
-0.005
-0.005
-0.005
-0.005
-0.005
-0.005
-0.005
-0.005
-0.005
-0.005
-0.005
-0.005
-0.005
-0.005
-0.005
-0.005
-0.005
-0.005
-0.005
-0.005
-0.005
-0.005
-0.005
-0.005
-0.005
-0.005
-0.005
-0.005
-0.005
-0.005
-0.005
-0.005
-0.005
-0.005
-0.005
-0.005
-0.005
-0.005
)
;
    }
    outlet
    {
        type            calculated;
        value           nonuniform List<scalar> 
40
(
0.00259497
0.00431326
0.00488293
0.00507449
0.00514102
0.00516597
0.00517709
0.00518361
0.00518853
0.00519281
0.00519671
0.0052003
0.00520356
0.00520648
0.00520904
0.0052112
0.00521295
0.00521427
0.00521516
0.00521561
0.00521561
0.00521516
0.00521427
0.00521295
0.0052112
0.00520903
0.00520648
0.00520356
0.00520029
0.00519671
0.00519281
0.00518853
0.00518361
0.00517709
0.00516596
0.00514102
0.00507449
0.00488292
0.00431326
0.00259497
)
;
    }
    lowerWall
    {
        type            calculated;
        value           uniform 0;
    }
    upperWall
    {
        type            calculated;
        value           uniform 0;
    }
    frontAndBack
    {
        type            empty;
        value           nonuniform 0();
    }
}


// ************************************************************************* //
