/*--------------------------------*- C++ -*----------------------------------*\
  =========                 |
  \\      /  F ield         | OpenFOAM: The Open Source CFD Toolbox
   \\    /   O peration     | Website:  https://openfoam.org
    \\  /    A nd           | Version:  7
     \\/     M anipulation  |
\*---------------------------------------------------------------------------*/
FoamFile
{
    version     2.0;
    format      ascii;
    class       surfaceScalarField;
    location    "2";
    object      phiB;
}
// * * * * * * * * * * * * * * * * * * * * * * * * * * * * * * * * * * * * * //

dimensions      [1 2 -2 0 0 -1 0];

internalField   nonuniform List<scalar> 
7860
(
0.00179327
0.399579
0.0021193
0.399674
0.00231985
0.399799
0.00246405
0.399856
0.00255215
0.399912
0.00259893
0.399953
0.00261895
0.39998
0.00262226
0.399997
0.0026159
0.400006
0.00260422
0.400012
0.00259009
0.400014
0.00257527
0.400015
0.00256083
0.400014
0.00254738
0.400013
0.00253523
0.400012
0.00252449
0.400011
0.00251515
0.400009
0.00250713
0.400008
0.0025003
0.400007
0.00249455
0.400006
0.00248972
0.400005
0.00248571
0.400004
0.00248237
0.400003
0.00247962
0.400003
0.00247736
0.400002
0.0024755
0.400002
0.00247398
0.400002
0.00247274
0.400001
0.00247174
0.400001
0.00247092
0.400001
0.00247025
0.400001
0.00246972
0.400001
0.00246928
0.4
0.00246893
0.4
0.00246865
0.4
0.00246843
0.4
0.00246825
0.4
0.0024681
0.4
0.00246798
0.4
0.00246789
0.4
0.00246782
0.4
0.00246776
0.4
0.00246771
0.4
0.00246767
0.4
0.00246764
0.4
0.00246762
0.4
0.0024676
0.4
0.00246759
0.4
0.00246757
0.4
0.00246757
0.4
0.00246756
0.4
0.00246755
0.4
0.00246755
0.4
0.00246754
0.4
0.00246754
0.4
0.00246754
0.4
0.00246754
0.4
0.00246754
0.4
0.00246754
0.4
0.00246753
0.4
0.00246753
0.4
0.00246753
0.4
0.00246753
0.4
0.00246753
0.4
0.00246753
0.4
0.00246753
0.4
0.00246753
0.4
0.00246753
0.4
0.00246753
0.4
0.00246753
0.4
0.00246753
0.4
0.00246752
0.4
0.00246752
0.4
0.00246752
0.4
0.00246751
0.4
0.00246751
0.4
0.0024675
0.4
0.00246749
0.4
0.00246747
0.4
0.00246745
0.4
0.00246742
0.4
0.00246739
0.4
0.00246735
0.4
0.00246729
0.4
0.00246722
0.4
0.00246713
0.4
0.00246703
0.4
0.0024669
0.4
0.00246676
0.4
0.00246661
0.4
0.00246647
0.4
0.00246636
0.4
0.00246635
0.4
0.00246654
0.4
0.00246705
0.399999
0.00246804
0.399999
0.00246932
0.399999
0.0024699
0.399999
0.00246582
0.400004
0.400015
0.00289127
0.398801
0.00338737
0.399178
0.00369806
0.399489
0.00390638
0.399647
0.00403281
0.399785
0.00410165
0.399884
0.00413273
0.399949
0.00414024
0.399989
0.00413384
0.400013
0.00411967
0.400026
0.00410176
0.400032
0.00408261
0.400034
0.00406375
0.400033
0.00404606
0.400031
0.00402999
0.400028
0.00401574
0.400025
0.00400331
0.400022
0.0039926
0.400019
0.00398348
0.400016
0.00397578
0.400013
0.00396931
0.400011
0.00396391
0.400009
0.00395944
0.400008
0.00395573
0.400006
0.00395268
0.400005
0.00395018
0.400004
0.00394813
0.400004
0.00394646
0.400003
0.00394509
0.400002
0.00394399
0.400002
0.00394309
0.400002
0.00394236
0.400001
0.00394177
0.400001
0.0039413
0.400001
0.00394092
0.400001
0.00394061
0.400001
0.00394037
0.4
0.00394017
0.4
0.00394001
0.4
0.00393988
0.4
0.00393978
0.4
0.0039397
0.4
0.00393964
0.4
0.00393959
0.4
0.00393955
0.4
0.00393951
0.4
0.00393949
0.4
0.00393947
0.4
0.00393945
0.4
0.00393944
0.4
0.00393943
0.4
0.00393942
0.4
0.00393941
0.4
0.00393941
0.4
0.00393941
0.4
0.0039394
0.4
0.0039394
0.4
0.0039394
0.4
0.0039394
0.4
0.0039394
0.4
0.0039394
0.4
0.00393939
0.4
0.00393939
0.4
0.00393939
0.4
0.00393939
0.4
0.00393939
0.4
0.00393939
0.4
0.00393939
0.4
0.00393939
0.4
0.00393939
0.4
0.00393939
0.4
0.00393938
0.4
0.00393938
0.4
0.00393937
0.4
0.00393937
0.4
0.00393936
0.4
0.00393935
0.4
0.00393933
0.4
0.00393931
0.4
0.00393928
0.4
0.00393925
0.4
0.0039392
0.4
0.00393914
0.4
0.00393907
0.4
0.00393897
0.4
0.00393886
0.4
0.00393872
0.4
0.00393856
0.4
0.00393838
0.4
0.0039382
0.4
0.00393803
0.4
0.00393794
0.4
0.00393801
0.4
0.00393838
0.399999
0.00393925
0.399999
0.00394084
0.399997
0.00394295
0.399997
0.00394431
0.399998
0.00393946
0.400009
0.400031
0.00310664
0.397916
0.00363472
0.39865
0.00397318
0.39915
0.0041914
0.399429
0.00432284
0.399654
0.00439609
0.399811
0.0044309
0.399914
0.00444172
0.399978
0.00443809
0.400016
0.00442627
0.400038
0.00441031
0.400048
0.00439279
0.400052
0.00437527
0.400051
0.00435869
0.400048
0.00434355
0.400043
0.00433005
0.400038
0.00431823
0.400034
0.00430802
0.400029
0.0042993
0.400025
0.00429192
0.400021
0.00428572
0.400017
0.00428054
0.400015
0.00427623
0.400012
0.00427266
0.40001
0.00426972
0.400008
0.0042673
0.400007
0.00426533
0.400006
0.00426371
0.400005
0.00426239
0.400004
0.00426132
0.400003
0.00426045
0.400002
0.00425974
0.400002
0.00425917
0.400002
0.00425871
0.400001
0.00425834
0.400001
0.00425804
0.400001
0.0042578
0.400001
0.00425761
0.400001
0.00425746
0.4
0.00425733
0.4
0.00425723
0.4
0.00425715
0.4
0.00425709
0.4
0.00425704
0.4
0.004257
0.4
0.00425697
0.4
0.00425695
0.4
0.00425693
0.4
0.00425691
0.4
0.0042569
0.4
0.00425689
0.4
0.00425688
0.4
0.00425687
0.4
0.00425687
0.4
0.00425687
0.4
0.00425686
0.4
0.00425686
0.4
0.00425686
0.4
0.00425686
0.4
0.00425686
0.4
0.00425686
0.4
0.00425686
0.4
0.00425685
0.4
0.00425685
0.4
0.00425685
0.4
0.00425685
0.4
0.00425685
0.4
0.00425685
0.4
0.00425685
0.4
0.00425685
0.4
0.00425685
0.4
0.00425684
0.4
0.00425684
0.4
0.00425683
0.4
0.00425683
0.4
0.00425682
0.4
0.00425681
0.4
0.00425679
0.4
0.00425677
0.4
0.00425674
0.4
0.00425671
0.4
0.00425667
0.4
0.00425661
0.4
0.00425654
0.4
0.00425645
0.4
0.00425634
0.4
0.00425621
0.4
0.00425607
0.4
0.00425591
0.4
0.00425575
0.4
0.00425564
0.4
0.00425561
0.4
0.00425578
0.4
0.00425628
0.399999
0.00425736
0.399998
0.00425925
0.399996
0.00426192
0.399994
0.00426447
0.399995
0.00426275
0.400011
0.40004
0.00297035
0.39702
0.00351548
0.398105
0.00387029
0.398795
0.00409452
0.399205
0.00422954
0.399519
0.00430614
0.399735
0.00434414
0.399876
0.00435795
0.399965
0.00435694
0.400017
0.0043474
0.400047
0.00433339
0.400062
0.00431752
0.400067
0.0043014
0.400067
0.00428599
0.400063
0.00427182
0.400058
0.00425912
0.400051
0.00424797
0.400045
0.00423831
0.400039
0.00423004
0.400033
0.00422303
0.400028
0.00421713
0.400023
0.00421219
0.40002
0.00420808
0.400016
0.00420467
0.400013
0.00420186
0.400011
0.00419955
0.400009
0.00419765
0.400007
0.0041961
0.400006
0.00419484
0.400005
0.00419381
0.400004
0.00419297
0.400003
0.0041923
0.400003
0.00419175
0.400002
0.0041913
0.400002
0.00419095
0.400001
0.00419066
0.400001
0.00419043
0.400001
0.00419024
0.400001
0.0041901
0.400001
0.00418998
0.4
0.00418988
0.4
0.00418981
0.4
0.00418974
0.4
0.0041897
0.4
0.00418966
0.4
0.00418963
0.4
0.0041896
0.4
0.00418958
0.4
0.00418957
0.4
0.00418956
0.4
0.00418955
0.4
0.00418954
0.4
0.00418953
0.4
0.00418953
0.4
0.00418953
0.4
0.00418952
0.4
0.00418952
0.4
0.00418952
0.4
0.00418952
0.4
0.00418952
0.4
0.00418952
0.4
0.00418952
0.4
0.00418951
0.4
0.00418951
0.4
0.00418951
0.4
0.00418951
0.4
0.00418951
0.4
0.00418951
0.4
0.00418951
0.4
0.00418951
0.4
0.00418951
0.4
0.0041895
0.4
0.0041895
0.4
0.00418949
0.4
0.00418949
0.4
0.00418948
0.4
0.00418947
0.4
0.00418945
0.4
0.00418943
0.4
0.00418941
0.4
0.00418938
0.4
0.00418933
0.4
0.00418928
0.4
0.00418921
0.4
0.00418913
0.4
0.00418903
0.4
0.00418891
0.4
0.00418878
0.400001
0.00418864
0.400001
0.00418852
0.400001
0.00418844
0.4
0.00418848
0.4
0.00418874
0.4
0.00418938
0.399998
0.00419065
0.399996
0.00419286
0.399993
0.00419617
0.399991
0.00420027
0.399991
0.00420302
0.400008
0.400041
0.00273607
0.396171
0.00328564
0.397555
0.00364716
0.398434
0.00387379
0.398978
0.00401075
0.399382
0.00408957
0.399656
0.00413007
0.399836
0.00414637
0.399948
0.00414769
0.400016
0.00414025
0.400055
0.00412808
0.400074
0.0041138
0.400082
0.00409905
0.400082
0.0040848
0.400077
0.00407161
0.400071
0.00405974
0.400063
0.00404927
0.400055
0.00404018
0.400048
0.00403238
0.400041
0.00402575
0.400034
0.00402017
0.400029
0.00401549
0.400024
0.00401159
0.40002
0.00400835
0.400017
0.00400568
0.400014
0.00400348
0.400011
0.00400168
0.400009
0.0040002
0.400008
0.00399899
0.400006
0.00399801
0.400005
0.00399722
0.400004
0.00399657
0.400003
0.00399605
0.400003
0.00399562
0.400002
0.00399528
0.400002
0.00399501
0.400001
0.00399479
0.400001
0.00399461
0.400001
0.00399447
0.400001
0.00399435
0.400001
0.00399426
0.4
0.00399419
0.4
0.00399413
0.4
0.00399408
0.4
0.00399405
0.4
0.00399402
0.4
0.00399399
0.4
0.00399397
0.4
0.00399396
0.4
0.00399395
0.4
0.00399394
0.4
0.00399393
0.4
0.00399393
0.4
0.00399392
0.4
0.00399392
0.4
0.00399392
0.4
0.00399391
0.4
0.00399391
0.4
0.00399391
0.4
0.00399391
0.4
0.00399391
0.4
0.00399391
0.4
0.00399391
0.4
0.00399391
0.4
0.00399391
0.4
0.00399391
0.4
0.00399391
0.4
0.0039939
0.4
0.0039939
0.4
0.0039939
0.4
0.0039939
0.4
0.0039939
0.4
0.00399389
0.4
0.00399389
0.4
0.00399388
0.4
0.00399387
0.4
0.00399386
0.4
0.00399385
0.4
0.00399383
0.4
0.0039938
0.4
0.00399377
0.4
0.00399373
0.4
0.00399368
0.4
0.00399362
0.4
0.00399354
0.4
0.00399345
0.400001
0.00399334
0.400001
0.00399322
0.400001
0.00399311
0.400001
0.00399301
0.400001
0.00399298
0.400001
0.00399308
0.4
0.00399342
0.399999
0.00399418
0.399998
0.00399563
0.399995
0.00399815
0.399991
0.00400213
0.399987
0.00400786
0.399986
0.00401514
0.400001
0.400033
0.00248668
0.395392
0.00302875
0.397013
0.00338952
0.398073
0.00361528
0.398753
0.00375242
0.399245
0.00383232
0.399576
0.00387454
0.399793
0.00389282
0.39993
0.00389612
0.400013
0.00389054
0.40006
0.00388007
0.400085
0.0038673
0.400094
0.00385387
0.400095
0.00384076
0.40009
0.00382854
0.400083
0.00381749
0.400074
0.00380771
0.400065
0.00379919
0.400056
0.00379187
0.400048
0.00378564
0.400041
0.00378038
0.400034
0.00377597
0.400029
0.00377229
0.400024
0.00376923
0.40002
0.00376671
0.400016
0.00376463
0.400013
0.00376292
0.400011
0.00376152
0.400009
0.00376038
0.400007
0.00375945
0.400006
0.00375869
0.400005
0.00375808
0.400004
0.00375758
0.400003
0.00375718
0.400003
0.00375685
0.400002
0.00375659
0.400002
0.00375638
0.400001
0.00375621
0.400001
0.00375608
0.400001
0.00375597
0.400001
0.00375588
0.400001
0.00375581
0.4
0.00375576
0.4
0.00375571
0.4
0.00375568
0.4
0.00375565
0.4
0.00375563
0.4
0.00375561
0.4
0.0037556
0.4
0.00375558
0.4
0.00375558
0.4
0.00375557
0.4
0.00375556
0.4
0.00375556
0.4
0.00375556
0.4
0.00375555
0.4
0.00375555
0.4
0.00375555
0.4
0.00375555
0.4
0.00375555
0.4
0.00375555
0.4
0.00375555
0.4
0.00375555
0.4
0.00375554
0.4
0.00375554
0.4
0.00375554
0.4
0.00375554
0.4
0.00375554
0.4
0.00375554
0.4
0.00375554
0.4
0.00375554
0.4
0.00375553
0.4
0.00375553
0.4
0.00375553
0.4
0.00375552
0.4
0.00375551
0.4
0.0037555
0.4
0.00375549
0.4
0.00375547
0.4
0.00375545
0.4
0.00375542
0.4
0.00375538
0.4
0.00375533
0.4
0.00375527
0.4
0.0037552
0.4
0.00375511
0.400001
0.00375502
0.400001
0.00375491
0.400001
0.00375482
0.400001
0.00375475
0.400001
0.00375475
0.400001
0.0037549
0.4
0.00375531
0.399999
0.00375618
0.399997
0.0037578
0.399993
0.0037606
0.399988
0.00376521
0.399982
0.00377249
0.399978
0.00378378
0.399989
0.400017
0.00224738
0.394691
0.00277168
0.396489
0.00312566
0.397719
0.00334759
0.398531
0.00348319
0.399109
0.00356301
0.399496
0.00360617
0.39975
0.00362589
0.39991
0.00363081
0.400008
0.00362687
0.400064
0.00361794
0.400094
0.00360658
0.400106
0.00359441
0.400107
0.0035824
0.400102
0.00357114
0.400094
0.0035609
0.400084
0.00355181
0.400074
0.00354388
0.400064
0.00353704
0.400055
0.00353121
0.400047
0.00352629
0.400039
0.00352215
0.400033
0.0035187
0.400027
0.00351583
0.400023
0.00351345
0.400019
0.0035115
0.400015
0.00350989
0.400013
0.00350857
0.40001
0.0035075
0.400008
0.00350662
0.400007
0.0035059
0.400006
0.00350533
0.400004
0.00350486
0.400004
0.00350448
0.400003
0.00350417
0.400002
0.00350392
0.400002
0.00350372
0.400002
0.00350356
0.400001
0.00350344
0.400001
0.00350333
0.400001
0.00350325
0.400001
0.00350318
0.400001
0.00350313
0.4
0.00350309
0.4
0.00350306
0.4
0.00350303
0.4
0.00350301
0.4
0.00350299
0.4
0.00350298
0.4
0.00350297
0.4
0.00350296
0.4
0.00350295
0.4
0.00350295
0.4
0.00350294
0.4
0.00350294
0.4
0.00350294
0.4
0.00350294
0.4
0.00350294
0.4
0.00350293
0.4
0.00350293
0.4
0.00350293
0.4
0.00350293
0.4
0.00350293
0.4
0.00350293
0.4
0.00350293
0.4
0.00350293
0.4
0.00350293
0.4
0.00350293
0.4
0.00350293
0.4
0.00350292
0.4
0.00350292
0.4
0.00350292
0.4
0.00350292
0.4
0.00350291
0.4
0.00350291
0.4
0.0035029
0.4
0.00350289
0.4
0.00350288
0.4
0.00350286
0.4
0.00350284
0.4
0.00350281
0.4
0.00350277
0.4
0.00350273
0.4
0.00350267
0.4
0.00350261
0.400001
0.00350253
0.400001
0.00350244
0.400001
0.00350235
0.400001
0.00350227
0.400001
0.00350223
0.400001
0.00350226
0.4
0.00350245
0.4
0.00350293
0.399998
0.00350388
0.399996
0.00350564
0.399991
0.00350868
0.399985
0.00351386
0.399977
0.00352247
0.39997
0.00353708
0.399975
0.399996
0.00202415
0.394066
0.00252251
0.39599
0.00286472
0.397377
0.00308013
0.398315
0.00321252
0.398977
0.00329115
0.399417
0.00333448
0.399707
0.00335511
0.39989
0.0033613
0.400002
0.00335874
0.400067
0.00335121
0.400101
0.00334116
0.400116
0.00333019
0.400118
0.00331925
0.400113
0.00330892
0.400105
0.00329949
0.400094
0.00329109
0.400082
0.00328374
0.400071
0.0032774
0.400061
0.00327198
0.400052
0.00326739
0.400044
0.00326354
0.400037
0.00326032
0.40003
0.00325764
0.400025
0.00325542
0.400021
0.00325359
0.400017
0.00325209
0.400014
0.00325086
0.400012
0.00324985
0.400009
0.00324903
0.400008
0.00324836
0.400006
0.00324782
0.400005
0.00324738
0.400004
0.00324702
0.400003
0.00324673
0.400003
0.0032465
0.400002
0.00324631
0.400002
0.00324616
0.400001
0.00324604
0.400001
0.00324594
0.400001
0.00324587
0.400001
0.00324581
0.400001
0.00324576
0.4
0.00324572
0.4
0.00324569
0.4
0.00324566
0.4
0.00324564
0.4
0.00324562
0.4
0.00324561
0.4
0.0032456
0.4
0.00324559
0.4
0.00324559
0.4
0.00324558
0.4
0.00324558
0.4
0.00324558
0.4
0.00324557
0.4
0.00324557
0.4
0.00324557
0.4
0.00324557
0.4
0.00324557
0.4
0.00324557
0.4
0.00324557
0.4
0.00324557
0.4
0.00324557
0.4
0.00324556
0.4
0.00324556
0.4
0.00324556
0.4
0.00324556
0.4
0.00324556
0.4
0.00324556
0.4
0.00324556
0.4
0.00324556
0.4
0.00324555
0.4
0.00324555
0.4
0.00324554
0.4
0.00324554
0.4
0.00324553
0.4
0.00324551
0.4
0.0032455
0.4
0.00324548
0.4
0.00324545
0.4
0.00324542
0.4
0.00324538
0.4
0.00324532
0.4
0.00324526
0.400001
0.00324519
0.400001
0.00324511
0.400001
0.00324504
0.400001
0.00324497
0.400001
0.00324495
0.400001
0.00324501
0.4
0.00324524
0.4
0.00324576
0.399998
0.00324678
0.399995
0.00324864
0.39999
0.00325188
0.399982
0.0032575
0.399971
0.00326719
0.39996
0.00328437
0.399958
0.39997
0.0018168
0.393515
0.00228314
0.395524
0.00260938
0.397051
0.00281587
0.398109
0.00294348
0.398849
0.00301984
0.399341
0.00306261
0.399664
0.00308363
0.399869
0.00309074
0.399995
0.00308935
0.400068
0.00308305
0.400107
0.00307422
0.400125
0.00306438
0.400128
0.00305448
0.400123
0.00304507
0.400114
0.00303643
0.400102
0.00302872
0.40009
0.00302196
0.400078
0.00301611
0.400067
0.00301111
0.400057
0.00300687
0.400048
0.0030033
0.40004
0.00300032
0.400033
0.00299784
0.400028
0.00299578
0.400023
0.00299408
0.400019
0.00299269
0.400015
0.00299154
0.400013
0.00299061
0.40001
0.00298984
0.400008
0.00298922
0.400007
0.00298871
0.400006
0.0029883
0.400004
0.00298797
0.400004
0.00298771
0.400003
0.00298749
0.400002
0.00298731
0.400002
0.00298717
0.400002
0.00298706
0.400001
0.00298697
0.400001
0.0029869
0.400001
0.00298684
0.400001
0.0029868
0.4
0.00298676
0.4
0.00298673
0.4
0.00298671
0.4
0.00298669
0.4
0.00298667
0.4
0.00298666
0.4
0.00298665
0.4
0.00298664
0.4
0.00298664
0.4
0.00298663
0.4
0.00298663
0.4
0.00298663
0.4
0.00298662
0.4
0.00298662
0.4
0.00298662
0.4
0.00298662
0.4
0.00298662
0.4
0.00298662
0.4
0.00298662
0.4
0.00298662
0.4
0.00298662
0.4
0.00298662
0.4
0.00298662
0.4
0.00298662
0.4
0.00298661
0.4
0.00298661
0.4
0.00298661
0.4
0.00298661
0.4
0.00298661
0.4
0.00298661
0.4
0.0029866
0.4
0.0029866
0.4
0.00298659
0.4
0.00298658
0.4
0.00298657
0.4
0.00298655
0.4
0.00298653
0.4
0.00298651
0.4
0.00298648
0.4
0.00298644
0.4
0.00298639
0.400001
0.00298634
0.400001
0.00298627
0.400001
0.0029862
0.400001
0.00298614
0.400001
0.00298609
0.400001
0.00298608
0.400001
0.00298617
0.4
0.00298642
0.399999
0.00298697
0.399997
0.00298803
0.399994
0.00298996
0.399988
0.00299333
0.399978
0.00299927
0.399965
0.00300974
0.39995
0.00302873
0.399939
0.399941
0.00162339
0.39303
0.00205344
0.395094
0.00236017
0.396744
0.00255557
0.397913
0.00267695
0.398728
0.00275005
0.399268
0.00279156
0.399623
0.00281249
0.399848
0.00282019
0.399987
0.00281973
0.400069
0.00281453
0.400113
0.00280682
0.400132
0.00279806
0.400137
0.00278916
0.400132
0.00278064
0.400122
0.0027728
0.40011
0.00276577
0.400097
0.00275959
0.400084
0.00275424
0.400072
0.00274966
0.400062
0.00274578
0.400052
0.0027425
0.400043
0.00273976
0.400036
0.00273748
0.40003
0.00273559
0.400025
0.00273402
0.40002
0.00273274
0.400017
0.00273169
0.400014
0.00273082
0.400011
0.00273012
0.400009
0.00272954
0.400007
0.00272908
0.400006
0.0027287
0.400005
0.00272839
0.400004
0.00272815
0.400003
0.00272795
0.400003
0.00272779
0.400002
0.00272766
0.400002
0.00272755
0.400001
0.00272747
0.400001
0.0027274
0.400001
0.00272735
0.400001
0.00272731
0.400001
0.00272727
0.4
0.00272724
0.4
0.00272722
0.4
0.00272721
0.4
0.00272719
0.4
0.00272718
0.4
0.00272717
0.4
0.00272717
0.4
0.00272716
0.4
0.00272716
0.4
0.00272715
0.4
0.00272715
0.4
0.00272715
0.4
0.00272715
0.4
0.00272714
0.4
0.00272714
0.4
0.00272714
0.4
0.00272714
0.4
0.00272714
0.4
0.00272714
0.4
0.00272714
0.4
0.00272714
0.4
0.00272714
0.4
0.00272714
0.4
0.00272714
0.4
0.00272714
0.4
0.00272714
0.4
0.00272713
0.4
0.00272713
0.4
0.00272713
0.4
0.00272713
0.4
0.00272712
0.4
0.00272712
0.4
0.00272711
0.4
0.0027271
0.4
0.00272708
0.4
0.00272706
0.4
0.00272704
0.4
0.00272701
0.4
0.00272698
0.4
0.00272694
0.400001
0.00272688
0.400001
0.00272683
0.400001
0.00272677
0.400001
0.00272671
0.400001
0.00272667
0.400001
0.00272668
0.400001
0.00272678
0.4
0.00272705
0.399999
0.00272762
0.399997
0.0027287
0.399993
0.00273066
0.399986
0.00273408
0.399975
0.0027402
0.399959
0.00275113
0.399939
0.0027712
0.399919
0.39991
0.00144166
0.392606
0.00183265
0.394703
0.00211691
0.39646
0.00229928
0.397731
0.00241309
0.398614
0.00248202
0.399199
0.00252161
0.399583
0.00254199
0.399827
0.00254997
0.399979
0.00255024
0.400068
0.00254599
0.400117
0.00253931
0.400139
0.00253158
0.400145
0.00252364
0.40014
0.00251599
0.40013
0.00250893
0.400117
0.00250259
0.400104
0.002497
0.40009
0.00249215
0.400077
0.002488
0.400066
0.00248447
0.400055
0.00248149
0.400046
0.002479
0.400039
0.00247692
0.400032
0.0024752
0.400027
0.00247377
0.400022
0.0024726
0.400018
0.00247164
0.400015
0.00247085
0.400012
0.00247021
0.40001
0.00246969
0.400008
0.00246926
0.400006
0.00246892
0.400005
0.00246864
0.400004
0.00246841
0.400003
0.00246823
0.400003
0.00246808
0.400002
0.00246796
0.400002
0.00246787
0.400001
0.00246779
0.400001
0.00246773
0.400001
0.00246768
0.400001
0.00246764
0.400001
0.00246761
0.4
0.00246758
0.4
0.00246756
0.4
0.00246755
0.4
0.00246754
0.4
0.00246753
0.4
0.00246752
0.4
0.00246751
0.4
0.00246751
0.4
0.0024675
0.4
0.0024675
0.4
0.0024675
0.4
0.00246749
0.4
0.00246749
0.4
0.00246749
0.4
0.00246749
0.4
0.00246749
0.4
0.00246749
0.4
0.00246749
0.4
0.00246749
0.4
0.00246749
0.4
0.00246749
0.4
0.00246749
0.4
0.00246749
0.4
0.00246749
0.4
0.00246749
0.4
0.00246748
0.4
0.00246748
0.4
0.00246748
0.4
0.00246748
0.4
0.00246747
0.4
0.00246747
0.4
0.00246746
0.4
0.00246746
0.4
0.00246745
0.4
0.00246744
0.4
0.00246742
0.4
0.0024674
0.4
0.00246737
0.4
0.00246734
0.400001
0.0024673
0.400001
0.00246726
0.400001
0.0024672
0.400001
0.00246715
0.400001
0.0024671
0.400001
0.00246708
0.400001
0.0024671
0.400001
0.00246721
0.4
0.00246748
0.399999
0.00246806
0.399996
0.00246913
0.399991
0.00247107
0.399984
0.00247448
0.399972
0.00248062
0.399953
0.00249168
0.399928
0.00251213
0.399898
0.399878
0.00126951
0.392239
0.00161979
0.394353
0.00187915
0.3962
0.00204676
0.397563
0.0021518
0.398509
0.00221573
0.399135
0.0022528
0.399546
0.00227221
0.399808
0.00228017
0.399971
0.00228097
0.400067
0.00227754
0.40012
0.00227181
0.400145
0.00226505
0.400151
0.00225804
0.400147
0.00225126
0.400137
0.00224497
0.400124
0.0022393
0.400109
0.0022343
0.400095
0.00222996
0.400082
0.00222623
0.400069
0.00222306
0.400059
0.00222039
0.400049
0.00221815
0.400041
0.00221628
0.400034
0.00221473
0.400028
0.00221345
0.400023
0.00221239
0.400019
0.00221152
0.400016
0.00221082
0.400013
0.00221024
0.40001
0.00220976
0.400008
0.00220938
0.400007
0.00220907
0.400006
0.00220881
0.400004
0.00220861
0.400004
0.00220845
0.400003
0.00220831
0.400002
0.00220821
0.400002
0.00220812
0.400002
0.00220805
0.400001
0.00220799
0.400001
0.00220795
0.400001
0.00220792
0.400001
0.00220789
0.4
0.00220786
0.4
0.00220785
0.4
0.00220783
0.4
0.00220782
0.4
0.00220781
0.4
0.0022078
0.4
0.0022078
0.4
0.00220779
0.4
0.00220779
0.4
0.00220779
0.4
0.00220779
0.4
0.00220778
0.4
0.00220778
0.4
0.00220778
0.4
0.00220778
0.4
0.00220778
0.4
0.00220778
0.4
0.00220778
0.4
0.00220778
0.4
0.00220778
0.4
0.00220778
0.4
0.00220778
0.4
0.00220778
0.4
0.00220777
0.4
0.00220777
0.4
0.00220777
0.4
0.00220777
0.4
0.00220777
0.4
0.00220777
0.4
0.00220776
0.4
0.00220776
0.4
0.00220776
0.4
0.00220775
0.4
0.00220774
0.4
0.00220773
0.4
0.00220771
0.4
0.0022077
0.4
0.00220767
0.4
0.00220764
0.400001
0.00220761
0.400001
0.00220757
0.400001
0.00220752
0.400001
0.00220748
0.400001
0.00220744
0.400001
0.00220742
0.400001
0.00220745
0.400001
0.00220756
0.4
0.00220784
0.399998
0.0022084
0.399996
0.00220945
0.39999
0.00221133
0.399982
0.00221464
0.399968
0.00222064
0.399947
0.00223152
0.399917
0.0022517
0.399878
0.399846
0.00110513
0.391924
0.00141387
0.394044
0.00164636
0.395968
0.00179768
0.397412
0.00189288
0.398414
0.00195105
0.399077
0.00198507
0.399512
0.00200312
0.39979
0.0020108
0.399963
0.00201195
0.400066
0.00200922
0.400123
0.00200437
0.40015
0.00199852
0.400157
0.00199241
0.400153
0.00198647
0.400143
0.00198095
0.400129
0.00197596
0.400114
0.00197155
0.400099
0.00196771
0.400085
0.00196441
0.400073
0.00196161
0.400061
0.00195924
0.400051
0.00195725
0.400043
0.0019556
0.400036
0.00195422
0.400029
0.00195308
0.400024
0.00195215
0.40002
0.00195138
0.400016
0.00195075
0.400013
0.00195023
0.400011
0.00194981
0.400009
0.00194947
0.400007
0.0019492
0.400006
0.00194897
0.400005
0.00194879
0.400004
0.00194864
0.400003
0.00194852
0.400002
0.00194843
0.400002
0.00194835
0.400002
0.00194829
0.400001
0.00194824
0.400001
0.0019482
0.400001
0.00194817
0.400001
0.00194814
0.400001
0.00194812
0.4
0.00194811
0.4
0.0019481
0.4
0.00194809
0.4
0.00194808
0.4
0.00194807
0.4
0.00194807
0.4
0.00194806
0.4
0.00194806
0.4
0.00194806
0.4
0.00194805
0.4
0.00194805
0.4
0.00194805
0.4
0.00194805
0.4
0.00194805
0.4
0.00194805
0.4
0.00194805
0.4
0.00194805
0.4
0.00194805
0.4
0.00194805
0.4
0.00194805
0.4
0.00194805
0.4
0.00194805
0.4
0.00194804
0.4
0.00194804
0.4
0.00194804
0.4
0.00194804
0.4
0.00194804
0.4
0.00194804
0.4
0.00194804
0.4
0.00194803
0.4
0.00194803
0.4
0.00194802
0.4
0.00194801
0.4
0.001948
0.4
0.00194799
0.4
0.00194797
0.4
0.00194795
0.4
0.00194793
0.400001
0.0019479
0.400001
0.00194786
0.400001
0.00194782
0.400001
0.00194778
0.400001
0.00194775
0.400001
0.00194774
0.400001
0.00194777
0.400001
0.00194789
0.4
0.00194816
0.399998
0.00194869
0.399995
0.00194968
0.399989
0.00195146
0.39998
0.00195459
0.399965
0.0019603
0.399941
0.00197071
0.399906
0.00199
0.399859
0.399816
0.000947017
0.391657
0.00121392
0.393777
0.00141796
0.395764
0.00155168
0.397278
0.00163608
0.398329
0.00168785
0.399025
0.00171831
0.399481
0.00173467
0.399773
0.00174182
0.399956
0.00174317
0.400065
0.00174103
0.400125
0.00173697
0.400154
0.00173201
0.400162
0.00172677
0.400159
0.00172166
0.400148
0.00171689
0.400134
0.00171257
0.400119
0.00170875
0.400103
0.00170542
0.400089
0.00170256
0.400076
0.00170012
0.400064
0.00169806
0.400054
0.00169633
0.400045
0.00169489
0.400037
0.00169369
0.400031
0.0016927
0.400025
0.00169189
0.400021
0.00169122
0.400017
0.00169067
0.400014
0.00169022
0.400011
0.00168985
0.400009
0.00168956
0.400007
0.00168931
0.400006
0.00168912
0.400005
0.00168896
0.400004
0.00168883
0.400003
0.00168873
0.400003
0.00168864
0.400002
0.00168858
0.400002
0.00168852
0.400001
0.00168848
0.400001
0.00168844
0.400001
0.00168842
0.400001
0.00168839
0.400001
0.00168838
0.4
0.00168836
0.4
0.00168835
0.4
0.00168834
0.4
0.00168834
0.4
0.00168833
0.4
0.00168833
0.4
0.00168832
0.4
0.00168832
0.4
0.00168832
0.4
0.00168832
0.4
0.00168831
0.4
0.00168831
0.4
0.00168831
0.4
0.00168831
0.4
0.00168831
0.4
0.00168831
0.4
0.00168831
0.4
0.00168831
0.4
0.00168831
0.4
0.00168831
0.4
0.00168831
0.4
0.00168831
0.4
0.00168831
0.4
0.00168831
0.4
0.00168831
0.4
0.00168831
0.4
0.0016883
0.4
0.0016883
0.4
0.0016883
0.4
0.0016883
0.4
0.00168829
0.4
0.00168829
0.4
0.00168828
0.4
0.00168827
0.4
0.00168826
0.4
0.00168825
0.4
0.00168823
0.4
0.00168821
0.400001
0.00168818
0.400001
0.00168815
0.400001
0.00168812
0.400001
0.00168808
0.400001
0.00168806
0.400001
0.00168805
0.400001
0.00168809
0.400001
0.0016882
0.4
0.00168845
0.399998
0.00168894
0.399994
0.00168985
0.399989
0.00169149
0.399978
0.00169437
0.399962
0.00169965
0.399936
0.00170929
0.399897
0.00172715
0.399841
0.399788
0.00079389
0.391435
0.001019
0.393552
0.00119337
0.39559
0.00130837
0.397163
0.00138116
0.398257
0.00142594
0.39898
0.00145244
0.399455
0.0014668
0.399759
0.00147321
0.39995
0.0014746
0.400064
0.00147296
0.400127
0.00146964
0.400157
0.00146551
0.400166
0.00146112
0.400163
0.00145682
0.400152
0.00145279
0.400138
0.00144915
0.400122
0.00144592
0.400106
0.0014431
0.400092
0.00144067
0.400078
0.00143861
0.400066
0.00143686
0.400055
0.00143539
0.400046
0.00143417
0.400038
0.00143315
0.400032
0.00143231
0.400026
0.00143161
0.400021
0.00143104
0.400018
0.00143058
0.400014
0.0014302
0.400012
0.00142988
0.400009
0.00142963
0.400008
0.00142943
0.400006
0.00142926
0.400005
0.00142912
0.400004
0.00142901
0.400003
0.00142893
0.400003
0.00142886
0.400002
0.0014288
0.400002
0.00142875
0.400001
0.00142872
0.400001
0.00142869
0.400001
0.00142866
0.400001
0.00142864
0.400001
0.00142863
0.4
0.00142862
0.4
0.00142861
0.4
0.0014286
0.4
0.00142859
0.4
0.00142859
0.4
0.00142858
0.4
0.00142858
0.4
0.00142858
0.4
0.00142858
0.4
0.00142858
0.4
0.00142857
0.4
0.00142857
0.4
0.00142857
0.4
0.00142857
0.4
0.00142857
0.4
0.00142857
0.4
0.00142857
0.4
0.00142857
0.4
0.00142857
0.4
0.00142857
0.4
0.00142857
0.4
0.00142857
0.4
0.00142857
0.4
0.00142857
0.4
0.00142857
0.4
0.00142857
0.4
0.00142857
0.4
0.00142856
0.4
0.00142856
0.4
0.00142856
0.4
0.00142856
0.4
0.00142855
0.4
0.00142855
0.4
0.00142854
0.4
0.00142853
0.4
0.00142852
0.4
0.0014285
0.4
0.00142848
0.400001
0.00142846
0.400001
0.00142843
0.400001
0.00142841
0.400001
0.00142838
0.400001
0.00142836
0.400001
0.00142836
0.400001
0.00142839
0.400001
0.00142849
0.4
0.00142872
0.399998
0.00142916
0.399994
0.00142997
0.399988
0.00143142
0.399977
0.001434
0.39996
0.0014387
0.399931
0.00144732
0.399888
0.00146328
0.399825
0.399763
0.000644686
0.391257
0.000828251
0.393368
0.000972012
0.395446
0.00106734
0.397068
0.00112784
0.398196
0.00116514
0.398943
0.00118731
0.399433
0.00119942
0.399747
0.00120492
0.399944
0.00120623
0.400062
0.001205
0.400128
0.00120236
0.40016
0.00119902
0.40017
0.00119546
0.400166
0.00119196
0.400156
0.00118868
0.400141
0.0011857
0.400125
0.00118306
0.400109
0.00118075
0.400094
0.00117876
0.40008
0.00117707
0.400068
0.00117564
0.400057
0.00117443
0.400047
0.00117343
0.400039
0.00117259
0.400032
0.0011719
0.400027
0.00117133
0.400022
0.00117086
0.400018
0.00117048
0.400015
0.00117017
0.400012
0.00116991
0.40001
0.0011697
0.400008
0.00116953
0.400006
0.0011694
0.400005
0.00116929
0.400004
0.0011692
0.400003
0.00116912
0.400003
0.00116907
0.400002
0.00116902
0.400002
0.00116898
0.400001
0.00116895
0.400001
0.00116893
0.400001
0.00116891
0.400001
0.00116889
0.400001
0.00116888
0.4
0.00116887
0.4
0.00116886
0.4
0.00116885
0.4
0.00116885
0.4
0.00116885
0.4
0.00116884
0.4
0.00116884
0.4
0.00116884
0.4
0.00116884
0.4
0.00116884
0.4
0.00116883
0.4
0.00116883
0.4
0.00116883
0.4
0.00116883
0.4
0.00116883
0.4
0.00116883
0.4
0.00116883
0.4
0.00116883
0.4
0.00116883
0.4
0.00116883
0.4
0.00116883
0.4
0.00116883
0.4
0.00116883
0.4
0.00116883
0.4
0.00116883
0.4
0.00116883
0.4
0.00116883
0.4
0.00116883
0.4
0.00116882
0.4
0.00116882
0.4
0.00116882
0.4
0.00116882
0.4
0.00116881
0.4
0.0011688
0.4
0.0011688
0.4
0.00116879
0.4
0.00116877
0.4
0.00116876
0.400001
0.00116874
0.400001
0.00116872
0.400001
0.0011687
0.400001
0.00116868
0.400001
0.00116866
0.400001
0.00116866
0.400001
0.00116869
0.400001
0.00116878
0.4
0.00116897
0.399998
0.00116935
0.399994
0.00117004
0.399987
0.00117128
0.399976
0.00117347
0.399957
0.0011775
0.399927
0.00118487
0.399881
0.0011985
0.399811
0.399742
0.0004985
0.39112
0.000640829
0.393226
0.000753285
0.395333
0.000828194
0.396993
0.000875829
0.398149
0.000905255
0.398914
0.000922808
0.399415
0.000932445
0.399737
0.000936881
0.39994
0.000938007
0.400061
0.000937127
0.400129
0.000935119
0.400162
0.000932556
0.400172
0.000929807
0.400169
0.000927096
0.400158
0.000924548
0.400144
0.000922234
0.400127
0.000920177
0.400111
0.000918382
0.400096
0.000916835
0.400082
0.000915515
0.400069
0.000914399
0.400058
0.000913461
0.400048
0.000912678
0.40004
0.000912027
0.400033
0.000911488
0.400027
0.000911044
0.400022
0.000910678
0.400018
0.000910379
0.400015
0.000910134
0.400012
0.000909935
0.40001
0.000909772
0.400008
0.00090964
0.400007
0.000909532
0.400005
0.000909446
0.400004
0.000909376
0.400003
0.00090932
0.400003
0.000909274
0.400002
0.000909237
0.400002
0.000909207
0.400001
0.000909184
0.400001
0.000909165
0.400001
0.00090915
0.400001
0.000909137
0.400001
0.000909128
0.4
0.00090912
0.4
0.000909114
0.4
0.000909109
0.4
0.000909105
0.4
0.000909102
0.4
0.0009091
0.4
0.000909097
0.4
0.000909096
0.4
0.000909094
0.4
0.000909094
0.4
0.000909093
0.4
0.000909092
0.4
0.000909092
0.4
0.000909091
0.4
0.000909091
0.4
0.000909091
0.4
0.00090909
0.4
0.000909091
0.4
0.00090909
0.4
0.00090909
0.4
0.00090909
0.4
0.00090909
0.4
0.000909089
0.4
0.000909089
0.4
0.000909088
0.4
0.000909088
0.4
0.000909087
0.4
0.000909086
0.4
0.000909085
0.4
0.000909083
0.4
0.000909081
0.4
0.000909078
0.4
0.000909074
0.4
0.00090907
0.4
0.000909063
0.4
0.000909056
0.4
0.000909046
0.4
0.000909034
0.400001
0.00090902
0.400001
0.000909004
0.400001
0.000908987
0.400001
0.000908971
0.400001
0.000908959
0.400001
0.00090896
0.400001
0.000908986
0.400001
0.000909059
0.4
0.000909216
0.399997
0.00090952
0.399993
0.000910076
0.399986
0.00091107
0.399975
0.000912833
0.399956
0.000916068
0.399924
0.000922008
0.399875
0.000932966
0.3998
0.399725
0.000354547
0.391023
0.000455951
0.393125
0.000536603
0.395253
0.000590516
0.396939
0.000624853
0.398114
0.000646093
0.398892
0.000658796
0.399403
0.000665798
0.39973
0.000669051
0.399937
0.000669914
0.40006
0.000669325
0.40013
0.000667916
0.400163
0.000666102
0.400174
0.000664149
0.400171
0.000662218
0.40016
0.000660401
0.400146
0.00065875
0.400129
0.000657281
0.400113
0.000655998
0.400097
0.000654892
0.400083
0.000653949
0.40007
0.00065315
0.400059
0.000652479
0.400049
0.000651919
0.400041
0.000651453
0.400034
0.000651067
0.400028
0.000650749
0.400023
0.000650487
0.400019
0.000650273
0.400015
0.000650098
0.400012
0.000649955
0.40001
0.000649838
0.400008
0.000649744
0.400007
0.000649667
0.400005
0.000649605
0.400004
0.000649555
0.400003
0.000649515
0.400003
0.000649482
0.400002
0.000649455
0.400002
0.000649434
0.400001
0.000649417
0.400001
0.000649403
0.400001
0.000649393
0.400001
0.000649384
0.400001
0.000649377
0.4
0.000649371
0.4
0.000649367
0.4
0.000649363
0.4
0.000649361
0.4
0.000649358
0.4
0.000649357
0.4
0.000649355
0.4
0.000649354
0.4
0.000649353
0.4
0.000649353
0.4
0.000649352
0.4
0.000649352
0.4
0.000649351
0.4
0.000649351
0.4
0.00064935
0.4
0.000649351
0.4
0.00064935
0.4
0.00064935
0.4
0.00064935
0.4
0.00064935
0.4
0.00064935
0.4
0.00064935
0.4
0.000649349
0.4
0.000649349
0.4
0.000649349
0.4
0.000649349
0.4
0.000649348
0.4
0.000649347
0.4
0.000649346
0.4
0.000649345
0.4
0.000649343
0.4
0.000649342
0.4
0.000649339
0.4
0.000649335
0.4
0.000649331
0.4
0.000649325
0.4
0.000649318
0.400001
0.00064931
0.400001
0.0006493
0.400001
0.000649288
0.400001
0.000649276
0.400001
0.000649265
0.400001
0.000649257
0.400001
0.000649258
0.400001
0.000649278
0.400001
0.000649332
0.399999
0.000649447
0.399997
0.00064967
0.399993
0.000650077
0.399986
0.000650804
0.399974
0.000652094
0.399954
0.000654464
0.399922
0.000658817
0.39987
0.000666838
0.399792
0.399713
0.000212131
0.390965
0.000272863
0.393064
0.00032138
0.395204
0.000353889
0.396907
0.000374616
0.398093
0.000387449
0.39888
0.000395137
0.399395
0.000399386
0.399726
0.000401371
0.399935
0.000401912
0.40006
0.000401574
0.40013
0.000400739
0.400164
0.000399657
0.400175
0.000398489
0.400172
0.000397334
0.400162
0.000396244
0.400147
0.000395254
0.40013
0.000394373
0.400114
0.000393603
0.400098
0.000392939
0.400083
0.000392373
0.40007
0.000391893
0.400059
0.00039149
0.400049
0.000391153
0.400041
0.000390874
0.400034
0.000390641
0.400028
0.000390451
0.400023
0.000390293
0.400019
0.000390165
0.400015
0.000390059
0.400013
0.000389973
0.40001
0.000389903
0.400008
0.000389847
0.400007
0.0003898
0.400005
0.000389763
0.400004
0.000389733
0.400004
0.000389709
0.400003
0.000389689
0.400002
0.000389673
0.400002
0.00038966
0.400001
0.00038965
0.400001
0.000389642
0.400001
0.000389636
0.400001
0.00038963
0.400001
0.000389626
0.4
0.000389623
0.4
0.00038962
0.4
0.000389618
0.4
0.000389616
0.4
0.000389615
0.4
0.000389614
0.4
0.000389613
0.4
0.000389613
0.4
0.000389612
0.4
0.000389611
0.4
0.000389611
0.4
0.000389611
0.4
0.00038961
0.4
0.00038961
0.4
0.00038961
0.4
0.00038961
0.4
0.00038961
0.4
0.00038961
0.4
0.000389609
0.4
0.00038961
0.4
0.000389609
0.4
0.000389609
0.4
0.000389609
0.4
0.000389609
0.4
0.000389609
0.4
0.000389609
0.4
0.000389608
0.4
0.000389608
0.4
0.000389607
0.4
0.000389607
0.4
0.000389606
0.4
0.000389605
0.4
0.000389603
0.4
0.000389601
0.4
0.000389598
0.4
0.000389595
0.4
0.000389591
0.400001
0.000389586
0.400001
0.00038958
0.400001
0.000389573
0.400001
0.000389566
0.400001
0.000389559
0.400001
0.000389554
0.400001
0.000389555
0.400001
0.000389567
0.400001
0.000389601
0.399999
0.000389671
0.399997
0.000389807
0.399993
0.000390055
0.399986
0.000390499
0.399974
0.000391285
0.399954
0.000392731
0.39992
0.000395387
0.399868
0.000400277
0.399787
0.399705
7.06144e-05
0.390946
9.0839e-05
0.393044
0.000107031
0.395188
0.000117894
0.396896
0.000124824
0.398087
0.000129116
0.398875
0.000131691
0.399392
0.000133114
0.399725
0.000133781
0.399934
0.000133965
0.40006
0.000133855
0.40013
0.000133578
0.400164
0.000133219
0.400175
0.00013283
0.400173
0.000132445
0.400162
0.000132082
0.400147
0.000131752
0.40013
0.000131458
0.400114
0.000131202
0.400098
0.00013098
0.400084
0.000130791
0.400071
0.000130631
0.400059
0.000130497
0.400049
0.000130384
0.400041
0.000130291
0.400034
0.000130213
0.400028
0.00013015
0.400023
0.000130097
0.400019
0.000130054
0.400015
0.000130019
0.400013
0.000129991
0.40001
0.000129967
0.400008
0.000129949
0.400007
0.000129933
0.400005
0.000129921
0.400004
0.00012991
0.400004
0.000129903
0.400003
0.000129896
0.400002
0.000129891
0.400002
0.000129886
0.400001
0.000129883
0.400001
0.00012988
0.400001
0.000129878
0.400001
0.000129876
0.400001
0.000129875
0.4
0.000129874
0.4
0.000129873
0.4
0.000129872
0.4
0.000129872
0.4
0.000129871
0.4
0.000129871
0.4
0.00012987
0.4
0.000129871
0.4
0.00012987
0.4
0.00012987
0.4
0.00012987
0.4
0.00012987
0.4
0.00012987
0.4
0.00012987
0.4
0.000129869
0.4
0.00012987
0.4
0.000129869
0.4
0.00012987
0.4
0.000129869
0.4
0.000129869
0.4
0.000129869
0.4
0.000129869
0.4
0.000129869
0.4
0.000129869
0.4
0.000129869
0.4
0.000129869
0.4
0.000129869
0.4
0.000129869
0.4
0.000129869
0.4
0.000129869
0.4
0.000129868
0.4
0.000129868
0.4
0.000129867
0.4
0.000129867
0.4
0.000129866
0.4
0.000129865
0.4
0.000129863
0.400001
0.000129862
0.400001
0.00012986
0.400001
0.000129857
0.400001
0.000129855
0.400001
0.000129853
0.400001
0.000129851
0.400001
0.000129851
0.400001
0.000129855
0.400001
0.000129867
0.399999
0.00012989
0.399997
0.000129936
0.399993
0.000130019
0.399986
0.000130168
0.399973
0.000130433
0.399953
0.000130918
0.39992
0.000131811
0.399867
0.000133454
0.399786
0.399703
-7.06062e-05
0.390965
-9.08322e-05
0.393064
-0.000107026
0.395204
-0.00011789
0.396907
-0.00012482
0.398093
-0.000129112
0.39888
-0.000131685
0.399395
-0.00013311
0.399726
-0.000133779
0.399935
-0.000133964
0.40006
-0.000133854
0.40013
-0.000133577
0.400164
-0.000133218
0.400175
-0.00013283
0.400172
-0.000132444
0.400162
-0.000132083
0.400147
-0.000131752
0.40013
-0.000131459
0.400114
-0.000131202
0.400098
-0.000130981
0.400083
-0.000130792
0.40007
-0.000130632
0.400059
-0.000130498
0.400049
-0.000130386
0.400041
-0.000130292
0.400034
-0.000130216
0.400028
-0.000130152
0.400023
-0.000130099
0.400019
-0.000130056
0.400015
-0.000130021
0.400013
-0.000129992
0.40001
-0.000129969
0.400008
-0.00012995
0.400007
-0.000129935
0.400005
-0.000129922
0.400004
-0.000129912
0.400004
-0.000129904
0.400003
-0.000129897
0.400002
-0.000129892
0.400002
-0.000129888
0.400001
-0.000129884
0.400001
-0.000129882
0.400001
-0.000129879
0.400001
-0.000129878
0.400001
-0.000129876
0.4
-0.000129875
0.4
-0.000129874
0.4
-0.000129873
0.4
-0.000129873
0.4
-0.000129873
0.4
-0.000129872
0.4
-0.000129872
0.4
-0.000129871
0.4
-0.000129872
0.4
-0.000129871
0.4
-0.000129871
0.4
-0.000129871
0.4
-0.000129871
0.4
-0.000129871
0.4
-0.000129871
0.4
-0.000129871
0.4
-0.000129871
0.4
-0.000129871
0.4
-0.000129871
0.4
-0.000129871
0.4
-0.000129871
0.4
-0.000129871
0.4
-0.000129871
0.4
-0.000129871
0.4
-0.000129871
0.4
-0.00012987
0.4
-0.000129871
0.4
-0.00012987
0.4
-0.00012987
0.4
-0.00012987
0.4
-0.00012987
0.4
-0.000129869
0.4
-0.000129868
0.4
-0.000129868
0.4
-0.000129867
0.4
-0.000129865
0.4
-0.000129864
0.400001
-0.000129862
0.400001
-0.000129861
0.400001
-0.000129858
0.400001
-0.000129856
0.400001
-0.000129854
0.400001
-0.000129852
0.400001
-0.000129853
0.400001
-0.000129857
0.400001
-0.000129868
0.399999
-0.000129892
0.399997
-0.000129938
0.399993
-0.000130021
0.399986
-0.00013017
0.399974
-0.000130434
0.399954
-0.00013092
0.39992
-0.000131813
0.399868
-0.000133456
0.399787
0.399705
-0.000212123
0.391023
-0.000272856
0.393125
-0.000321374
0.395253
-0.000353885
0.396939
-0.000374612
0.398114
-0.000387445
0.398892
-0.000395131
0.399403
-0.000399381
0.39973
-0.000401369
0.399937
-0.000401911
0.40006
-0.000401573
0.40013
-0.000400738
0.400163
-0.000399657
0.400174
-0.00039849
0.400171
-0.000397333
0.40016
-0.000396245
0.400146
-0.000395254
0.400129
-0.000394373
0.400113
-0.000393604
0.400097
-0.00039294
0.400083
-0.000392374
0.40007
-0.000391894
0.400059
-0.000391491
0.400049
-0.000391155
0.400041
-0.000390875
0.400034
-0.000390644
0.400028
-0.000390452
0.400023
-0.000390295
0.400019
-0.000390166
0.400015
-0.000390061
0.400012
-0.000389975
0.40001
-0.000389905
0.400008
-0.000389848
0.400007
-0.000389802
0.400005
-0.000389764
0.400004
-0.000389734
0.400003
-0.00038971
0.400003
-0.00038969
0.400002
-0.000389674
0.400002
-0.000389662
0.400001
-0.000389651
0.400001
-0.000389643
0.400001
-0.000389636
0.400001
-0.000389631
0.400001
-0.000389627
0.4
-0.000389624
0.4
-0.000389621
0.4
-0.000389619
0.4
-0.000389617
0.4
-0.000389616
0.4
-0.000389615
0.4
-0.000389614
0.4
-0.000389613
0.4
-0.000389613
0.4
-0.000389612
0.4
-0.000389612
0.4
-0.000389612
0.4
-0.000389612
0.4
-0.000389612
0.4
-0.000389612
0.4
-0.000389611
0.4
-0.000389612
0.4
-0.000389611
0.4
-0.000389611
0.4
-0.000389611
0.4
-0.000389611
0.4
-0.000389611
0.4
-0.000389611
0.4
-0.000389611
0.4
-0.000389611
0.4
-0.00038961
0.4
-0.00038961
0.4
-0.000389609
0.4
-0.000389609
0.4
-0.000389608
0.4
-0.000389607
0.4
-0.000389606
0.4
-0.000389604
0.4
-0.000389602
0.4
-0.000389599
0.4
-0.000389596
0.4
-0.000389592
0.400001
-0.000389587
0.400001
-0.000389581
0.400001
-0.000389574
0.400001
-0.000389567
0.400001
-0.00038956
0.400001
-0.000389556
0.400001
-0.000389557
0.400001
-0.000389569
0.400001
-0.000389602
0.399999
-0.000389673
0.399997
-0.000389809
0.399993
-0.000390057
0.399986
-0.0003905
0.399974
-0.000391287
0.399954
-0.000392732
0.399922
-0.000395389
0.39987
-0.000400279
0.399792
0.399713
-0.000354539
0.39112
-0.000455944
0.393226
-0.000536597
0.395333
-0.000590512
0.396993
-0.000624849
0.398149
-0.000646089
0.398914
-0.00065879
0.399415
-0.000665794
0.399737
-0.000669049
0.39994
-0.000669913
0.400061
-0.000669323
0.400129
-0.000667915
0.400162
-0.000666102
0.400172
-0.000664149
0.400169
-0.000662217
0.400158
-0.000660402
0.400144
-0.000658749
0.400127
-0.000657281
0.400111
-0.000655999
0.400096
-0.000654893
0.400082
-0.00065395
0.400069
-0.000653151
0.400058
-0.00065248
0.400048
-0.00065192
0.40004
-0.000651454
0.400033
-0.000651069
0.400027
-0.000650751
0.400022
-0.000650489
0.400018
-0.000650275
0.400015
-0.0006501
0.400012
-0.000649956
0.40001
-0.00064984
0.400008
-0.000649745
0.400007
-0.000649669
0.400005
-0.000649606
0.400004
-0.000649556
0.400003
-0.000649515
0.400003
-0.000649483
0.400002
-0.000649456
0.400002
-0.000649435
0.400001
-0.000649418
0.400001
-0.000649405
0.400001
-0.000649394
0.400001
-0.000649385
0.400001
-0.000649378
0.4
-0.000649373
0.4
-0.000649368
0.4
-0.000649365
0.4
-0.000649362
0.4
-0.00064936
0.4
-0.000649357
0.4
-0.000649357
0.4
-0.000649355
0.4
-0.000649355
0.4
-0.000649354
0.4
-0.000649353
0.4
-0.000649353
0.4
-0.000649353
0.4
-0.000649352
0.4
-0.000649352
0.4
-0.000649352
0.4
-0.000649352
0.4
-0.000649351
0.4
-0.000649352
0.4
-0.000649351
0.4
-0.000649351
0.4
-0.000649351
0.4
-0.000649351
0.4
-0.00064935
0.4
-0.00064935
0.4
-0.00064935
0.4
-0.000649349
0.4
-0.000649348
0.4
-0.000649348
0.4
-0.000649346
0.4
-0.000649345
0.4
-0.000649343
0.4
-0.00064934
0.4
-0.000649336
0.4
-0.000649332
0.4
-0.000649326
0.4
-0.000649319
0.4
-0.000649311
0.400001
-0.000649301
0.400001
-0.000649289
0.400001
-0.000649277
0.400001
-0.000649266
0.400001
-0.000649259
0.400001
-0.00064926
0.400001
-0.000649279
0.400001
-0.000649333
0.4
-0.000649449
0.399997
-0.000649672
0.399993
-0.000650079
0.399986
-0.000650806
0.399975
-0.000652096
0.399956
-0.000654466
0.399924
-0.000658819
0.399875
-0.00066684
0.3998
0.399725
-0.000498492
0.391257
-0.000640823
0.393368
-0.000753279
0.395446
-0.00082819
0.397068
-0.000875826
0.398196
-0.000905251
0.398943
-0.000922803
0.399433
-0.000932441
0.399747
-0.000936879
0.399944
-0.000938006
0.400062
-0.000937126
0.400128
-0.000935117
0.40016
-0.000932556
0.40017
-0.000929807
0.400166
-0.000927095
0.400156
-0.000924548
0.400141
-0.000922233
0.400125
-0.000920178
0.400109
-0.000918383
0.400094
-0.000916836
0.40008
-0.000915516
0.400068
-0.0009144
0.400057
-0.000913462
0.400047
-0.000912679
0.400039
-0.000912028
0.400032
-0.00091149
0.400027
-0.000911045
0.400022
-0.00091068
0.400018
-0.000910381
0.400015
-0.000910136
0.400012
-0.000909936
0.40001
-0.000909774
0.400008
-0.000909641
0.400006
-0.000909534
0.400005
-0.000909447
0.400004
-0.000909377
0.400003
-0.000909321
0.400003
-0.000909275
0.400002
-0.000909238
0.400002
-0.000909209
0.400001
-0.000909185
0.400001
-0.000909166
0.400001
-0.000909151
0.400001
-0.000909139
0.400001
-0.000909129
0.4
-0.000909121
0.4
-0.000909115
0.4
-0.00090911
0.4
-0.000909106
0.4
-0.000909103
0.4
-0.0009091
0.4
-0.000909099
0.4
-0.000909097
0.4
-0.000909096
0.4
-0.000909095
0.4
-0.000909094
0.4
-0.000909094
0.4
-0.000909093
0.4
-0.000909093
0.4
-0.000909093
0.4
-0.000909092
0.4
-0.000909092
0.4
-0.000909092
0.4
-0.000909092
0.4
-0.000909092
0.4
-0.000909091
0.4
-0.000909091
0.4
-0.000909091
0.4
-0.00090909
0.4
-0.00090909
0.4
-0.000909089
0.4
-0.000909089
0.4
-0.000909088
0.4
-0.000909087
0.4
-0.000909085
0.4
-0.000909083
0.4
-0.000909079
0.4
-0.000909076
0.4
-0.000909071
0.4
-0.000909065
0.4
-0.000909057
0.4
-0.000909047
0.4
-0.000909035
0.400001
-0.000909021
0.400001
-0.000909005
0.400001
-0.000908988
0.400001
-0.000908972
0.400001
-0.000908961
0.400001
-0.000908962
0.400001
-0.000908988
0.400001
-0.00090906
0.4
-0.000909218
0.399998
-0.000909522
0.399994
-0.000910077
0.399987
-0.000911072
0.399976
-0.000912834
0.399957
-0.00091607
0.399927
-0.00092201
0.399881
-0.000932969
0.399811
0.399742
-0.000644679
0.391435
-0.000828245
0.393552
-0.000972007
0.39559
-0.00106734
0.397163
-0.00112783
0.398257
-0.00116513
0.39898
-0.0011873
0.399455
-0.00119941
0.399759
-0.00120491
0.39995
-0.00120623
0.400064
-0.001205
0.400127
-0.00120236
0.400157
-0.00119902
0.400166
-0.00119546
0.400163
-0.00119196
0.400152
-0.00118868
0.400138
-0.0011857
0.400122
-0.00118306
0.400106
-0.00118075
0.400092
-0.00117876
0.400078
-0.00117707
0.400066
-0.00117564
0.400055
-0.00117443
0.400046
-0.00117343
0.400038
-0.00117259
0.400032
-0.0011719
0.400026
-0.00117133
0.400021
-0.00117087
0.400018
-0.00117048
0.400014
-0.00117017
0.400012
-0.00116991
0.400009
-0.0011697
0.400008
-0.00116954
0.400006
-0.0011694
0.400005
-0.00116929
0.400004
-0.0011692
0.400003
-0.00116912
0.400003
-0.00116907
0.400002
-0.00116902
0.400002
-0.00116898
0.400001
-0.00116895
0.400001
-0.00116893
0.400001
-0.00116891
0.400001
-0.00116889
0.400001
-0.00116888
0.4
-0.00116887
0.4
-0.00116886
0.4
-0.00116886
0.4
-0.00116885
0.4
-0.00116885
0.4
-0.00116884
0.4
-0.00116884
0.4
-0.00116884
0.4
-0.00116884
0.4
-0.00116884
0.4
-0.00116884
0.4
-0.00116883
0.4
-0.00116883
0.4
-0.00116883
0.4
-0.00116883
0.4
-0.00116883
0.4
-0.00116883
0.4
-0.00116883
0.4
-0.00116883
0.4
-0.00116883
0.4
-0.00116883
0.4
-0.00116883
0.4
-0.00116883
0.4
-0.00116883
0.4
-0.00116883
0.4
-0.00116883
0.4
-0.00116883
0.4
-0.00116883
0.4
-0.00116883
0.4
-0.00116882
0.4
-0.00116882
0.4
-0.00116882
0.4
-0.00116881
0.4
-0.00116881
0.4
-0.0011688
0.4
-0.00116879
0.4
-0.00116877
0.4
-0.00116876
0.400001
-0.00116874
0.400001
-0.00116872
0.400001
-0.0011687
0.400001
-0.00116868
0.400001
-0.00116866
0.400001
-0.00116866
0.400001
-0.00116869
0.400001
-0.00116878
0.4
-0.00116898
0.399998
-0.00116935
0.399994
-0.00117004
0.399988
-0.00117128
0.399977
-0.00117348
0.39996
-0.0011775
0.399931
-0.00118487
0.399888
-0.0011985
0.399825
0.399763
-0.000793883
0.391657
-0.001019
0.393777
-0.00119337
0.395764
-0.00130836
0.397278
-0.00138116
0.398329
-0.00142593
0.399025
-0.00145243
0.399481
-0.00146679
0.399773
-0.00147321
0.399956
-0.0014746
0.400065
-0.00147296
0.400125
-0.00146964
0.400154
-0.00146551
0.400162
-0.00146112
0.400159
-0.00145682
0.400148
-0.0014528
0.400134
-0.00144915
0.400119
-0.00144592
0.400103
-0.0014431
0.400089
-0.00144067
0.400076
-0.00143861
0.400064
-0.00143686
0.400054
-0.00143539
0.400045
-0.00143417
0.400037
-0.00143315
0.400031
-0.00143231
0.400025
-0.00143162
0.400021
-0.00143105
0.400017
-0.00143058
0.400014
-0.0014302
0.400011
-0.00142989
0.400009
-0.00142963
0.400007
-0.00142943
0.400006
-0.00142926
0.400005
-0.00142912
0.400004
-0.00142902
0.400003
-0.00142893
0.400003
-0.00142886
0.400002
-0.0014288
0.400002
-0.00142875
0.400001
-0.00142872
0.400001
-0.00142869
0.400001
-0.00142866
0.400001
-0.00142864
0.400001
-0.00142863
0.4
-0.00142862
0.4
-0.00142861
0.4
-0.0014286
0.4
-0.00142859
0.4
-0.00142859
0.4
-0.00142859
0.4
-0.00142858
0.4
-0.00142858
0.4
-0.00142858
0.4
-0.00142858
0.4
-0.00142858
0.4
-0.00142857
0.4
-0.00142857
0.4
-0.00142857
0.4
-0.00142857
0.4
-0.00142857
0.4
-0.00142857
0.4
-0.00142857
0.4
-0.00142857
0.4
-0.00142857
0.4
-0.00142857
0.4
-0.00142857
0.4
-0.00142857
0.4
-0.00142857
0.4
-0.00142857
0.4
-0.00142857
0.4
-0.00142857
0.4
-0.00142857
0.4
-0.00142856
0.4
-0.00142856
0.4
-0.00142856
0.4
-0.00142855
0.4
-0.00142855
0.4
-0.00142854
0.4
-0.00142853
0.4
-0.00142852
0.4
-0.0014285
0.4
-0.00142848
0.400001
-0.00142846
0.400001
-0.00142844
0.400001
-0.00142841
0.400001
-0.00142838
0.400001
-0.00142836
0.400001
-0.00142836
0.400001
-0.00142839
0.400001
-0.00142849
0.4
-0.00142872
0.399998
-0.00142916
0.399994
-0.00142997
0.399989
-0.00143143
0.399978
-0.001434
0.399962
-0.0014387
0.399936
-0.00144733
0.399897
-0.00146328
0.399841
0.399788
-0.000947011
0.391924
-0.00121391
0.394044
-0.00141796
0.395968
-0.00155168
0.397412
-0.00163608
0.398414
-0.00168784
0.399077
-0.00171831
0.399512
-0.00173467
0.39979
-0.00174182
0.399963
-0.00174317
0.400066
-0.00174103
0.400123
-0.00173697
0.40015
-0.001732
0.400157
-0.00172677
0.400153
-0.00172166
0.400143
-0.00171689
0.400129
-0.00171257
0.400114
-0.00170875
0.400099
-0.00170542
0.400085
-0.00170256
0.400073
-0.00170012
0.400061
-0.00169806
0.400051
-0.00169633
0.400043
-0.00169489
0.400036
-0.0016937
0.400029
-0.00169271
0.400024
-0.00169189
0.40002
-0.00169122
0.400016
-0.00169067
0.400013
-0.00169022
0.400011
-0.00168985
0.400009
-0.00168956
0.400007
-0.00168931
0.400006
-0.00168912
0.400005
-0.00168896
0.400004
-0.00168883
0.400003
-0.00168873
0.400002
-0.00168865
0.400002
-0.00168858
0.400002
-0.00168852
0.400001
-0.00168848
0.400001
-0.00168845
0.400001
-0.00168842
0.400001
-0.0016884
0.400001
-0.00168838
0.4
-0.00168836
0.4
-0.00168835
0.4
-0.00168834
0.4
-0.00168834
0.4
-0.00168833
0.4
-0.00168833
0.4
-0.00168832
0.4
-0.00168832
0.4
-0.00168832
0.4
-0.00168832
0.4
-0.00168832
0.4
-0.00168831
0.4
-0.00168831
0.4
-0.00168831
0.4
-0.00168831
0.4
-0.00168831
0.4
-0.00168831
0.4
-0.00168831
0.4
-0.00168831
0.4
-0.00168831
0.4
-0.00168831
0.4
-0.00168831
0.4
-0.00168831
0.4
-0.00168831
0.4
-0.00168831
0.4
-0.00168831
0.4
-0.00168831
0.4
-0.0016883
0.4
-0.0016883
0.4
-0.0016883
0.4
-0.00168829
0.4
-0.00168829
0.4
-0.00168828
0.4
-0.00168827
0.4
-0.00168826
0.4
-0.00168825
0.4
-0.00168823
0.4
-0.00168821
0.400001
-0.00168818
0.400001
-0.00168815
0.400001
-0.00168812
0.400001
-0.00168809
0.400001
-0.00168806
0.400001
-0.00168805
0.400001
-0.00168809
0.400001
-0.0016882
0.4
-0.00168845
0.399998
-0.00168894
0.399995
-0.00168985
0.399989
-0.00169149
0.39998
-0.00169438
0.399965
-0.00169965
0.399941
-0.00170929
0.399906
-0.00172716
0.399859
0.399816
-0.00110513
0.392239
-0.00141386
0.394353
-0.00164636
0.3962
-0.00179768
0.397563
-0.00189287
0.398509
-0.00195105
0.399135
-0.00198506
0.399546
-0.00200312
0.399808
-0.00201079
0.399971
-0.00201195
0.400067
-0.00200922
0.40012
-0.00200436
0.400145
-0.00199852
0.400151
-0.00199241
0.400147
-0.00198647
0.400137
-0.00198095
0.400124
-0.00197596
0.400109
-0.00197155
0.400095
-0.00196771
0.400082
-0.00196441
0.400069
-0.00196161
0.400059
-0.00195924
0.400049
-0.00195726
0.400041
-0.0019556
0.400034
-0.00195422
0.400028
-0.00195309
0.400023
-0.00195215
0.400019
-0.00195138
0.400016
-0.00195075
0.400013
-0.00195024
0.40001
-0.00194982
0.400008
-0.00194947
0.400007
-0.0019492
0.400006
-0.00194897
0.400004
-0.00194879
0.400004
-0.00194864
0.400003
-0.00194853
0.400002
-0.00194843
0.400002
-0.00194835
0.400002
-0.00194829
0.400001
-0.00194824
0.400001
-0.0019482
0.400001
-0.00194817
0.400001
-0.00194815
0.4
-0.00194813
0.4
-0.00194811
0.4
-0.0019481
0.4
-0.00194809
0.4
-0.00194808
0.4
-0.00194807
0.4
-0.00194807
0.4
-0.00194806
0.4
-0.00194806
0.4
-0.00194806
0.4
-0.00194805
0.4
-0.00194805
0.4
-0.00194805
0.4
-0.00194805
0.4
-0.00194805
0.4
-0.00194805
0.4
-0.00194805
0.4
-0.00194805
0.4
-0.00194805
0.4
-0.00194805
0.4
-0.00194805
0.4
-0.00194805
0.4
-0.00194805
0.4
-0.00194805
0.4
-0.00194805
0.4
-0.00194804
0.4
-0.00194804
0.4
-0.00194804
0.4
-0.00194804
0.4
-0.00194804
0.4
-0.00194803
0.4
-0.00194803
0.4
-0.00194802
0.4
-0.00194802
0.4
-0.001948
0.4
-0.00194799
0.4
-0.00194798
0.4
-0.00194795
0.4
-0.00194793
0.400001
-0.0019479
0.400001
-0.00194786
0.400001
-0.00194782
0.400001
-0.00194779
0.400001
-0.00194775
0.400001
-0.00194774
0.400001
-0.00194777
0.400001
-0.00194789
0.4
-0.00194816
0.399998
-0.00194869
0.399996
-0.00194968
0.39999
-0.00195146
0.399982
-0.0019546
0.399968
-0.0019603
0.399947
-0.00197071
0.399917
-0.00199
0.399878
0.399846
-0.0012695
0.392606
-0.00161978
0.394703
-0.00187915
0.39646
-0.00204676
0.397731
-0.0021518
0.398614
-0.00221572
0.399199
-0.0022528
0.399583
-0.00227221
0.399827
-0.00228017
0.399979
-0.00228097
0.400068
-0.00227754
0.400117
-0.00227181
0.400139
-0.00226505
0.400145
-0.00225804
0.40014
-0.00225126
0.40013
-0.00224497
0.400117
-0.0022393
0.400104
-0.00223431
0.40009
-0.00222996
0.400077
-0.00222623
0.400066
-0.00222306
0.400055
-0.00222039
0.400046
-0.00221815
0.400039
-0.00221628
0.400032
-0.00221473
0.400027
-0.00221345
0.400022
-0.00221239
0.400018
-0.00221153
0.400015
-0.00221082
0.400012
-0.00221024
0.40001
-0.00220976
0.400008
-0.00220938
0.400006
-0.00220907
0.400005
-0.00220882
0.400004
-0.00220861
0.400003
-0.00220845
0.400003
-0.00220831
0.400002
-0.00220821
0.400002
-0.00220812
0.400001
-0.00220805
0.400001
-0.002208
0.400001
-0.00220795
0.400001
-0.00220792
0.400001
-0.00220789
0.4
-0.00220787
0.4
-0.00220785
0.4
-0.00220783
0.4
-0.00220782
0.4
-0.00220781
0.4
-0.00220781
0.4
-0.0022078
0.4
-0.0022078
0.4
-0.00220779
0.4
-0.00220779
0.4
-0.00220779
0.4
-0.00220778
0.4
-0.00220778
0.4
-0.00220778
0.4
-0.00220778
0.4
-0.00220778
0.4
-0.00220778
0.4
-0.00220778
0.4
-0.00220778
0.4
-0.00220778
0.4
-0.00220778
0.4
-0.00220778
0.4
-0.00220778
0.4
-0.00220778
0.4
-0.00220778
0.4
-0.00220777
0.4
-0.00220777
0.4
-0.00220777
0.4
-0.00220777
0.4
-0.00220777
0.4
-0.00220776
0.4
-0.00220776
0.4
-0.00220775
0.4
-0.00220774
0.4
-0.00220773
0.4
-0.00220772
0.4
-0.0022077
0.4
-0.00220767
0.4
-0.00220764
0.400001
-0.00220761
0.400001
-0.00220757
0.400001
-0.00220753
0.400001
-0.00220748
0.400001
-0.00220744
0.400001
-0.00220742
0.400001
-0.00220745
0.400001
-0.00220756
0.4
-0.00220784
0.399999
-0.0022084
0.399996
-0.00220945
0.399991
-0.00221133
0.399984
-0.00221464
0.399972
-0.00222064
0.399953
-0.00223152
0.399928
-0.0022517
0.399898
0.399878
-0.00144165
0.39303
-0.00183264
0.395094
-0.00211691
0.396744
-0.00229928
0.397913
-0.00241309
0.398728
-0.00248202
0.399268
-0.00252161
0.399623
-0.00254199
0.399848
-0.00254996
0.399987
-0.00255024
0.400069
-0.00254598
0.400113
-0.00253931
0.400132
-0.00253158
0.400137
-0.00252364
0.400132
-0.00251599
0.400122
-0.00250893
0.40011
-0.00250259
0.400097
-0.002497
0.400084
-0.00249215
0.400072
-0.002488
0.400062
-0.00248447
0.400052
-0.00248149
0.400043
-0.002479
0.400036
-0.00247692
0.40003
-0.0024752
0.400025
-0.00247377
0.40002
-0.0024726
0.400017
-0.00247164
0.400014
-0.00247085
0.400011
-0.00247021
0.400009
-0.00246969
0.400007
-0.00246926
0.400006
-0.00246892
0.400005
-0.00246864
0.400004
-0.00246841
0.400003
-0.00246823
0.400003
-0.00246808
0.400002
-0.00246796
0.400002
-0.00246787
0.400001
-0.00246779
0.400001
-0.00246773
0.400001
-0.00246768
0.400001
-0.00246764
0.400001
-0.00246761
0.4
-0.00246759
0.4
-0.00246757
0.4
-0.00246755
0.4
-0.00246754
0.4
-0.00246753
0.4
-0.00246752
0.4
-0.00246751
0.4
-0.00246751
0.4
-0.0024675
0.4
-0.0024675
0.4
-0.0024675
0.4
-0.0024675
0.4
-0.00246749
0.4
-0.00246749
0.4
-0.00246749
0.4
-0.00246749
0.4
-0.00246749
0.4
-0.00246749
0.4
-0.00246749
0.4
-0.00246749
0.4
-0.00246749
0.4
-0.00246749
0.4
-0.00246749
0.4
-0.00246749
0.4
-0.00246749
0.4
-0.00246749
0.4
-0.00246748
0.4
-0.00246748
0.4
-0.00246748
0.4
-0.00246748
0.4
-0.00246747
0.4
-0.00246747
0.4
-0.00246746
0.4
-0.00246745
0.4
-0.00246744
0.4
-0.00246742
0.4
-0.0024674
0.4
-0.00246737
0.4
-0.00246734
0.4
-0.0024673
0.400001
-0.00246726
0.400001
-0.00246721
0.400001
-0.00246715
0.400001
-0.00246711
0.400001
-0.00246708
0.400001
-0.0024671
0.400001
-0.00246721
0.4
-0.00246749
0.399999
-0.00246806
0.399997
-0.00246914
0.399993
-0.00247107
0.399986
-0.00247448
0.399975
-0.00248062
0.399959
-0.00249168
0.399939
-0.00251213
0.399919
0.39991
-0.00162339
0.393515
-0.00205344
0.395524
-0.00236017
0.397051
-0.00255557
0.398109
-0.00267695
0.398849
-0.00275005
0.399341
-0.00279156
0.399664
-0.00281249
0.399869
-0.00282018
0.399995
-0.00281973
0.400068
-0.00281452
0.400107
-0.00280682
0.400125
-0.00279806
0.400128
-0.00278916
0.400123
-0.00278064
0.400114
-0.0027728
0.400102
-0.00276577
0.40009
-0.00275959
0.400078
-0.00275424
0.400067
-0.00274966
0.400057
-0.00274578
0.400048
-0.0027425
0.40004
-0.00273976
0.400033
-0.00273748
0.400028
-0.00273559
0.400023
-0.00273403
0.400019
-0.00273274
0.400015
-0.00273169
0.400013
-0.00273082
0.40001
-0.00273012
0.400008
-0.00272955
0.400007
-0.00272908
0.400006
-0.0027287
0.400004
-0.0027284
0.400004
-0.00272815
0.400003
-0.00272795
0.400002
-0.00272779
0.400002
-0.00272766
0.400002
-0.00272755
0.400001
-0.00272747
0.400001
-0.0027274
0.400001
-0.00272735
0.400001
-0.00272731
0.4
-0.00272727
0.4
-0.00272725
0.4
-0.00272722
0.4
-0.00272721
0.4
-0.00272719
0.4
-0.00272718
0.4
-0.00272717
0.4
-0.00272717
0.4
-0.00272716
0.4
-0.00272716
0.4
-0.00272715
0.4
-0.00272715
0.4
-0.00272715
0.4
-0.00272715
0.4
-0.00272715
0.4
-0.00272714
0.4
-0.00272714
0.4
-0.00272714
0.4
-0.00272714
0.4
-0.00272714
0.4
-0.00272714
0.4
-0.00272714
0.4
-0.00272714
0.4
-0.00272714
0.4
-0.00272714
0.4
-0.00272714
0.4
-0.00272714
0.4
-0.00272714
0.4
-0.00272713
0.4
-0.00272713
0.4
-0.00272713
0.4
-0.00272712
0.4
-0.00272712
0.4
-0.00272711
0.4
-0.0027271
0.4
-0.00272708
0.4
-0.00272707
0.4
-0.00272704
0.4
-0.00272702
0.4
-0.00272698
0.4
-0.00272694
0.400001
-0.00272689
0.400001
-0.00272683
0.400001
-0.00272677
0.400001
-0.00272671
0.400001
-0.00272667
0.400001
-0.00272668
0.400001
-0.00272678
0.4
-0.00272705
0.399999
-0.00272762
0.399997
-0.0027287
0.399994
-0.00273066
0.399988
-0.00273408
0.399978
-0.0027402
0.399965
-0.00275113
0.39995
-0.0027712
0.399939
0.399941
-0.0018168
0.394066
-0.00228314
0.39599
-0.00260937
0.397377
-0.00281587
0.398315
-0.00294348
0.398977
-0.00301984
0.399417
-0.00306261
0.399707
-0.00308363
0.39989
-0.00309074
0.400002
-0.00308935
0.400067
-0.00308305
0.400101
-0.00307422
0.400116
-0.00306438
0.400118
-0.00305448
0.400113
-0.00304506
0.400105
-0.00303643
0.400094
-0.00302872
0.400082
-0.00302196
0.400071
-0.00301611
0.400061
-0.00301111
0.400052
-0.00300687
0.400044
-0.0030033
0.400037
-0.00300032
0.40003
-0.00299784
0.400025
-0.00299578
0.400021
-0.00299408
0.400017
-0.00299269
0.400014
-0.00299154
0.400012
-0.00299061
0.400009
-0.00298984
0.400008
-0.00298922
0.400006
-0.00298872
0.400005
-0.00298831
0.400004
-0.00298797
0.400003
-0.00298771
0.400003
-0.00298749
0.400002
-0.00298732
0.400002
-0.00298718
0.400001
-0.00298706
0.400001
-0.00298697
0.400001
-0.0029869
0.400001
-0.00298684
0.400001
-0.0029868
0.4
-0.00298676
0.4
-0.00298673
0.4
-0.00298671
0.4
-0.00298669
0.4
-0.00298667
0.4
-0.00298666
0.4
-0.00298665
0.4
-0.00298664
0.4
-0.00298664
0.4
-0.00298663
0.4
-0.00298663
0.4
-0.00298663
0.4
-0.00298663
0.4
-0.00298662
0.4
-0.00298662
0.4
-0.00298662
0.4
-0.00298662
0.4
-0.00298662
0.4
-0.00298662
0.4
-0.00298662
0.4
-0.00298662
0.4
-0.00298662
0.4
-0.00298662
0.4
-0.00298662
0.4
-0.00298662
0.4
-0.00298661
0.4
-0.00298661
0.4
-0.00298661
0.4
-0.00298661
0.4
-0.00298661
0.4
-0.0029866
0.4
-0.0029866
0.4
-0.00298659
0.4
-0.00298658
0.4
-0.00298657
0.4
-0.00298656
0.4
-0.00298654
0.4
-0.00298651
0.4
-0.00298648
0.4
-0.00298644
0.4
-0.0029864
0.4
-0.00298634
0.400001
-0.00298628
0.400001
-0.00298621
0.400001
-0.00298614
0.400001
-0.00298609
0.400001
-0.00298608
0.400001
-0.00298617
0.4
-0.00298642
0.4
-0.00298697
0.399998
-0.00298804
0.399995
-0.00298996
0.39999
-0.00299333
0.399982
-0.00299928
0.399971
-0.00300974
0.39996
-0.00302873
0.399958
0.39997
-0.00202415
0.394691
-0.00252251
0.396489
-0.00286472
0.397719
-0.00308013
0.398531
-0.00321252
0.399109
-0.00329114
0.399496
-0.00333448
0.39975
-0.00335511
0.39991
-0.00336129
0.400008
-0.00335874
0.400064
-0.0033512
0.400094
-0.00334116
0.400106
-0.00333019
0.400107
-0.00331925
0.400102
-0.00330892
0.400094
-0.00329949
0.400084
-0.00329109
0.400074
-0.00328374
0.400064
-0.0032774
0.400055
-0.00327198
0.400047
-0.00326739
0.400039
-0.00326354
0.400033
-0.00326032
0.400027
-0.00325764
0.400023
-0.00325542
0.400019
-0.00325359
0.400015
-0.00325209
0.400013
-0.00325086
0.40001
-0.00324985
0.400008
-0.00324903
0.400007
-0.00324836
0.400006
-0.00324782
0.400004
-0.00324738
0.400004
-0.00324702
0.400003
-0.00324673
0.400002
-0.0032465
0.400002
-0.00324631
0.400002
-0.00324616
0.400001
-0.00324604
0.400001
-0.00324595
0.400001
-0.00324587
0.400001
-0.00324581
0.400001
-0.00324576
0.4
-0.00324572
0.4
-0.00324569
0.4
-0.00324566
0.4
-0.00324564
0.4
-0.00324563
0.4
-0.00324561
0.4
-0.0032456
0.4
-0.00324559
0.4
-0.00324559
0.4
-0.00324558
0.4
-0.00324558
0.4
-0.00324558
0.4
-0.00324557
0.4
-0.00324557
0.4
-0.00324557
0.4
-0.00324557
0.4
-0.00324557
0.4
-0.00324557
0.4
-0.00324557
0.4
-0.00324557
0.4
-0.00324557
0.4
-0.00324557
0.4
-0.00324557
0.4
-0.00324556
0.4
-0.00324556
0.4
-0.00324556
0.4
-0.00324556
0.4
-0.00324556
0.4
-0.00324556
0.4
-0.00324555
0.4
-0.00324555
0.4
-0.00324554
0.4
-0.00324554
0.4
-0.00324553
0.4
-0.00324552
0.4
-0.0032455
0.4
-0.00324548
0.4
-0.00324545
0.4
-0.00324542
0.4
-0.00324538
0.4
-0.00324533
0.4
-0.00324527
0.400001
-0.00324519
0.400001
-0.00324512
0.400001
-0.00324504
0.400001
-0.00324497
0.400001
-0.00324495
0.400001
-0.00324501
0.4
-0.00324524
0.4
-0.00324576
0.399998
-0.00324678
0.399996
-0.00324864
0.399991
-0.00325188
0.399985
-0.0032575
0.399977
-0.00326719
0.39997
-0.00328437
0.399975
0.399996
-0.00224738
0.395392
-0.00277168
0.397013
-0.00312566
0.398073
-0.00334758
0.398753
-0.00348319
0.399245
-0.00356301
0.399576
-0.00360617
0.399793
-0.00362589
0.39993
-0.00363081
0.400013
-0.00362686
0.40006
-0.00361794
0.400085
-0.00360658
0.400094
-0.00359441
0.400095
-0.0035824
0.40009
-0.00357114
0.400083
-0.0035609
0.400074
-0.00355181
0.400065
-0.00354388
0.400056
-0.00353704
0.400048
-0.00353121
0.400041
-0.00352629
0.400034
-0.00352215
0.400029
-0.0035187
0.400024
-0.00351583
0.40002
-0.00351345
0.400016
-0.0035115
0.400013
-0.00350989
0.400011
-0.00350857
0.400009
-0.0035075
0.400007
-0.00350662
0.400006
-0.00350591
0.400005
-0.00350533
0.400004
-0.00350486
0.400003
-0.00350448
0.400003
-0.00350417
0.400002
-0.00350392
0.400002
-0.00350373
0.400001
-0.00350357
0.400001
-0.00350344
0.400001
-0.00350333
0.400001
-0.00350325
0.400001
-0.00350319
0.4
-0.00350313
0.4
-0.00350309
0.4
-0.00350306
0.4
-0.00350303
0.4
-0.00350301
0.4
-0.00350299
0.4
-0.00350298
0.4
-0.00350297
0.4
-0.00350296
0.4
-0.00350296
0.4
-0.00350295
0.4
-0.00350295
0.4
-0.00350294
0.4
-0.00350294
0.4
-0.00350294
0.4
-0.00350294
0.4
-0.00350294
0.4
-0.00350293
0.4
-0.00350293
0.4
-0.00350293
0.4
-0.00350293
0.4
-0.00350293
0.4
-0.00350293
0.4
-0.00350293
0.4
-0.00350293
0.4
-0.00350293
0.4
-0.00350293
0.4
-0.00350293
0.4
-0.00350292
0.4
-0.00350292
0.4
-0.00350292
0.4
-0.00350291
0.4
-0.00350291
0.4
-0.0035029
0.4
-0.00350289
0.4
-0.00350288
0.4
-0.00350286
0.4
-0.00350284
0.4
-0.00350281
0.4
-0.00350278
0.4
-0.00350273
0.4
-0.00350267
0.4
-0.00350261
0.4
-0.00350253
0.400001
-0.00350244
0.400001
-0.00350235
0.400001
-0.00350227
0.400001
-0.00350223
0.400001
-0.00350226
0.400001
-0.00350245
0.4
-0.00350293
0.399999
-0.00350388
0.399997
-0.00350564
0.399993
-0.00350869
0.399988
-0.00351386
0.399982
-0.00352247
0.399978
-0.00353708
0.399989
0.400017
-0.00248668
0.396171
-0.00302875
0.397555
-0.00338951
0.398434
-0.00361527
0.398978
-0.00375242
0.399382
-0.00383232
0.399656
-0.00387454
0.399836
-0.00389282
0.399948
-0.00389612
0.400016
-0.00389054
0.400055
-0.00388007
0.400074
-0.0038673
0.400082
-0.00385387
0.400082
-0.00384076
0.400077
-0.00382854
0.400071
-0.00381749
0.400063
-0.00380771
0.400055
-0.00379919
0.400048
-0.00379187
0.400041
-0.00378564
0.400034
-0.00378038
0.400029
-0.00377597
0.400024
-0.00377229
0.40002
-0.00376923
0.400017
-0.00376671
0.400014
-0.00376463
0.400011
-0.00376292
0.400009
-0.00376152
0.400008
-0.00376038
0.400006
-0.00375945
0.400005
-0.00375869
0.400004
-0.00375808
0.400003
-0.00375758
0.400003
-0.00375718
0.400002
-0.00375685
0.400002
-0.00375659
0.400001
-0.00375638
0.400001
-0.00375621
0.400001
-0.00375608
0.400001
-0.00375597
0.400001
-0.00375588
0.4
-0.00375581
0.4
-0.00375576
0.4
-0.00375571
0.4
-0.00375568
0.4
-0.00375565
0.4
-0.00375563
0.4
-0.00375561
0.4
-0.0037556
0.4
-0.00375559
0.4
-0.00375558
0.4
-0.00375557
0.4
-0.00375557
0.4
-0.00375556
0.4
-0.00375556
0.4
-0.00375555
0.4
-0.00375555
0.4
-0.00375555
0.4
-0.00375555
0.4
-0.00375555
0.4
-0.00375555
0.4
-0.00375555
0.4
-0.00375555
0.4
-0.00375555
0.4
-0.00375555
0.4
-0.00375554
0.4
-0.00375554
0.4
-0.00375554
0.4
-0.00375554
0.4
-0.00375554
0.4
-0.00375554
0.4
-0.00375554
0.4
-0.00375553
0.4
-0.00375553
0.4
-0.00375552
0.4
-0.00375551
0.4
-0.0037555
0.4
-0.00375549
0.4
-0.00375547
0.4
-0.00375545
0.4
-0.00375542
0.4
-0.00375538
0.4
-0.00375533
0.4
-0.00375527
0.4
-0.0037552
0.4
-0.00375511
0.400001
-0.00375502
0.400001
-0.00375491
0.400001
-0.00375482
0.400001
-0.00375475
0.400001
-0.00375475
0.400001
-0.0037549
0.4
-0.00375531
0.399999
-0.00375618
0.399998
-0.0037578
0.399995
-0.0037606
0.399991
-0.00376521
0.399987
-0.00377249
0.399986
-0.00378378
0.400001
0.400033
-0.00273608
0.39702
-0.00328564
0.398105
-0.00364716
0.398795
-0.00387379
0.399205
-0.00401074
0.399519
-0.00408957
0.399735
-0.00413007
0.399876
-0.00414637
0.399965
-0.00414769
0.400017
-0.00414025
0.400047
-0.00412808
0.400062
-0.0041138
0.400067
-0.00409905
0.400067
-0.0040848
0.400063
-0.00407161
0.400058
-0.00405974
0.400051
-0.00404927
0.400045
-0.00404018
0.400039
-0.00403238
0.400033
-0.00402575
0.400028
-0.00402017
0.400023
-0.00401549
0.40002
-0.00401159
0.400016
-0.00400835
0.400013
-0.00400568
0.400011
-0.00400348
0.400009
-0.00400168
0.400007
-0.0040002
0.400006
-0.003999
0.400005
-0.00399801
0.400004
-0.00399722
0.400003
-0.00399657
0.400003
-0.00399605
0.400002
-0.00399562
0.400002
-0.00399528
0.400001
-0.00399501
0.400001
-0.00399479
0.400001
-0.00399461
0.400001
-0.00399447
0.400001
-0.00399435
0.4
-0.00399426
0.4
-0.00399419
0.4
-0.00399413
0.4
-0.00399408
0.4
-0.00399405
0.4
-0.00399402
0.4
-0.00399399
0.4
-0.00399398
0.4
-0.00399396
0.4
-0.00399395
0.4
-0.00399394
0.4
-0.00399393
0.4
-0.00399393
0.4
-0.00399392
0.4
-0.00399392
0.4
-0.00399392
0.4
-0.00399392
0.4
-0.00399391
0.4
-0.00399391
0.4
-0.00399391
0.4
-0.00399391
0.4
-0.00399391
0.4
-0.00399391
0.4
-0.00399391
0.4
-0.00399391
0.4
-0.00399391
0.4
-0.00399391
0.4
-0.00399391
0.4
-0.0039939
0.4
-0.0039939
0.4
-0.0039939
0.4
-0.0039939
0.4
-0.00399389
0.4
-0.00399389
0.4
-0.00399388
0.4
-0.00399388
0.4
-0.00399386
0.4
-0.00399385
0.4
-0.00399383
0.4
-0.00399381
0.4
-0.00399378
0.4
-0.00399374
0.4
-0.00399368
0.4
-0.00399362
0.4
-0.00399354
0.4
-0.00399345
0.4
-0.00399334
0.4
-0.00399322
0.400001
-0.00399311
0.400001
-0.00399301
0.400001
-0.00399298
0.4
-0.00399308
0.4
-0.00399342
0.4
-0.00399418
0.399998
-0.00399563
0.399996
-0.00399815
0.399993
-0.00400213
0.399991
-0.00400787
0.399991
-0.00401514
0.400008
0.400041
-0.00297035
0.397916
-0.00351548
0.39865
-0.00387029
0.39915
-0.00409451
0.399429
-0.00422954
0.399654
-0.00430614
0.399811
-0.00434414
0.399914
-0.00435795
0.399978
-0.00435694
0.400016
-0.0043474
0.400038
-0.00433339
0.400048
-0.00431752
0.400052
-0.0043014
0.400051
-0.00428599
0.400048
-0.00427182
0.400043
-0.00425912
0.400038
-0.00424797
0.400034
-0.00423831
0.400029
-0.00423004
0.400025
-0.00422303
0.400021
-0.00421713
0.400017
-0.00421219
0.400015
-0.00420808
0.400012
-0.00420467
0.40001
-0.00420186
0.400008
-0.00419955
0.400007
-0.00419765
0.400006
-0.0041961
0.400005
-0.00419484
0.400004
-0.00419381
0.400003
-0.00419297
0.400002
-0.0041923
0.400002
-0.00419175
0.400002
-0.00419131
0.400001
-0.00419095
0.400001
-0.00419066
0.400001
-0.00419043
0.400001
-0.00419024
0.400001
-0.0041901
0.4
-0.00418998
0.4
-0.00418988
0.4
-0.00418981
0.4
-0.00418975
0.4
-0.0041897
0.4
-0.00418966
0.4
-0.00418963
0.4
-0.0041896
0.4
-0.00418959
0.4
-0.00418957
0.4
-0.00418956
0.4
-0.00418955
0.4
-0.00418954
0.4
-0.00418954
0.4
-0.00418953
0.4
-0.00418953
0.4
-0.00418952
0.4
-0.00418952
0.4
-0.00418952
0.4
-0.00418952
0.4
-0.00418952
0.4
-0.00418952
0.4
-0.00418952
0.4
-0.00418952
0.4
-0.00418951
0.4
-0.00418951
0.4
-0.00418951
0.4
-0.00418951
0.4
-0.00418951
0.4
-0.00418951
0.4
-0.00418951
0.4
-0.00418951
0.4
-0.0041895
0.4
-0.0041895
0.4
-0.0041895
0.4
-0.00418949
0.4
-0.00418948
0.4
-0.00418947
0.4
-0.00418945
0.4
-0.00418944
0.4
-0.00418941
0.4
-0.00418938
0.4
-0.00418933
0.4
-0.00418928
0.4
-0.00418921
0.4
-0.00418913
0.4
-0.00418903
0.4
-0.00418891
0.4
-0.00418878
0.4
-0.00418864
0.4
-0.00418852
0.4
-0.00418844
0.4
-0.00418848
0.4
-0.00418874
0.4
-0.00418938
0.399999
-0.00419065
0.399998
-0.00419286
0.399996
-0.00419617
0.399994
-0.00420027
0.399995
-0.00420302
0.400011
0.40004
-0.00310664
0.398801
-0.00363472
0.399178
-0.00397318
0.399489
-0.0041914
0.399647
-0.00432284
0.399785
-0.00439608
0.399884
-0.0044309
0.399949
-0.00444172
0.399989
-0.00443809
0.400013
-0.00442627
0.400026
-0.00441031
0.400032
-0.00439279
0.400034
-0.00437527
0.400033
-0.00435869
0.400031
-0.00434355
0.400028
-0.00433005
0.400025
-0.00431823
0.400022
-0.00430802
0.400019
-0.0042993
0.400016
-0.00429192
0.400013
-0.00428572
0.400011
-0.00428054
0.400009
-0.00427623
0.400008
-0.00427266
0.400006
-0.00426972
0.400005
-0.00426731
0.400004
-0.00426533
0.400004
-0.00426371
0.400003
-0.00426239
0.400002
-0.00426132
0.400002
-0.00426045
0.400002
-0.00425974
0.400001
-0.00425917
0.400001
-0.00425871
0.400001
-0.00425834
0.400001
-0.00425804
0.400001
-0.0042578
0.4
-0.00425761
0.4
-0.00425746
0.4
-0.00425733
0.4
-0.00425723
0.4
-0.00425716
0.4
-0.00425709
0.4
-0.00425704
0.4
-0.004257
0.4
-0.00425697
0.4
-0.00425695
0.4
-0.00425693
0.4
-0.00425691
0.4
-0.0042569
0.4
-0.00425689
0.4
-0.00425688
0.4
-0.00425688
0.4
-0.00425687
0.4
-0.00425687
0.4
-0.00425686
0.4
-0.00425686
0.4
-0.00425686
0.4
-0.00425686
0.4
-0.00425686
0.4
-0.00425686
0.4
-0.00425686
0.4
-0.00425686
0.4
-0.00425685
0.4
-0.00425685
0.4
-0.00425685
0.4
-0.00425685
0.4
-0.00425685
0.4
-0.00425685
0.4
-0.00425685
0.4
-0.00425685
0.4
-0.00425684
0.4
-0.00425684
0.4
-0.00425684
0.4
-0.00425683
0.4
-0.00425682
0.4
-0.00425681
0.4
-0.00425679
0.4
-0.00425677
0.4
-0.00425675
0.4
-0.00425671
0.4
-0.00425667
0.4
-0.00425661
0.4
-0.00425654
0.4
-0.00425645
0.4
-0.00425634
0.4
-0.00425622
0.4
-0.00425607
0.4
-0.00425591
0.4
-0.00425576
0.4
-0.00425564
0.4
-0.00425561
0.4
-0.00425578
0.4
-0.00425629
0.399999
-0.00425736
0.399999
-0.00425925
0.399997
-0.00426192
0.399997
-0.00426447
0.399998
-0.00426275
0.400009
0.400031
-0.00289127
0.399579
-0.00338738
0.399674
-0.00369807
0.399799
-0.00390638
0.399856
-0.00403281
0.399912
-0.00410165
0.399953
-0.00413273
0.39998
-0.00414025
0.399997
-0.00413384
0.400006
-0.00411968
0.400012
-0.00410177
0.400014
-0.00408261
0.400015
-0.00406375
0.400014
-0.00404606
0.400013
-0.00403
0.400012
-0.00401574
0.400011
-0.00400331
0.400009
-0.00399261
0.400008
-0.00398348
0.400007
-0.00397578
0.400006
-0.00396931
0.400005
-0.00396391
0.400004
-0.00395943
0.400003
-0.00395573
0.400003
-0.00395268
0.400002
-0.00395018
0.400002
-0.00394813
0.400002
-0.00394646
0.400001
-0.00394509
0.400001
-0.00394399
0.400001
-0.00394309
0.400001
-0.00394236
0.400001
-0.00394177
0.4
-0.0039413
0.4
-0.00394092
0.4
-0.00394061
0.4
-0.00394037
0.4
-0.00394017
0.4
-0.00394001
0.4
-0.00393988
0.4
-0.00393978
0.4
-0.0039397
0.4
-0.00393964
0.4
-0.00393959
0.4
-0.00393955
0.4
-0.00393951
0.4
-0.00393949
0.4
-0.00393947
0.4
-0.00393945
0.4
-0.00393944
0.4
-0.00393943
0.4
-0.00393942
0.4
-0.00393942
0.4
-0.00393941
0.4
-0.00393941
0.4
-0.0039394
0.4
-0.0039394
0.4
-0.0039394
0.4
-0.0039394
0.4
-0.0039394
0.4
-0.0039394
0.4
-0.0039394
0.4
-0.0039394
0.4
-0.00393939
0.4
-0.00393939
0.4
-0.00393939
0.4
-0.00393939
0.4
-0.00393939
0.4
-0.00393939
0.4
-0.00393939
0.4
-0.00393939
0.4
-0.00393938
0.4
-0.00393938
0.4
-0.00393937
0.4
-0.00393937
0.4
-0.00393936
0.4
-0.00393935
0.4
-0.00393933
0.4
-0.00393931
0.4
-0.00393928
0.4
-0.00393925
0.4
-0.0039392
0.4
-0.00393914
0.4
-0.00393907
0.4
-0.00393898
0.4
-0.00393886
0.4
-0.00393872
0.4
-0.00393856
0.4
-0.00393838
0.4
-0.0039382
0.4
-0.00393804
0.4
-0.00393795
0.4
-0.00393801
0.4
-0.00393838
0.4
-0.00393925
0.399999
-0.00394084
0.399999
-0.00394295
0.399999
-0.00394431
0.399999
-0.00393946
0.400004
0.400015
-0.00179327
-0.00211931
-0.00231985
-0.00246405
-0.00255215
-0.00259893
-0.00261895
-0.00262227
-0.0026159
-0.00260422
-0.00259009
-0.00257527
-0.00256083
-0.00254738
-0.00253523
-0.00252449
-0.00251515
-0.00250713
-0.0025003
-0.00249455
-0.00248972
-0.0024857
-0.00248237
-0.00247962
-0.00247736
-0.0024755
-0.00247398
-0.00247274
-0.00247173
-0.00247092
-0.00247025
-0.00246972
-0.00246928
-0.00246893
-0.00246865
-0.00246843
-0.00246825
-0.0024681
-0.00246798
-0.00246789
-0.00246782
-0.00246776
-0.00246771
-0.00246767
-0.00246764
-0.00246762
-0.0024676
-0.00246759
-0.00246758
-0.00246757
-0.00246756
-0.00246755
-0.00246755
-0.00246755
-0.00246754
-0.00246754
-0.00246754
-0.00246754
-0.00246754
-0.00246754
-0.00246753
-0.00246753
-0.00246753
-0.00246753
-0.00246753
-0.00246753
-0.00246753
-0.00246753
-0.00246753
-0.00246753
-0.00246753
-0.00246753
-0.00246752
-0.00246752
-0.00246751
-0.00246751
-0.0024675
-0.00246749
-0.00246747
-0.00246745
-0.00246743
-0.00246739
-0.00246735
-0.00246729
-0.00246722
-0.00246714
-0.00246703
-0.00246691
-0.00246676
-0.00246661
-0.00246647
-0.00246636
-0.00246636
-0.00246654
-0.00246705
-0.00246804
-0.00246932
-0.0024699
-0.00246582
)
;

boundaryField
{
    inlet
    {
        type            calculated;
        value           nonuniform List<scalar> 
40
(
-0.00137272
-0.00211296
-0.00222107
-0.00207482
-0.00188689
-0.00170786
-0.00154614
-0.00139975
-0.00126495
-0.00113852
-0.00101816
-0.000902308
-0.000789867
-0.000680069
-0.000572344
-0.000466243
-0.0003614
-0.000257496
-0.000154244
-5.13764e-05
5.13637e-05
0.000154231
0.000257483
0.000361388
0.000466232
0.000572334
0.000680061
0.000789859
0.000902301
0.00101816
0.00113851
0.00126494
0.00139975
0.00154614
0.00170787
0.0018869
0.00207483
0.00222107
0.00211297
0.00137273
)
;
    }
    outlet
    {
        type            calculated;
        value           nonuniform List<scalar> 
40
(
0.00245125
0.00392294
0.00425364
0.00420268
0.00402312
0.00379904
0.00355836
0.0033103
0.00305793
0.00280236
0.00254403
0.00228321
0.00202014
0.00175503
0.00148814
0.0012197
0.000949995
0.000679287
0.000407861
0.000136001
-0.000136004
-0.000407864
-0.000679291
-0.000949998
-0.00121971
-0.00148814
-0.00175503
-0.00202014
-0.00228321
-0.00254403
-0.00280236
-0.00305793
-0.0033103
-0.00355836
-0.00379904
-0.00402312
-0.00420268
-0.00425364
-0.00392294
-0.00245125
)
;
    }
    lowerWall
    {
        type            calculated;
        value           nonuniform List<scalar> 
100
(
-0.4
-0.4
-0.4
-0.4
-0.4
-0.4
-0.4
-0.4
-0.4
-0.4
-0.4
-0.4
-0.4
-0.4
-0.4
-0.4
-0.4
-0.4
-0.4
-0.4
-0.4
-0.4
-0.4
-0.4
-0.4
-0.4
-0.4
-0.4
-0.4
-0.4
-0.4
-0.4
-0.4
-0.4
-0.4
-0.4
-0.4
-0.4
-0.4
-0.4
-0.4
-0.4
-0.4
-0.4
-0.4
-0.4
-0.4
-0.4
-0.4
-0.4
-0.4
-0.4
-0.4
-0.4
-0.4
-0.4
-0.4
-0.4
-0.4
-0.4
-0.4
-0.4
-0.4
-0.4
-0.4
-0.4
-0.4
-0.4
-0.4
-0.4
-0.4
-0.4
-0.4
-0.4
-0.4
-0.4
-0.4
-0.4
-0.4
-0.4
-0.4
-0.4
-0.4
-0.4
-0.4
-0.4
-0.4
-0.4
-0.4
-0.4
-0.4
-0.4
-0.4
-0.4
-0.4
-0.4
-0.4
-0.4
-0.4
-0.4
)
;
    }
    upperWall
    {
        type            calculated;
        value           nonuniform List<scalar> 
100
(
0.4
0.4
0.4
0.4
0.4
0.4
0.4
0.4
0.4
0.4
0.4
0.4
0.4
0.4
0.4
0.4
0.4
0.4
0.4
0.4
0.4
0.4
0.4
0.4
0.4
0.4
0.4
0.4
0.4
0.4
0.4
0.4
0.4
0.4
0.4
0.4
0.4
0.4
0.4
0.4
0.4
0.4
0.4
0.4
0.4
0.4
0.4
0.4
0.4
0.4
0.4
0.4
0.4
0.4
0.4
0.4
0.4
0.4
0.4
0.4
0.4
0.4
0.4
0.4
0.4
0.4
0.4
0.4
0.4
0.4
0.4
0.4
0.4
0.4
0.4
0.4
0.4
0.4
0.4
0.4
0.4
0.4
0.4
0.4
0.4
0.4
0.4
0.4
0.4
0.4
0.4
0.4
0.4
0.4
0.4
0.4
0.4
0.4
0.4
0.4
)
;
    }
    frontAndBack
    {
        type            empty;
        value           nonuniform 0();
    }
}


// ************************************************************************* //
