/*--------------------------------*- C++ -*----------------------------------*\
  =========                 |
  \\      /  F ield         | OpenFOAM: The Open Source CFD Toolbox
   \\    /   O peration     | Website:  https://openfoam.org
    \\  /    A nd           | Version:  7
     \\/     M anipulation  |
\*---------------------------------------------------------------------------*/
FoamFile
{
    version     2.0;
    format      ascii;
    class       volVectorField;
    location    "2";
    object      U;
}
// * * * * * * * * * * * * * * * * * * * * * * * * * * * * * * * * * * * * * //

dimensions      [0 1 -1 0 0 0 0];

internalField   nonuniform List<vector> 
4000
(
(0.537561 0.0563969 0)
(0.552167 0.00359834 0)
(0.517051 -0.00176422 0)
(0.522872 -0.00200127 0)
(0.521061 -0.0021308 0)
(0.521994 -0.00203766 0)
(0.521387 -0.00204479 0)
(0.521237 -0.00203489 0)
(0.520893 -0.00204428 0)
(0.520685 -0.00204821 0)
(0.520479 -0.00205399 0)
(0.520324 -0.00205772 0)
(0.52019 -0.00206112 0)
(0.520081 -0.00206362 0)
(0.519989 -0.00206572 0)
(0.519912 -0.00206735 0)
(0.519847 -0.00206867 0)
(0.519791 -0.00206973 0)
(0.519744 -0.00207059 0)
(0.519704 -0.00207132 0)
(0.519669 -0.00207192 0)
(0.51964 -0.0020724 0)
(0.519615 -0.00207283 0)
(0.519593 -0.00207317 0)
(0.519575 -0.00207347 0)
(0.51956 -0.00207373 0)
(0.519546 -0.00207394 0)
(0.519535 -0.00207413 0)
(0.519526 -0.00207428 0)
(0.519518 -0.00207441 0)
(0.519511 -0.00207453 0)
(0.519506 -0.00207461 0)
(0.519501 -0.00207471 0)
(0.519498 -0.00207476 0)
(0.519494 -0.00207483 0)
(0.519492 -0.00207488 0)
(0.51949 -0.00207491 0)
(0.519488 -0.00207495 0)
(0.519487 -0.00207497 0)
(0.519485 -0.00207499 0)
(0.519484 -0.00207502 0)
(0.519484 -0.00207502 0)
(0.519483 -0.00207505 0)
(0.519483 -0.00207504 0)
(0.519482 -0.00207506 0)
(0.519482 -0.00207507 0)
(0.519482 -0.00207507 0)
(0.519481 -0.00207507 0)
(0.519481 -0.00207508 0)
(0.519481 -0.00207507 0)
(0.519481 -0.00207509 0)
(0.519481 -0.00207508 0)
(0.519481 -0.00207509 0)
(0.519481 -0.00207508 0)
(0.519481 -0.00207509 0)
(0.519481 -0.00207509 0)
(0.519481 -0.00207509 0)
(0.519481 -0.00207509 0)
(0.519481 -0.00207509 0)
(0.519481 -0.00207509 0)
(0.519481 -0.00207509 0)
(0.519481 -0.00207509 0)
(0.519481 -0.00207509 0)
(0.519481 -0.00207509 0)
(0.519481 -0.00207509 0)
(0.519481 -0.00207509 0)
(0.519481 -0.00207509 0)
(0.519481 -0.00207509 0)
(0.519481 -0.0020751 0)
(0.519481 -0.00207509 0)
(0.51948 -0.00207509 0)
(0.51948 -0.00207509 0)
(0.51948 -0.00207509 0)
(0.51948 -0.00207509 0)
(0.51948 -0.00207509 0)
(0.51948 -0.00207508 0)
(0.51948 -0.00207509 0)
(0.51948 -0.00207508 0)
(0.51948 -0.00207509 0)
(0.51948 -0.00207508 0)
(0.51948 -0.00207508 0)
(0.51948 -0.00207507 0)
(0.51948 -0.00207506 0)
(0.519479 -0.00207505 0)
(0.519479 -0.00207503 0)
(0.519478 -0.002075 0)
(0.519478 -0.00207497 0)
(0.519476 -0.00207492 0)
(0.519475 -0.00207486 0)
(0.519472 -0.00207476 0)
(0.519469 -0.00207464 0)
(0.519464 -0.0020745 0)
(0.519458 -0.00207436 0)
(0.51945 -0.00207435 0)
(0.519443 -0.00207464 0)
(0.519436 -0.00207528 0)
(0.519442 -0.00207439 0)
(0.51936 -0.00206119 0)
(0.519228 -0.0020212 0)
(0.518638 -0.00215161 0)
(0.864907 0.128454 0)
(0.911544 0.0160066 0)
(0.861938 0.000986679 0)
(0.871322 -7.15119e-05 0)
(0.867938 -0.000506072 0)
(0.869526 -0.000191107 0)
(0.868568 -0.000202222 0)
(0.868399 -0.000164279 0)
(0.867887 -0.000193818 0)
(0.86759 -0.000206623 0)
(0.867286 -0.000226108 0)
(0.86706 -0.000239028 0)
(0.866862 -0.000251159 0)
(0.866702 -0.000260335 0)
(0.866566 -0.000267538 0)
(0.866452 -0.000273229 0)
(0.866356 -0.000277941 0)
(0.866274 -0.000281865 0)
(0.866204 -0.0002851 0)
(0.866144 -0.000287859 0)
(0.866092 -0.000290211 0)
(0.866048 -0.000292145 0)
(0.86601 -0.000293907 0)
(0.865978 -0.00029534 0)
(0.86595 -0.000296605 0)
(0.865926 -0.000297706 0)
(0.865906 -0.000298604 0)
(0.865889 -0.000299447 0)
(0.865874 -0.000300133 0)
(0.865862 -0.000300707 0)
(0.865851 -0.000301253 0)
(0.865843 -0.000301612 0)
(0.865835 -0.000302032 0)
(0.865829 -0.00030232 0)
(0.865824 -0.000302593 0)
(0.86582 -0.000302851 0)
(0.865816 -0.000302998 0)
(0.865814 -0.000303167 0)
(0.865811 -0.000303283 0)
(0.865809 -0.000303353 0)
(0.865808 -0.000303496 0)
(0.865806 -0.000303513 0)
(0.865805 -0.000303616 0)
(0.865805 -0.00030363 0)
(0.865804 -0.000303663 0)
(0.865803 -0.000303709 0)
(0.865803 -0.000303723 0)
(0.865803 -0.000303756 0)
(0.865802 -0.000303781 0)
(0.865802 -0.000303766 0)
(0.865802 -0.000303814 0)
(0.865802 -0.000303795 0)
(0.865802 -0.000303837 0)
(0.865802 -0.000303828 0)
(0.865801 -0.000303837 0)
(0.865801 -0.000303831 0)
(0.865801 -0.000303838 0)
(0.865801 -0.000303833 0)
(0.865801 -0.000303851 0)
(0.865801 -0.000303832 0)
(0.865801 -0.000303843 0)
(0.865801 -0.000303825 0)
(0.865801 -0.000303837 0)
(0.865801 -0.00030383 0)
(0.865801 -0.000303842 0)
(0.865801 -0.000303827 0)
(0.865801 -0.000303845 0)
(0.865801 -0.00030383 0)
(0.865801 -0.000303852 0)
(0.865801 -0.00030384 0)
(0.865801 -0.000303843 0)
(0.865801 -0.000303832 0)
(0.865801 -0.00030383 0)
(0.865801 -0.000303821 0)
(0.865801 -0.00030383 0)
(0.865801 -0.000303811 0)
(0.865801 -0.000303827 0)
(0.8658 -0.000303805 0)
(0.8658 -0.000303819 0)
(0.8658 -0.000303807 0)
(0.8658 -0.000303801 0)
(0.8658 -0.000303783 0)
(0.8658 -0.00030375 0)
(0.865799 -0.000303702 0)
(0.865798 -0.000303642 0)
(0.865797 -0.000303538 0)
(0.865796 -0.000303425 0)
(0.865794 -0.000303232 0)
(0.865792 -0.000302996 0)
(0.865788 -0.000302655 0)
(0.865783 -0.000302201 0)
(0.865776 -0.000301657 0)
(0.865766 -0.000301028 0)
(0.865754 -0.000300686 0)
(0.865742 -0.000300899 0)
(0.865723 -0.000301461 0)
(0.865717 -0.000293358 0)
(0.865545 -0.000239574 0)
(0.865252 -7.34828e-05 0)
(0.863186 -0.000219209 0)
(0.960309 0.135907 0)
(1.02532 0.0244352 0)
(0.976303 0.00334357 0)
(0.987385 0.000823891 0)
(0.983076 0.000101869 0)
(0.984978 0.000606959 0)
(0.983904 0.000613017 0)
(0.983809 0.000677005 0)
(0.983286 0.0006291 0)
(0.983009 0.000605125 0)
(0.982707 0.000570749 0)
(0.982488 0.000547221 0)
(0.982294 0.000525541 0)
(0.982138 0.000509015 0)
(0.982005 0.000495743 0)
(0.981894 0.000485229 0)
(0.981799 0.000476561 0)
(0.981718 0.000469335 0)
(0.981649 0.000463374 0)
(0.98159 0.000458281 0)
(0.981539 0.000453904 0)
(0.981495 0.000450283 0)
(0.981457 0.000447001 0)
(0.981424 0.000444291 0)
(0.981396 0.000441909 0)
(0.981372 0.00043982 0)
(0.981352 0.000438121 0)
(0.981334 0.000436543 0)
(0.981319 0.000435231 0)
(0.981306 0.000434129 0)
(0.981296 0.00043308 0)
(0.981286 0.000432358 0)
(0.981279 0.000431561 0)
(0.981272 0.000430984 0)
(0.981267 0.000430468 0)
(0.981262 0.00042997 0)
(0.981258 0.000429671 0)
(0.981255 0.000429337 0)
(0.981253 0.00042909 0)
(0.981251 0.000428938 0)
(0.981249 0.000428674 0)
(0.981247 0.000428623 0)
(0.981246 0.00042844 0)
(0.981245 0.000428383 0)
(0.981245 0.000428316 0)
(0.981244 0.000428218 0)
(0.981243 0.00042819 0)
(0.981243 0.000428133 0)
(0.981243 0.000428084 0)
(0.981242 0.0004281 0)
(0.981242 0.000428019 0)
(0.981242 0.000428044 0)
(0.981242 0.000427984 0)
(0.981242 0.000427991 0)
(0.981242 0.000427977 0)
(0.981242 0.000427974 0)
(0.981242 0.000427961 0)
(0.981242 0.000427969 0)
(0.981242 0.000427944 0)
(0.981242 0.000427974 0)
(0.981242 0.000427956 0)
(0.981241 0.000427979 0)
(0.981241 0.000427964 0)
(0.981241 0.000427973 0)
(0.981241 0.000427953 0)
(0.981241 0.000427973 0)
(0.981241 0.000427942 0)
(0.981241 0.000427965 0)
(0.981241 0.000427938 0)
(0.981241 0.000427957 0)
(0.981241 0.000427959 0)
(0.981241 0.000427974 0)
(0.981241 0.000427978 0)
(0.981241 0.000427991 0)
(0.981241 0.000427976 0)
(0.981241 0.000428006 0)
(0.981241 0.000427979 0)
(0.98124 0.00042801 0)
(0.98124 0.000427993 0)
(0.98124 0.000428016 0)
(0.98124 0.000428037 0)
(0.98124 0.000428073 0)
(0.981239 0.000428137 0)
(0.981239 0.000428226 0)
(0.981238 0.000428341 0)
(0.981237 0.000428536 0)
(0.981236 0.000428757 0)
(0.981234 0.00042912 0)
(0.981232 0.00042958 0)
(0.981228 0.000430238 0)
(0.981223 0.000431125 0)
(0.981216 0.000432207 0)
(0.981206 0.000433535 0)
(0.981193 0.000434518 0)
(0.981178 0.000435186 0)
(0.981152 0.000436346 0)
(0.981132 0.000458756 0)
(0.980909 0.000569049 0)
(0.980542 0.000943038 0)
(0.977594 0.00117798 0)
(0.984961 0.123299 0)
(1.05948 0.0286621 0)
(1.01374 0.00469202 0)
(1.02589 0.00070012 0)
(1.02098 -0.000186341 0)
(1.02309 0.000441575 0)
(1.02198 0.000480071 0)
(1.02198 0.00056235 0)
(1.0215 0.000500915 0)
(1.02127 0.000465677 0)
(1.02101 0.000417819 0)
(1.02082 0.000383873 0)
(1.02065 0.000352906 0)
(1.02051 0.000328891 0)
(1.0204 0.000309797 0)
(1.0203 0.000294917 0)
(1.02022 0.000282703 0)
(1.02015 0.000272523 0)
(1.02009 0.000264124 0)
(1.02004 0.000256944 0)
(1.01999 0.000250761 0)
(1.01995 0.000245619 0)
(1.01992 0.000240971 0)
(1.01989 0.000237098 0)
(1.01987 0.000233696 0)
(1.01984 0.000230696 0)
(1.01983 0.000228246 0)
(1.01981 0.000225973 0)
(1.0198 0.00022409 0)
(1.01978 0.000222504 0)
(1.01977 0.000221001 0)
(1.01976 0.000219936 0)
(1.01976 0.000218796 0)
(1.01975 0.000217941 0)
(1.01975 0.000217194 0)
(1.01974 0.000216464 0)
(1.01974 0.000216011 0)
(1.01974 0.000215517 0)
(1.01973 0.000215152 0)
(1.01973 0.000214916 0)
(1.01973 0.000214547 0)
(1.01973 0.000214449 0)
(1.01973 0.000214196 0)
(1.01973 0.00021409 0)
(1.01972 0.000213992 0)
(1.01972 0.000213844 0)
(1.01972 0.000213799 0)
(1.01972 0.000213712 0)
(1.01972 0.000213641 0)
(1.01972 0.000213653 0)
(1.01972 0.000213547 0)
(1.01972 0.000213571 0)
(1.01972 0.000213496 0)
(1.01972 0.000213495 0)
(1.01972 0.000213477 0)
(1.01972 0.000213465 0)
(1.01972 0.000213449 0)
(1.01972 0.000213457 0)
(1.01972 0.000213429 0)
(1.01972 0.000213465 0)
(1.01972 0.000213446 0)
(1.01972 0.000213472 0)
(1.01972 0.000213458 0)
(1.01972 0.000213465 0)
(1.01972 0.000213441 0)
(1.01972 0.00021346 0)
(1.01972 0.000213422 0)
(1.01972 0.000213448 0)
(1.01972 0.000213417 0)
(1.01972 0.00021344 0)
(1.01972 0.000213448 0)
(1.01972 0.000213465 0)
(1.01972 0.000213476 0)
(1.01972 0.000213493 0)
(1.01972 0.000213477 0)
(1.01972 0.000213513 0)
(1.01972 0.000213481 0)
(1.01972 0.000213518 0)
(1.01972 0.000213501 0)
(1.01972 0.000213529 0)
(1.01972 0.000213564 0)
(1.01972 0.000213614 0)
(1.01972 0.000213709 0)
(1.01972 0.000213836 0)
(1.01972 0.000214007 0)
(1.01972 0.000214288 0)
(1.01972 0.000214613 0)
(1.01971 0.000215134 0)
(1.01971 0.000215808 0)
(1.01971 0.000216766 0)
(1.0197 0.000218073 0)
(1.0197 0.000219695 0)
(1.01969 0.000221787 0)
(1.01968 0.000223647 0)
(1.01966 0.000226064 0)
(1.01963 0.0002305 0)
(1.0196 0.000271488 0)
(1.01935 0.000444089 0)
(1.01899 0.00104958 0)
(1.01589 0.00176924 0)
(0.988569 0.10998 0)
(1.06794 0.0309697 0)
(1.02559 0.0056978 0)
(1.03849 0.000547441 0)
(1.03316 -0.000408167 0)
(1.03544 0.000296483 0)
(1.03431 0.000368934 0)
(1.03442 0.000462482 0)
(1.03399 0.000391908 0)
(1.03383 0.000347335 0)
(1.0336 0.000289192 0)
(1.03345 0.000247124 0)
(1.03332 0.000209183 0)
(1.03321 0.000179667 0)
(1.03311 0.000156031 0)
(1.03303 0.000137502 0)
(1.03297 0.000122309 0)
(1.03291 0.000109637 0)
(1.03286 9.91688e-05 0)
(1.03282 9.02008e-05 0)
(1.03278 8.24381e-05 0)
(1.03275 7.59388e-05 0)
(1.03272 7.0042e-05 0)
(1.0327 6.5072e-05 0)
(1.03267 6.06708e-05 0)
(1.03266 5.67288e-05 0)
(1.03264 5.34624e-05 0)
(1.03263 5.04101e-05 0)
(1.03261 4.8039e-05 0)
(1.0326 4.60445e-05 0)
(1.03259 4.415e-05 0)
(1.03259 4.27834e-05 0)
(1.03258 4.13456e-05 0)
(1.03258 4.02475e-05 0)
(1.03257 3.92996e-05 0)
(1.03257 3.83678e-05 0)
(1.03256 3.77759e-05 0)
(1.03256 3.714e-05 0)
(1.03256 3.66604e-05 0)
(1.03256 3.63474e-05 0)
(1.03256 3.58854e-05 0)
(1.03255 3.57433e-05 0)
(1.03255 3.54249e-05 0)
(1.03255 3.52676e-05 0)
(1.03255 3.51362e-05 0)
(1.03255 3.49408e-05 0)
(1.03255 3.48781e-05 0)
(1.03255 3.47666e-05 0)
(1.03255 3.46742e-05 0)
(1.03255 3.46829e-05 0)
(1.03255 3.45557e-05 0)
(1.03255 3.45793e-05 0)
(1.03255 3.4495e-05 0)
(1.03255 3.44851e-05 0)
(1.03255 3.44623e-05 0)
(1.03255 3.44385e-05 0)
(1.03255 3.44189e-05 0)
(1.03255 3.4429e-05 0)
(1.03255 3.43987e-05 0)
(1.03255 3.44418e-05 0)
(1.03255 3.44212e-05 0)
(1.03255 3.44482e-05 0)
(1.03255 3.44358e-05 0)
(1.03255 3.44417e-05 0)
(1.03255 3.44125e-05 0)
(1.03255 3.44284e-05 0)
(1.03255 3.43819e-05 0)
(1.03255 3.44115e-05 0)
(1.03255 3.43787e-05 0)
(1.03255 3.44051e-05 0)
(1.03255 3.44186e-05 0)
(1.03255 3.44383e-05 0)
(1.03255 3.44554e-05 0)
(1.03255 3.44757e-05 0)
(1.03255 3.44603e-05 0)
(1.03255 3.45013e-05 0)
(1.03255 3.44636e-05 0)
(1.03255 3.45041e-05 0)
(1.03255 3.44866e-05 0)
(1.03255 3.45203e-05 0)
(1.03255 3.45685e-05 0)
(1.03255 3.46316e-05 0)
(1.03255 3.47506e-05 0)
(1.03255 3.49104e-05 0)
(1.03255 3.51282e-05 0)
(1.03254 3.54815e-05 0)
(1.03254 3.58986e-05 0)
(1.03254 3.65531e-05 0)
(1.03254 3.74074e-05 0)
(1.03254 3.86203e-05 0)
(1.03253 4.02899e-05 0)
(1.03253 4.23982e-05 0)
(1.03252 4.52503e-05 0)
(1.03251 4.81478e-05 0)
(1.03249 5.31804e-05 0)
(1.03246 6.23172e-05 0)
(1.03242 0.000123545 0)
(1.03218 0.000349215 0)
(1.03186 0.00116814 0)
(1.02902 0.00229699 0)
(0.986395 0.0983027 0)
(1.06822 0.0321961 0)
(1.02897 0.00652318 0)
(1.04243 0.000502467 0)
(1.0368 -0.000472796 0)
(1.03921 0.000276297 0)
(1.03808 0.000380198 0)
(1.03829 0.00047953 0)
(1.03792 0.000404029 0)
(1.03782 0.000352961 0)
(1.03764 0.000288486 0)
(1.03753 0.000241507 0)
(1.03742 0.000199863 0)
(1.03734 0.000167762 0)
(1.03727 0.00014108 0)
(1.03721 0.000119778 0)
(1.03716 0.000102325 0)
(1.03711 8.77671e-05 0)
(1.03708 7.57471e-05 0)
(1.03704 6.5456e-05 0)
(1.03701 5.65357e-05 0)
(1.03699 4.90549e-05 0)
(1.03696 4.22745e-05 0)
(1.03695 3.65435e-05 0)
(1.03693 3.14783e-05 0)
(1.03691 2.69291e-05 0)
(1.0369 2.31632e-05 0)
(1.03689 1.96508e-05 0)
(1.03688 1.68918e-05 0)
(1.03687 1.45632e-05 0)
(1.03686 1.23452e-05 0)
(1.03686 1.0719e-05 0)
(1.03685 9.0314e-06 0)
(1.03685 7.71637e-06 0)
(1.03684 6.59415e-06 0)
(1.03684 5.47927e-06 0)
(1.03684 4.75579e-06 0)
(1.03684 3.984e-06 0)
(1.03683 3.39444e-06 0)
(1.03683 3.00012e-06 0)
(1.03683 2.44272e-06 0)
(1.03683 2.23824e-06 0)
(1.03683 1.85031e-06 0)
(1.03683 1.6326e-06 0)
(1.03683 1.4759e-06 0)
(1.03683 1.23841e-06 0)
(1.03683 1.1587e-06 0)
(1.03683 1.02436e-06 0)
(1.03683 9.12423e-07 0)
(1.03682 9.14969e-07 0)
(1.03682 7.74243e-07 0)
(1.03682 7.93118e-07 0)
(1.03682 7.04058e-07 0)
(1.03682 6.80803e-07 0)
(1.03682 6.55361e-07 0)
(1.03682 6.20811e-07 0)
(1.03682 5.99936e-07 0)
(1.03682 6.1045e-07 0)
(1.03682 5.79886e-07 0)
(1.03682 6.26542e-07 0)
(1.03682 6.07722e-07 0)
(1.03682 6.33887e-07 0)
(1.03682 6.25487e-07 0)
(1.03682 6.2764e-07 0)
(1.03682 5.95983e-07 0)
(1.03682 6.06066e-07 0)
(1.03682 5.5443e-07 0)
(1.03682 5.84776e-07 0)
(1.03682 5.52874e-07 0)
(1.03682 5.79971e-07 0)
(1.03682 5.99761e-07 0)
(1.03682 6.20989e-07 0)
(1.03682 6.4631e-07 0)
(1.03682 6.69058e-07 0)
(1.03682 6.55849e-07 0)
(1.03682 6.98194e-07 0)
(1.03682 6.57927e-07 0)
(1.03682 6.99065e-07 0)
(1.03682 6.82855e-07 0)
(1.03682 7.18289e-07 0)
(1.03682 7.76636e-07 0)
(1.03682 8.48906e-07 0)
(1.03682 9.88332e-07 0)
(1.03682 1.17293e-06 0)
(1.03682 1.42858e-06 0)
(1.03682 1.83994e-06 0)
(1.03682 2.3636e-06 0)
(1.03682 3.15575e-06 0)
(1.03682 4.18245e-06 0)
(1.03681 5.62137e-06 0)
(1.03681 7.60948e-06 0)
(1.03681 1.01552e-05 0)
(1.0368 1.37458e-05 0)
(1.03679 1.77617e-05 0)
(1.03678 2.54865e-05 0)
(1.03674 3.93324e-05 0)
(1.0367 0.000119295 0)
(1.03647 0.000383899 0)
(1.03621 0.0013985 0)
(1.03382 0.0028468 0)
(0.983101 0.0876987 0)
(1.0661 0.0325092 0)
(1.02959 0.00711478 0)
(1.04347 0.000479193 0)
(1.03762 -0.000485439 0)
(1.04015 0.000281972 0)
(1.03902 0.000415813 0)
(1.03933 0.000518869 0)
(1.03901 0.000440676 0)
(1.03897 0.000384551 0)
(1.03883 0.000315113 0)
(1.03876 0.000263903 0)
(1.03868 0.000218749 0)
(1.03863 0.000183856 0)
(1.03858 0.000154815 0)
(1.03853 0.000131577 0)
(1.0385 0.000112575 0)
(1.03847 9.67382e-05 0)
(1.03844 8.36862e-05 0)
(1.03841 7.25386e-05 0)
(1.03839 6.28861e-05 0)
(1.03837 5.48104e-05 0)
(1.03836 4.75213e-05 0)
(1.03834 4.13812e-05 0)
(1.03833 3.60015e-05 0)
(1.03832 3.11976e-05 0)
(1.03831 2.72676e-05 0)
(1.0383 2.3636e-05 0)
(1.03829 2.05932e-05 0)
(1.03829 1.80095e-05 0)
(1.03828 1.55381e-05 0)
(1.03828 1.37014e-05 0)
(1.03827 1.18138e-05 0)
(1.03827 1.03167e-05 0)
(1.03827 9.05163e-06 0)
(1.03826 7.78208e-06 0)
(1.03826 6.94304e-06 0)
(1.03826 6.05054e-06 0)
(1.03826 5.35876e-06 0)
(1.03826 4.8866e-06 0)
(1.03825 4.23832e-06 0)
(1.03825 3.96554e-06 0)
(1.03825 3.53632e-06 0)
(1.03825 3.26854e-06 0)
(1.03825 3.08903e-06 0)
(1.03825 2.81484e-06 0)
(1.03825 2.7196e-06 0)
(1.03825 2.56741e-06 0)
(1.03825 2.43774e-06 0)
(1.03825 2.43367e-06 0)
(1.03825 2.28402e-06 0)
(1.03825 2.29686e-06 0)
(1.03825 2.20716e-06 0)
(1.03825 2.16962e-06 0)
(1.03825 2.14236e-06 0)
(1.03825 2.09775e-06 0)
(1.03825 2.0762e-06 0)
(1.03825 2.08796e-06 0)
(1.03825 2.05784e-06 0)
(1.03825 2.1073e-06 0)
(1.03825 2.09093e-06 0)
(1.03825 2.11486e-06 0)
(1.03825 2.1114e-06 0)
(1.03825 2.10938e-06 0)
(1.03825 2.07675e-06 0)
(1.03825 2.07987e-06 0)
(1.03825 2.02393e-06 0)
(1.03825 2.0542e-06 0)
(1.03825 2.0245e-06 0)
(1.03825 2.05183e-06 0)
(1.03825 2.07733e-06 0)
(1.03825 2.09932e-06 0)
(1.03825 2.13285e-06 0)
(1.03825 2.15765e-06 0)
(1.03825 2.14765e-06 0)
(1.03825 2.18929e-06 0)
(1.03825 2.14708e-06 0)
(1.03825 2.18679e-06 0)
(1.03825 2.17187e-06 0)
(1.03825 2.20745e-06 0)
(1.03825 2.27356e-06 0)
(1.03825 2.35206e-06 0)
(1.03825 2.50696e-06 0)
(1.03825 2.70967e-06 0)
(1.03825 2.99386e-06 0)
(1.03825 3.44981e-06 0)
(1.03825 4.04233e-06 0)
(1.03824 4.9656e-06 0)
(1.03824 6.1485e-06 0)
(1.03824 7.7806e-06 0)
(1.03824 1.00393e-05 0)
(1.03824 1.29677e-05 0)
(1.03823 1.72495e-05 0)
(1.03822 2.23886e-05 0)
(1.03821 3.26095e-05 0)
(1.03818 5.06756e-05 0)
(1.03814 0.000147041 0)
(1.03794 0.00044615 0)
(1.03774 0.00162566 0)
(1.03587 0.0033129 0)
(0.980017 0.0779938 0)
(1.06349 0.0320563 0)
(1.02937 0.00745918 0)
(1.04355 0.000443916 0)
(1.03755 -0.000489331 0)
(1.04016 0.000277901 0)
(1.03904 0.000438342 0)
(1.03943 0.00054295 0)
(1.03916 0.000464337 0)
(1.03917 0.000404924 0)
(1.03908 0.000332448 0)
(1.03905 0.000278357 0)
(1.039 0.000230744 0)
(1.03897 0.000193777 0)
(1.03893 0.000163169 0)
(1.03891 0.000138686 0)
(1.03889 0.000118692 0)
(1.03887 0.000102021 0)
(1.03885 8.82843e-05 0)
(1.03883 7.65598e-05 0)
(1.03882 6.63959e-05 0)
(1.03881 5.78909e-05 0)
(1.0388 5.02152e-05 0)
(1.03879 4.37405e-05 0)
(1.03878 3.80825e-05 0)
(1.03877 3.30145e-05 0)
(1.03877 2.88743e-05 0)
(1.03876 2.5053e-05 0)
(1.03876 2.18162e-05 0)
(1.03875 1.90645e-05 0)
(1.03875 1.64213e-05 0)
(1.03874 1.44371e-05 0)
(1.03874 1.24148e-05 0)
(1.03874 1.07883e-05 0)
(1.03874 9.43022e-06 0)
(1.03873 8.05994e-06 0)
(1.03873 7.14607e-06 0)
(1.03873 6.18346e-06 0)
(1.03873 5.43149e-06 0)
(1.03873 4.92268e-06 0)
(1.03873 4.23825e-06 0)
(1.03873 3.93107e-06 0)
(1.03873 3.48195e-06 0)
(1.03873 3.16336e-06 0)
(1.03873 2.95699e-06 0)
(1.03873 2.64649e-06 0)
(1.03873 2.53673e-06 0)
(1.03873 2.37103e-06 0)
(1.03872 2.22519e-06 0)
(1.03872 2.21439e-06 0)
(1.03872 2.05843e-06 0)
(1.03872 2.06286e-06 0)
(1.03872 1.9757e-06 0)
(1.03872 1.92366e-06 0)
(1.03872 1.89624e-06 0)
(1.03872 1.84351e-06 0)
(1.03872 1.82184e-06 0)
(1.03872 1.83535e-06 0)
(1.03872 1.80597e-06 0)
(1.03872 1.85782e-06 0)
(1.03872 1.8453e-06 0)
(1.03872 1.86593e-06 0)
(1.03872 1.868e-06 0)
(1.03872 1.86125e-06 0)
(1.03872 1.82934e-06 0)
(1.03872 1.82551e-06 0)
(1.03872 1.76623e-06 0)
(1.03872 1.79526e-06 0)
(1.03872 1.76812e-06 0)
(1.03872 1.79491e-06 0)
(1.03872 1.82556e-06 0)
(1.03872 1.84758e-06 0)
(1.03872 1.88922e-06 0)
(1.03872 1.91552e-06 0)
(1.03872 1.90949e-06 0)
(1.03872 1.94898e-06 0)
(1.03872 1.90565e-06 0)
(1.03872 1.94231e-06 0)
(1.03872 1.92827e-06 0)
(1.03872 1.96192e-06 0)
(1.03872 2.03303e-06 0)
(1.03872 2.11531e-06 0)
(1.03872 2.28331e-06 0)
(1.03872 2.49932e-06 0)
(1.03872 2.80476e-06 0)
(1.03872 3.30977e-06 0)
(1.03872 3.93473e-06 0)
(1.03872 4.90589e-06 0)
(1.03872 6.16293e-06 0)
(1.03872 7.90407e-06 0)
(1.03872 1.03431e-05 0)
(1.03872 1.35629e-05 0)
(1.03871 1.84371e-05 0)
(1.0387 2.46348e-05 0)
(1.03869 3.74758e-05 0)
(1.03867 5.984e-05 0)
(1.03863 0.000170612 0)
(1.03847 0.000496055 0)
(1.03834 0.00179845 0)
(1.03701 0.00365052 0)
(0.977433 0.0691529 0)
(1.06097 0.0309987 0)
(1.02893 0.00758146 0)
(1.04334 0.000399864 0)
(1.03721 -0.000488216 0)
(1.03989 0.000264464 0)
(1.03878 0.00044663 0)
(1.03924 0.00055066 0)
(1.03901 0.000473693 0)
(1.03908 0.00041284 0)
(1.03902 0.000339423 0)
(1.03902 0.000284085 0)
(1.039 0.00023544 0)
(1.03899 0.000197533 0)
(1.03898 0.000166232 0)
(1.03897 0.000141181 0)
(1.03896 0.000120743 0)
(1.03895 0.000103684 0)
(1.03895 8.96257e-05 0)
(1.03894 7.7629e-05 0)
(1.03893 6.72094e-05 0)
(1.03893 5.84875e-05 0)
(1.03892 5.0607e-05 0)
(1.03892 4.39447e-05 0)
(1.03892 3.81305e-05 0)
(1.03891 3.28953e-05 0)
(1.03891 2.86138e-05 0)
(1.0389 2.4659e-05 0)
(1.0389 2.13167e-05 0)
(1.0389 1.84788e-05 0)
(1.0389 1.57423e-05 0)
(1.03889 1.36734e-05 0)
(1.03889 1.1579e-05 0)
(1.03889 9.87414e-06 0)
(1.03889 8.46918e-06 0)
(1.03889 7.04774e-06 0)
(1.03889 6.09677e-06 0)
(1.03889 5.10852e-06 0)
(1.03889 4.33232e-06 0)
(1.03889 3.82007e-06 0)
(1.03888 3.1437e-06 0)
(1.03888 2.83121e-06 0)
(1.03888 2.37137e-06 0)
(1.03888 2.01667e-06 0)
(1.03888 1.79909e-06 0)
(1.03888 1.46377e-06 0)
(1.03888 1.33999e-06 0)
(1.03888 1.1627e-06 0)
(1.03888 1.00097e-06 0)
(1.03888 9.82624e-07 0)
(1.03888 8.1885e-07 0)
(1.03888 8.10983e-07 0)
(1.03888 7.29242e-07 0)
(1.03888 6.63716e-07 0)
(1.03888 6.37621e-07 0)
(1.03888 5.78859e-07 0)
(1.03888 5.56986e-07 0)
(1.03888 5.72973e-07 0)
(1.03888 5.44281e-07 0)
(1.03888 5.98668e-07 0)
(1.03888 5.91063e-07 0)
(1.03888 6.07584e-07 0)
(1.03888 6.15331e-07 0)
(1.03888 6.03656e-07 0)
(1.03888 5.74035e-07 0)
(1.03888 5.64062e-07 0)
(1.03888 5.01697e-07 0)
(1.03888 5.28254e-07 0)
(1.03888 5.03154e-07 0)
(1.03888 5.29059e-07 0)
(1.03888 5.64296e-07 0)
(1.03888 5.85778e-07 0)
(1.03888 6.34928e-07 0)
(1.03888 6.62253e-07 0)
(1.03888 6.60827e-07 0)
(1.03888 6.97602e-07 0)
(1.03888 6.53759e-07 0)
(1.03888 6.86362e-07 0)
(1.03888 6.72438e-07 0)
(1.03888 7.02673e-07 0)
(1.03888 7.76058e-07 0)
(1.03888 8.60496e-07 0)
(1.03888 1.0469e-06 0)
(1.03888 1.2755e-06 0)
(1.03888 1.59685e-06 0)
(1.03888 2.11833e-06 0)
(1.03888 2.75564e-06 0)
(1.03888 3.70708e-06 0)
(1.03888 4.96822e-06 0)
(1.03888 6.74397e-06 0)
(1.03888 9.27819e-06 0)
(1.03888 1.26954e-05 0)
(1.03887 1.80397e-05 0)
(1.03887 2.516e-05 0)
(1.03886 4.03793e-05 0)
(1.03884 6.65306e-05 0)
(1.03881 0.00018851 0)
(1.03869 0.000530342 0)
(1.03863 0.00191144 0)
(1.03784 0.00385967 0)
(0.975339 0.0610796 0)
(1.0587 0.0294632 0)
(1.02847 0.00751042 0)
(1.04304 0.000353461 0)
(1.03682 -0.00048045 0)
(1.03954 0.000245495 0)
(1.03844 0.000443545 0)
(1.03896 0.000545151 0)
(1.03878 0.000471489 0)
(1.0389 0.000410864 0)
(1.03887 0.000338368 0)
(1.0389 0.000283265 0)
(1.03891 0.00023488 0)
(1.03892 0.000197066 0)
(1.03892 0.000165884 0)
(1.03893 0.000140902 0)
(1.03893 0.00012054 0)
(1.03894 0.000103521 0)
(1.03894 8.94957e-05 0)
(1.03894 7.75297e-05 0)
(1.03894 6.7116e-05 0)
(1.03894 5.84025e-05 0)
(1.03894 5.0519e-05 0)
(1.03894 4.38427e-05 0)
(1.03894 3.8028e-05 0)
(1.03894 3.27664e-05 0)
(1.03894 2.84616e-05 0)
(1.03894 2.44792e-05 0)
(1.03894 2.11129e-05 0)
(1.03894 1.82598e-05 0)
(1.03894 1.54974e-05 0)
(1.03894 1.33971e-05 0)
(1.03894 1.12804e-05 0)
(1.03894 9.53522e-06 0)
(1.03894 8.11282e-06 0)
(1.03894 6.66728e-06 0)
(1.03894 5.69781e-06 0)
(1.03894 4.69939e-06 0)
(1.03894 3.90754e-06 0)
(1.03894 3.39205e-06 0)
(1.03894 2.72231e-06 0)
(1.03894 2.40038e-06 0)
(1.03894 1.95339e-06 0)
(1.03894 1.59024e-06 0)
(1.03894 1.37971e-06 0)
(1.03894 1.03745e-06 0)
(1.03894 9.03817e-07 0)
(1.03894 7.25277e-07 0)
(1.03894 5.54575e-07 0)
(1.03894 5.32621e-07 0)
(1.03894 3.70361e-07 0)
(1.03894 3.52179e-07 0)
(1.03894 2.78697e-07 0)
(1.03894 2.01031e-07 0)
(1.03894 1.77836e-07 0)
(1.03894 1.14372e-07 0)
(1.03894 9.25773e-08 0)
(1.03894 1.10901e-07 0)
(1.03894 8.32385e-08 0)
(1.03894 1.40337e-07 0)
(1.03894 1.38877e-07 0)
(1.03894 1.50489e-07 0)
(1.03894 1.64098e-07 0)
(1.03893 1.47088e-07 0)
(1.03893 1.2136e-07 0)
(1.03893 1.06137e-07 0)
(1.03893 4.09521e-08 0)
(1.03893 6.27435e-08 0)
(1.03893 3.87869e-08 0)
(1.03893 6.3414e-08 0)
(1.03893 1.03831e-07 0)
(1.03893 1.24075e-07 0)
(1.03893 1.80733e-07 0)
(1.03893 2.08232e-07 0)
(1.03893 2.12153e-07 0)
(1.03893 2.45985e-07 0)
(1.03893 2.02327e-07 0)
(1.03893 2.30305e-07 0)
(1.03893 2.15869e-07 0)
(1.03893 2.41673e-07 0)
(1.03893 3.14881e-07 0)
(1.03893 3.97776e-07 0)
(1.03893 5.88267e-07 0)
(1.03893 8.18541e-07 0)
(1.03893 1.14249e-06 0)
(1.03893 1.64026e-06 0)
(1.03893 2.25871e-06 0)
(1.03893 3.19239e-06 0)
(1.03893 4.44747e-06 0)
(1.03893 6.23064e-06 0)
(1.03893 8.81029e-06 0)
(1.03893 1.23506e-05 0)
(1.03893 1.80387e-05 0)
(1.03893 2.58946e-05 0)
(1.03892 4.30212e-05 0)
(1.03891 7.20842e-05 0)
(1.03889 0.000201437 0)
(1.03882 0.000549988 0)
(1.03882 0.00196692 0)
(1.03856 0.00394857 0)
(0.973658 0.053653 0)
(1.05672 0.0275433 0)
(1.02804 0.00726997 0)
(1.04273 0.000307772 0)
(1.03644 -0.000465692 0)
(1.03919 0.000222862 0)
(1.0381 0.000430305 0)
(1.03868 0.000527859 0)
(1.03854 0.000458793 0)
(1.03869 0.000399861 0)
(1.0387 0.00032989 0)
(1.03876 0.000276317 0)
(1.03879 0.000229308 0)
(1.03882 0.000192477 0)
(1.03884 0.000162137 0)
(1.03886 0.000137803 0)
(1.03888 0.000117988 0)
(1.03889 0.000101401 0)
(1.0389 8.77333e-05 0)
(1.03891 7.60755e-05 0)
(1.03892 6.59077e-05 0)
(1.03892 5.74091e-05 0)
(1.03893 4.97076e-05 0)
(1.03893 4.31769e-05 0)
(1.03894 3.75035e-05 0)
(1.03894 3.2346e-05 0)
(1.03894 2.81276e-05 0)
(1.03894 2.42157e-05 0)
(1.03895 2.0903e-05 0)
(1.03895 1.81012e-05 0)
(1.03895 1.5377e-05 0)
(1.03895 1.32974e-05 0)
(1.03895 1.12076e-05 0)
(1.03895 9.46174e-06 0)
(1.03895 8.05203e-06 0)
(1.03895 6.61008e-06 0)
(1.03895 5.64177e-06 0)
(1.03895 4.64978e-06 0)
(1.03895 3.85279e-06 0)
(1.03895 3.336e-06 0)
(1.03895 2.67325e-06 0)
(1.03895 2.33919e-06 0)
(1.03895 1.90732e-06 0)
(1.03895 1.53134e-06 0)
(1.03895 1.3245e-06 0)
(1.03895 9.80569e-07 0)
(1.03895 8.4139e-07 0)
(1.03895 6.71916e-07 0)
(1.03895 5.0036e-07 0)
(1.03895 4.79343e-07 0)
(1.03895 3.2885e-07 0)
(1.03895 3.03397e-07 0)
(1.03895 2.40868e-07 0)
(1.03895 1.53775e-07 0)
(1.03895 1.34525e-07 0)
(1.03895 6.94272e-08 0)
(1.03895 4.69527e-08 0)
(1.03895 6.90726e-08 0)
(1.03895 4.13737e-08 0)
(1.03895 9.99882e-08 0)
(1.03895 1.05024e-07 0)
(1.03895 1.11085e-07 0)
(1.03895 1.30489e-07 0)
(1.03895 1.08229e-07 0)
(1.03895 8.76292e-08 0)
(1.03895 6.941e-08 0)
(1.03895 2.65989e-09 0)
(1.03895 2.04231e-08 0)
(1.03895 -3.17684e-09 0)
(1.03895 1.94652e-08 0)
(1.03895 6.36017e-08 0)
(1.03895 8.17339e-08 0)
(1.03895 1.43876e-07 0)
(1.03895 1.70332e-07 0)
(1.03895 1.79727e-07 0)
(1.03895 2.10685e-07 0)
(1.03895 1.67916e-07 0)
(1.03895 1.91351e-07 0)
(1.03895 1.75936e-07 0)
(1.03895 1.96933e-07 0)
(1.03895 2.67514e-07 0)
(1.03895 3.44614e-07 0)
(1.03895 5.23594e-07 0)
(1.03895 7.43825e-07 0)
(1.03895 1.05876e-06 0)
(1.03895 1.53876e-06 0)
(1.03895 2.14331e-06 0)
(1.03895 3.06079e-06 0)
(1.03895 4.29834e-06 0)
(1.03895 6.06156e-06 0)
(1.03895 8.6354e-06 0)
(1.03895 1.22186e-05 0)
(1.03895 1.81032e-05 0)
(1.03895 2.64584e-05 0)
(1.03895 4.49043e-05 0)
(1.03895 7.58505e-05 0)
(1.03893 0.000208531 0)
(1.03892 0.000554686 0)
(1.03898 0.00196674 0)
(1.03921 0.00392524 0)
(0.972311 0.0467661 0)
(1.055 0.025312 0)
(1.02768 0.00688093 0)
(1.04245 0.000264225 0)
(1.0361 -0.00044384 0)
(1.03887 0.000197886 0)
(1.03778 0.000407847 0)
(1.03841 0.000499844 0)
(1.03831 0.000436371 0)
(1.0385 0.000380417 0)
(1.03854 0.000314367 0)
(1.03862 0.00026347 0)
(1.03867 0.000218824 0)
(1.03872 0.000183768 0)
(1.03875 0.000154916 0)
(1.03878 0.000131751 0)
(1.03881 0.000112908 0)
(1.03883 9.71037e-05 0)
(1.03885 8.40861e-05 0)
(1.03887 7.29871e-05 0)
(1.03888 6.32822e-05 0)
(1.03889 5.51842e-05 0)
(1.0389 4.78308e-05 0)
(1.03891 4.15882e-05 0)
(1.03892 3.61813e-05 0)
(1.03893 3.12434e-05 0)
(1.03893 2.72096e-05 0)
(1.03894 2.34553e-05 0)
(1.03894 2.02703e-05 0)
(1.03894 1.75836e-05 0)
(1.03895 1.49592e-05 0)
(1.03895 1.29527e-05 0)
(1.03895 1.094e-05 0)
(1.03895 9.23698e-06 0)
(1.03895 7.87453e-06 0)
(1.03895 6.46917e-06 0)
(1.03895 5.52706e-06 0)
(1.03896 4.56557e-06 0)
(1.03896 3.78261e-06 0)
(1.03896 3.27608e-06 0)
(1.03896 2.6332e-06 0)
(1.03896 2.29461e-06 0)
(1.03896 1.88525e-06 0)
(1.03896 1.50172e-06 0)
(1.03896 1.3006e-06 0)
(1.03896 9.59059e-07 0)
(1.03896 8.15794e-07 0)
(1.03896 6.56325e-07 0)
(1.03896 4.86162e-07 0)
(1.03896 4.66254e-07 0)
(1.03896 3.26939e-07 0)
(1.03896 2.92367e-07 0)
(1.03896 2.42956e-07 0)
(1.03896 1.49431e-07 0)
(1.03896 1.35047e-07 0)
(1.03896 7.14677e-08 0)
(1.03896 4.74545e-08 0)
(1.03896 7.46809e-08 0)
(1.03896 4.56256e-08 0)
(1.03896 1.03889e-07 0)
(1.03896 1.15334e-07 0)
(1.03896 1.15371e-07 0)
(1.03896 1.40545e-07 0)
(1.03896 1.13246e-07 0)
(1.03896 9.86329e-08 0)
(1.03896 8.00756e-08 0)
(1.03896 1.36703e-08 0)
(1.03896 2.93201e-08 0)
(1.03896 5.50381e-09 0)
(1.03896 2.57567e-08 0)
(1.03896 7.14544e-08 0)
(1.03896 8.63703e-08 0)
(1.03896 1.51605e-07 0)
(1.03896 1.75481e-07 0)
(1.03896 1.89963e-07 0)
(1.03896 2.18203e-07 0)
(1.03896 1.7705e-07 0)
(1.03896 1.96487e-07 0)
(1.03896 1.79907e-07 0)
(1.03896 1.96138e-07 0)
(1.03896 2.62221e-07 0)
(1.03896 3.31503e-07 0)
(1.03896 5.03197e-07 0)
(1.03896 7.12066e-07 0)
(1.03896 1.01473e-06 0)
(1.03896 1.47383e-06 0)
(1.03896 2.05605e-06 0)
(1.03896 2.93926e-06 0)
(1.03896 4.13205e-06 0)
(1.03896 5.83618e-06 0)
(1.03896 8.34293e-06 0)
(1.03896 1.18776e-05 0)
(1.03896 1.77907e-05 0)
(1.03897 2.63703e-05 0)
(1.03897 4.54709e-05 0)
(1.03897 7.71925e-05 0)
(1.03896 0.000209122 0)
(1.03901 0.000544274 0)
(1.03912 0.00191351 0)
(1.03982 0.00379829 0)
(0.971232 0.0403295 0)
(1.05354 0.0228282 0)
(1.02736 0.00636238 0)
(1.0422 0.000223596 0)
(1.03581 -0.000414671 0)
(1.03857 0.000171825 0)
(1.03749 0.00037732 0)
(1.03817 0.000462346 0)
(1.03809 0.000405217 0)
(1.03832 0.000353368 0)
(1.03838 0.000292446 0)
(1.03849 0.000245238 0)
(1.03855 0.000203829 0)
(1.03862 0.000171252 0)
(1.03867 0.000144464 0)
(1.03871 0.00012293 0)
(1.03875 0.000105435 0)
(1.03878 9.07276e-05 0)
(1.0388 7.86225e-05 0)
(1.03883 6.83077e-05 0)
(1.03885 5.92613e-05 0)
(1.03886 5.17313e-05 0)
(1.03888 4.48754e-05 0)
(1.03889 3.90494e-05 0)
(1.0389 3.40207e-05 0)
(1.03891 2.94061e-05 0)
(1.03892 2.56467e-05 0)
(1.03892 2.21304e-05 0)
(1.03893 1.91426e-05 0)
(1.03893 1.66302e-05 0)
(1.03894 1.41623e-05 0)
(1.03894 1.22775e-05 0)
(1.03895 1.03893e-05 0)
(1.03895 8.77195e-06 0)
(1.03895 7.49114e-06 0)
(1.03895 6.15495e-06 0)
(1.03895 5.2639e-06 0)
(1.03895 4.35719e-06 0)
(1.03896 3.60884e-06 0)
(1.03896 3.12643e-06 0)
(1.03896 2.51812e-06 0)
(1.03896 2.18489e-06 0)
(1.03896 1.80819e-06 0)
(1.03896 1.42775e-06 0)
(1.03896 1.23901e-06 0)
(1.03896 9.07573e-07 0)
(1.03896 7.63192e-07 0)
(1.03896 6.16887e-07 0)
(1.03896 4.51225e-07 0)
(1.03896 4.33771e-07 0)
(1.03896 3.0781e-07 0)
(1.03896 2.64587e-07 0)
(1.03896 2.29942e-07 0)
(1.03896 1.32158e-07 0)
(1.03896 1.23649e-07 0)
(1.03896 6.28259e-08 0)
(1.03896 3.73049e-08 0)
(1.03896 6.90327e-08 0)
(1.03896 3.84441e-08 0)
(1.03896 9.48673e-08 0)
(1.03896 1.1266e-07 0)
(1.03896 1.06342e-07 0)
(1.03896 1.37604e-07 0)
(1.03896 1.05236e-07 0)
(1.03896 9.70723e-08 0)
(1.03896 7.99688e-08 0)
(1.03896 1.55065e-08 0)
(1.03896 2.95625e-08 0)
(1.03896 4.98403e-09 0)
(1.03896 2.31366e-08 0)
(1.03896 6.99449e-08 0)
(1.03896 8.05494e-08 0)
(1.03896 1.48144e-07 0)
(1.03896 1.67843e-07 0)
(1.03896 1.86837e-07 0)
(1.03896 2.1245e-07 0)
(1.03896 1.73533e-07 0)
(1.03896 1.89747e-07 0)
(1.03896 1.7213e-07 0)
(1.03896 1.83944e-07 0)
(1.03896 2.4453e-07 0)
(1.03896 3.04173e-07 0)
(1.03896 4.66336e-07 0)
(1.03896 6.59359e-07 0)
(1.03896 9.43653e-07 0)
(1.03896 1.37122e-06 0)
(1.03896 1.91617e-06 0)
(1.03896 2.74412e-06 0)
(1.03896 3.86348e-06 0)
(1.03896 5.46905e-06 0)
(1.03897 7.84714e-06 0)
(1.03897 1.12392e-05 0)
(1.03897 1.70037e-05 0)
(1.03898 2.55117e-05 0)
(1.03898 4.45595e-05 0)
(1.03899 7.59154e-05 0)
(1.03899 0.000203107 0)
(1.0391 0.000519223 0)
(1.03926 0.00181096 0)
(1.04037 0.00357725 0)
(0.97037 0.0342671 0)
(1.0523 0.0201404 0)
(1.0271 0.00573214 0)
(1.04198 0.000186177 0)
(1.03555 -0.00037809 0)
(1.03832 0.000145719 0)
(1.03724 0.000339924 0)
(1.03796 0.000416652 0)
(1.0379 0.000366422 0)
(1.03816 0.000319644 0)
(1.03824 0.000264884 0)
(1.03837 0.000222246 0)
(1.03845 0.000184836 0)
(1.03853 0.000155356 0)
(1.03859 0.000131134 0)
(1.03864 0.000111637 0)
(1.03869 9.58226e-05 0)
(1.03873 8.24885e-05 0)
(1.03876 7.15273e-05 0)
(1.03879 6.21967e-05 0)
(1.03881 5.3983e-05 0)
(1.03883 4.71704e-05 0)
(1.03885 4.09455e-05 0)
(1.03887 3.56512e-05 0)
(1.03888 3.10997e-05 0)
(1.03889 2.69004e-05 0)
(1.0389 2.34967e-05 0)
(1.03891 2.02925e-05 0)
(1.03892 1.75653e-05 0)
(1.03893 1.52814e-05 0)
(1.03893 1.30206e-05 0)
(1.03894 1.13015e-05 0)
(1.03894 9.5806e-06 0)
(1.03894 8.08843e-06 0)
(1.03895 6.92132e-06 0)
(1.03895 5.68415e-06 0)
(1.03895 4.86657e-06 0)
(1.03895 4.03629e-06 0)
(1.03895 3.34158e-06 0)
(1.03896 2.89663e-06 0)
(1.03896 2.3358e-06 0)
(1.03896 2.0167e-06 0)
(1.03896 1.68132e-06 0)
(1.03896 1.31462e-06 0)
(1.03896 1.14487e-06 0)
(1.03896 8.32469e-07 0)
(1.03896 6.90913e-07 0)
(1.03896 5.61649e-07 0)
(1.03896 4.0409e-07 0)
(1.03896 3.90705e-07 0)
(1.03896 2.81761e-07 0)
(1.03896 2.31236e-07 0)
(1.03896 2.12779e-07 0)
(1.03896 1.13106e-07 0)
(1.03896 1.1108e-07 0)
(1.03896 5.47115e-08 0)
(1.03896 2.73299e-08 0)
(1.03896 6.34924e-08 0)
(1.03896 3.08149e-08 0)
(1.03896 8.34452e-08 0)
(1.03896 1.06948e-07 0)
(1.03896 9.41198e-08 0)
(1.03896 1.31858e-07 0)
(1.03896 9.47642e-08 0)
(1.03896 9.29502e-08 0)
(1.03896 7.90898e-08 0)
(1.03896 1.82151e-08 0)
(1.03896 3.22907e-08 0)
(1.03896 6.89099e-09 0)
(1.03896 2.29213e-08 0)
(1.03896 7.02528e-08 0)
(1.03896 7.56164e-08 0)
(1.03896 1.44349e-07 0)
(1.03896 1.58456e-07 0)
(1.03896 1.80873e-07 0)
(1.03896 2.03904e-07 0)
(1.03896 1.67664e-07 0)
(1.03896 1.81603e-07 0)
(1.03896 1.63185e-07 0)
(1.03896 1.71124e-07 0)
(1.03896 2.25513e-07 0)
(1.03896 2.733e-07 0)
(1.03896 4.21326e-07 0)
(1.03896 5.92444e-07 0)
(1.03896 8.51237e-07 0)
(1.03896 1.23715e-06 0)
(1.03896 1.73128e-06 0)
(1.03896 2.48619e-06 0)
(1.03896 3.50717e-06 0)
(1.03897 4.97868e-06 0)
(1.03897 7.17059e-06 0)
(1.03897 1.03287e-05 0)
(1.03898 1.5767e-05 0)
(1.03898 2.39016e-05 0)
(1.03899 4.21811e-05 0)
(1.03901 7.20445e-05 0)
(1.03902 0.000190723 0)
(1.03917 0.000480456 0)
(1.03938 0.00166366 0)
(1.04087 0.00327234 0)
(0.969687 0.0285126 0)
(1.05127 0.0172889 0)
(1.02688 0.00500688 0)
(1.0418 0.000151875 0)
(1.03534 -0.000334291 0)
(1.03809 0.000120295 0)
(1.03702 0.000296793 0)
(1.03777 0.000363997 0)
(1.03774 0.000321059 0)
(1.03802 0.000280173 0)
(1.03812 0.000232442 0)
(1.03827 0.000195127 0)
(1.03836 0.000162368 0)
(1.03845 0.000136517 0)
(1.03852 0.000115294 0)
(1.03858 9.81839e-05 0)
(1.03863 8.43354e-05 0)
(1.03868 7.26144e-05 0)
(1.03872 6.29974e-05 0)
(1.03875 5.48242e-05 0)
(1.03878 4.75953e-05 0)
(1.03881 4.16307e-05 0)
(1.03883 3.61539e-05 0)
(1.03885 3.14924e-05 0)
(1.03886 2.75044e-05 0)
(1.03888 2.38002e-05 0)
(1.03889 2.08238e-05 0)
(1.0389 1.79977e-05 0)
(1.03891 1.55886e-05 0)
(1.03892 1.35818e-05 0)
(1.03892 1.15733e-05 0)
(1.03893 1.00588e-05 0)
(1.03894 8.54242e-06 0)
(1.03894 7.211e-06 0)
(1.03894 6.18661e-06 0)
(1.03895 5.07544e-06 0)
(1.03895 4.35109e-06 0)
(1.03895 3.61597e-06 0)
(1.03895 2.99194e-06 0)
(1.03895 2.5971e-06 0)
(1.03896 2.09525e-06 0)
(1.03896 1.79809e-06 0)
(1.03896 1.51097e-06 0)
(1.03896 1.16729e-06 0)
(1.03896 1.02264e-06 0)
(1.03896 7.3782e-07 0)
(1.03896 6.03182e-07 0)
(1.03896 4.94575e-07 0)
(1.03896 3.47903e-07 0)
(1.03896 3.39985e-07 0)
(1.03896 2.50841e-07 0)
(1.03896 1.94824e-07 0)
(1.03896 1.93647e-07 0)
(1.03896 9.45455e-08 0)
(1.03896 9.9361e-08 0)
(1.03896 4.93185e-08 0)
(1.03896 1.96685e-08 0)
(1.03896 6.02976e-08 0)
(1.03896 2.51175e-08 0)
(1.03896 7.20157e-08 0)
(1.03896 1.00298e-07 0)
(1.03896 8.09531e-08 0)
(1.03896 1.25585e-07 0)
(1.03896 8.45009e-08 0)
(1.03896 8.84538e-08 0)
(1.03896 7.92505e-08 0)
(1.03896 2.35416e-08 0)
(1.03896 3.92701e-08 0)
(1.03896 1.35714e-08 0)
(1.03896 2.70725e-08 0)
(1.03896 7.44285e-08 0)
(1.03896 7.3667e-08 0)
(1.03896 1.42293e-07 0)
(1.03896 1.49695e-07 0)
(1.03896 1.7417e-07 0)
(1.03896 1.9465e-07 0)
(1.03896 1.61359e-07 0)
(1.03896 1.7401e-07 0)
(1.03896 1.54974e-07 0)
(1.03896 1.5952e-07 0)
(1.03896 2.07125e-07 0)
(1.03896 2.41561e-07 0)
(1.03896 3.71271e-07 0)
(1.03896 5.15067e-07 0)
(1.03896 7.41825e-07 0)
(1.03896 1.07783e-06 0)
(1.03896 1.50986e-06 0)
(1.03896 2.17668e-06 0)
(1.03897 3.07754e-06 0)
(1.03897 4.38338e-06 0)
(1.03897 6.33659e-06 0)
(1.03897 9.17442e-06 0)
(1.03898 1.41156e-05 0)
(1.03899 2.15832e-05 0)
(1.039 3.84037e-05 0)
(1.03903 6.57082e-05 0)
(1.03905 0.000172419 0)
(1.03925 0.000429201 0)
(1.03949 0.00147673 0)
(1.04131 0.00289416 0)
(0.969154 0.0230072 0)
(1.05043 0.0143077 0)
(1.02671 0.00420246 0)
(1.04165 0.000120355 0)
(1.03517 -0.000283785 0)
(1.03791 9.59802e-05 0)
(1.03684 0.000248976 0)
(1.03761 0.000305552 0)
(1.0376 0.000270176 0)
(1.0379 0.000235861 0)
(1.03802 0.000195876 0)
(1.03818 0.000164511 0)
(1.03828 0.000136947 0)
(1.03838 0.000115173 0)
(1.03846 9.73123e-05 0)
(1.03853 8.28834e-05 0)
(1.03859 7.12427e-05 0)
(1.03864 6.13378e-05 0)
(1.03868 5.32338e-05 0)
(1.03872 4.63642e-05 0)
(1.03875 4.02488e-05 0)
(1.03878 3.52435e-05 0)
(1.03881 3.06144e-05 0)
(1.03883 2.6673e-05 0)
(1.03885 2.33222e-05 0)
(1.03886 2.01806e-05 0)
(1.03888 1.76923e-05 0)
(1.03889 1.53014e-05 0)
(1.0389 1.32609e-05 0)
(1.03891 1.15745e-05 0)
(1.03892 9.85759e-06 0)
(1.03893 8.58132e-06 0)
(1.03893 7.301e-06 0)
(1.03894 6.16124e-06 0)
(1.03894 5.3049e-06 0)
(1.03894 4.34379e-06 0)
(1.03895 3.72986e-06 0)
(1.03895 3.10556e-06 0)
(1.03895 2.56692e-06 0)
(1.03895 2.23379e-06 0)
(1.03895 1.80132e-06 0)
(1.03896 1.53355e-06 0)
(1.03896 1.30015e-06 0)
(1.03896 9.8783e-07 0)
(1.03896 8.73451e-07 0)
(1.03896 6.24072e-07 0)
(1.03896 5.00293e-07 0)
(1.03896 4.15251e-07 0)
(1.03896 2.81766e-07 0)
(1.03896 2.80144e-07 0)
(1.03896 2.13053e-07 0)
(1.03896 1.53383e-07 0)
(1.03896 1.70267e-07 0)
(1.03896 7.42423e-08 0)
(1.03896 8.60253e-08 0)
(1.03896 4.4288e-08 0)
(1.03896 1.191e-08 0)
(1.03896 5.72414e-08 0)
(1.03896 1.9479e-08 0)
(1.03896 5.91763e-08 0)
(1.03896 9.12262e-08 0)
(1.03896 6.54642e-08 0)
(1.03896 1.17347e-07 0)
(1.03896 7.33908e-08 0)
(1.03896 8.21944e-08 0)
(1.03896 7.85991e-08 0)
(1.03896 2.89692e-08 0)
(1.03896 4.82203e-08 0)
(1.03896 2.28218e-08 0)
(1.03896 3.33655e-08 0)
(1.03896 8.00034e-08 0)
(1.03896 7.23559e-08 0)
(1.03896 1.39687e-07 0)
(1.03896 1.39693e-07 0)
(1.03896 1.64806e-07 0)
(1.03896 1.82804e-07 0)
(1.03896 1.52538e-07 0)
(1.03896 1.64859e-07 0)
(1.03896 1.45183e-07 0)
(1.03896 1.46587e-07 0)
(1.03896 1.86826e-07 0)
(1.03896 2.06764e-07 0)
(1.03896 3.15248e-07 0)
(1.03896 4.27374e-07 0)
(1.03896 6.16596e-07 0)
(1.03896 8.95957e-07 0)
(1.03896 1.25624e-06 0)
(1.03896 1.82191e-06 0)
(1.03897 2.58348e-06 0)
(1.03897 3.69582e-06 0)
(1.03897 5.36355e-06 0)
(1.03898 7.80268e-06 0)
(1.03898 1.2089e-05 0)
(1.03899 1.86168e-05 0)
(1.03901 3.33424e-05 0)
(1.03904 5.71204e-05 0)
(1.03907 0.000148809 0)
(1.03931 0.000366941 0)
(1.03959 0.00125569 0)
(1.04168 0.0024536 0)
(0.968749 0.0176984 0)
(1.04977 0.0112261 0)
(1.02657 0.00333403 0)
(1.04153 9.11533e-05 0)
(1.03503 -0.000227366 0)
(1.03776 7.2943e-05 0)
(1.0367 0.000197449 0)
(1.03749 0.000242442 0)
(1.03749 0.000214803 0)
(1.03781 0.000187602 0)
(1.03794 0.000155935 0)
(1.03811 0.00013103 0)
(1.03822 0.000109103 0)
(1.03833 9.17691e-05 0)
(1.03842 7.7567e-05 0)
(1.03849 6.60593e-05 0)
(1.03855 5.68233e-05 0)
(1.03861 4.89009e-05 0)
(1.03866 4.24476e-05 0)
(1.0387 3.70001e-05 0)
(1.03873 3.21033e-05 0)
(1.03876 2.81484e-05 0)
(1.03879 2.4449e-05 0)
(1.03881 2.13005e-05 0)
(1.03884 1.86478e-05 0)
(1.03885 1.61242e-05 0)
(1.03887 1.41737e-05 0)
(1.03888 1.22652e-05 0)
(1.03889 1.06361e-05 0)
(1.0389 9.30707e-06 0)
(1.03891 7.91547e-06 0)
(1.03892 6.90596e-06 0)
(1.03893 5.88683e-06 0)
(1.03893 4.96449e-06 0)
(1.03894 4.29723e-06 0)
(1.03894 3.50694e-06 0)
(1.03894 3.01815e-06 0)
(1.03895 2.51706e-06 0)
(1.03895 2.07577e-06 0)
(1.03895 1.81419e-06 0)
(1.03895 1.46027e-06 0)
(1.03896 1.229e-06 0)
(1.03896 1.05365e-06 0)
(1.03896 7.80043e-07 0)
(1.03896 6.99975e-07 0)
(1.03896 4.92889e-07 0)
(1.03896 3.83535e-07 0)
(1.03896 3.24426e-07 0)
(1.03896 2.05957e-07 0)
(1.03896 2.11073e-07 0)
(1.03896 1.67578e-07 0)
(1.03896 1.06239e-07 0)
(1.03896 1.41574e-07 0)
(1.03896 5.10369e-08 0)
(1.03896 6.97457e-08 0)
(1.03896 3.82515e-08 0)
(1.03896 2.80519e-09 0)
(1.03896 5.30499e-08 0)
(1.03896 1.32011e-08 0)
(1.03896 4.49682e-08 0)
(1.03896 7.99415e-08 0)
(1.03896 4.78932e-08 0)
(1.03896 1.07216e-07 0)
(1.03896 6.17869e-08 0)
(1.03896 7.44363e-08 0)
(1.03896 7.69341e-08 0)
(1.03896 3.36374e-08 0)
(1.03896 5.79822e-08 0)
(1.03896 3.34442e-08 0)
(1.03896 4.07659e-08 0)
(1.03896 8.57371e-08 0)
(1.03896 7.05076e-08 0)
(1.03896 1.35563e-07 0)
(1.03896 1.27912e-07 0)
(1.03896 1.52385e-07 0)
(1.03896 1.68031e-07 0)
(1.03896 1.40662e-07 0)
(1.03896 1.53516e-07 0)
(1.03896 1.3293e-07 0)
(1.03896 1.31128e-07 0)
(1.03896 1.63287e-07 0)
(1.03896 1.68e-07 0)
(1.03896 2.53269e-07 0)
(1.03896 3.30558e-07 0)
(1.03896 4.77822e-07 0)
(1.03896 6.95165e-07 0)
(1.03896 9.75604e-07 0)
(1.03896 1.42902e-06 0)
(1.03897 2.03472e-06 0)
(1.03897 2.92978e-06 0)
(1.03897 4.272e-06 0)
(1.03898 6.24447e-06 0)
(1.03898 9.7377e-06 0)
(1.039 1.50857e-05 0)
(1.03901 2.71604e-05 0)
(1.03906 4.65761e-05 0)
(1.03909 0.00012066 0)
(1.03936 0.000295378 0)
(1.03967 0.00100637 0)
(1.04198 0.00196177 0)
(0.968458 0.0125382 0)
(1.04929 0.00806984 0)
(1.02647 0.0024163 0)
(1.04144 6.37579e-05 0)
(1.03493 -0.000166077 0)
(1.03765 5.11333e-05 0)
(1.03659 0.000143114 0)
(1.03739 0.000175748 0)
(1.03741 0.000155952 0)
(1.03774 0.000136283 0)
(1.03788 0.000113372 0)
(1.03805 9.53179e-05 0)
(1.03818 7.93687e-05 0)
(1.03829 6.67572e-05 0)
(1.03838 5.64433e-05 0)
(1.03846 4.80432e-05 0)
(1.03853 4.13642e-05 0)
(1.03858 3.55541e-05 0)
(1.03863 3.08588e-05 0)
(1.03868 2.69246e-05 0)
(1.03872 2.33273e-05 0)
(1.03875 2.04936e-05 0)
(1.03878 1.77875e-05 0)
(1.0388 1.54898e-05 0)
(1.03883 1.35836e-05 0)
(1.03885 1.17212e-05 0)
(1.03886 1.03469e-05 0)
(1.03888 8.95717e-06 0)
(1.03889 7.77373e-06 0)
(1.0389 6.83234e-06 0)
(1.03891 5.79355e-06 0)
(1.03892 5.07404e-06 0)
(1.03892 4.33489e-06 0)
(1.03893 3.65012e-06 0)
(1.03894 3.18818e-06 0)
(1.03894 2.58585e-06 0)
(1.03894 2.23444e-06 0)
(1.03895 1.86574e-06 0)
(1.03895 1.53071e-06 0)
(1.03895 1.34821e-06 0)
(1.03895 1.08032e-06 0)
(1.03895 8.92424e-07 0)
(1.03896 7.78314e-07 0)
(1.03896 5.49769e-07 0)
(1.03896 5.0666e-07 0)
(1.03896 3.47337e-07 0)
(1.03896 2.55438e-07 0)
(1.03896 2.24039e-07 0)
(1.03896 1.22161e-07 0)
(1.03896 1.34001e-07 0)
(1.03896 1.1502e-07 0)
(1.03896 5.38966e-08 0)
(1.03896 1.0766e-07 0)
(1.03896 2.48134e-08 0)
(1.03896 5.01452e-08 0)
(1.03896 3.07319e-08 0)
(1.03896 -8.02847e-09 0)
(1.03896 4.73467e-08 0)
(1.03896 6.36079e-09 0)
(1.03896 3.02868e-08 0)
(1.03896 6.76519e-08 0)
(1.03896 2.94817e-08 0)
(1.03896 9.61378e-08 0)
(1.03896 5.08191e-08 0)
(1.03896 6.63767e-08 0)
(1.03896 7.51448e-08 0)
(1.03896 3.76707e-08 0)
(1.03896 6.82023e-08 0)
(1.03896 4.49634e-08 0)
(1.03896 4.90726e-08 0)
(1.03896 9.14002e-08 0)
(1.03896 6.80393e-08 0)
(1.03896 1.30015e-07 0)
(1.03896 1.14873e-07 0)
(1.03896 1.37661e-07 0)
(1.03896 1.5117e-07 0)
(1.03896 1.26323e-07 0)
(1.03896 1.40439e-07 0)
(1.03896 1.18444e-07 0)
(1.03896 1.13087e-07 0)
(1.03896 1.36275e-07 0)
(1.03896 1.25232e-07 0)
(1.03896 1.86177e-07 0)
(1.03896 2.26639e-07 0)
(1.03896 3.2868e-07 0)
(1.03896 4.80063e-07 0)
(1.03896 6.74217e-07 0)
(1.03897 1.00648e-06 0)
(1.03897 1.44259e-06 0)
(1.03897 2.10102e-06 0)
(1.03897 3.08544e-06 0)
(1.03898 4.53597e-06 0)
(1.03899 7.12287e-06 0)
(1.039 1.10934e-05 0)
(1.03902 2.00627e-05 0)
(1.03907 3.44388e-05 0)
(1.0391 8.8857e-05 0)
(1.0394 0.000216395 0)
(1.03973 0.00073483 0)
(1.04221 0.00142992 0)
(0.96827 0.00748187 0)
(1.04897 0.00486193 0)
(1.0264 0.00146358 0)
(1.04138 3.76436e-05 0)
(1.03486 -0.000101163 0)
(1.03758 3.0327e-05 0)
(1.03652 8.68184e-05 0)
(1.03733 0.000106518 0)
(1.03735 9.46246e-05 0)
(1.03769 8.27821e-05 0)
(1.03784 6.89355e-05 0)
(1.03802 5.80106e-05 0)
(1.03814 4.82812e-05 0)
(1.03826 4.05938e-05 0)
(1.03836 3.43319e-05 0)
(1.03844 2.91725e-05 0)
(1.03851 2.51586e-05 0)
(1.03857 2.15538e-05 0)
(1.03862 1.86934e-05 0)
(1.03867 1.63373e-05 0)
(1.03871 1.40966e-05 0)
(1.03874 1.2434e-05 0)
(1.03877 1.07657e-05 0)
(1.0388 9.36127e-06 0)
(1.03882 8.23702e-06 0)
(1.03884 7.06709e-06 0)
(1.03886 6.29595e-06 0)
(1.03887 5.45018e-06 0)
(1.03889 4.73754e-06 0)
(1.0389 4.2064e-06 0)
(1.03891 3.54131e-06 0)
(1.03892 3.12966e-06 0)
(1.03892 2.68303e-06 0)
(1.03893 2.25022e-06 0)
(1.03893 2.00473e-06 0)
(1.03894 1.60337e-06 0)
(1.03894 1.39906e-06 0)
(1.03895 1.16891e-06 0)
(1.03895 9.46006e-07 0)
(1.03895 8.47444e-07 0)
(1.03895 6.71007e-07 0)
(1.03895 5.32819e-07 0)
(1.03896 4.82089e-07 0)
(1.03896 3.03803e-07 0)
(1.03896 2.98864e-07 0)
(1.03896 1.91208e-07 0)
(1.03896 1.19157e-07 0)
(1.03896 1.16716e-07 0)
(1.03896 3.28196e-08 0)
(1.03896 5.10569e-08 0)
(1.03896 5.67412e-08 0)
(1.03896 -2.3435e-09 0)
(1.03896 6.91707e-08 0)
(1.03896 -4.15368e-09 0)
(1.03896 2.71314e-08 0)
(1.03896 2.13881e-08 0)
(1.03896 -2.0879e-08 0)
(1.03896 3.97182e-08 0)
(1.03896 -1.15126e-09 0)
(1.03896 1.57367e-08 0)
(1.03896 5.53843e-08 0)
(1.03896 1.13005e-08 0)
(1.03896 8.48485e-08 0)
(1.03896 4.12582e-08 0)
(1.03896 5.89936e-08 0)
(1.03896 7.40632e-08 0)
(1.03896 4.1296e-08 0)
(1.03896 7.8485e-08 0)
(1.03896 5.67905e-08 0)
(1.03896 5.78972e-08 0)
(1.03896 9.68406e-08 0)
(1.03896 6.50111e-08 0)
(1.03896 1.23307e-07 0)
(1.03896 1.01214e-07 0)
(1.03896 1.21561e-07 0)
(1.03896 1.33231e-07 0)
(1.03896 1.10271e-07 0)
(1.03896 1.26183e-07 0)
(1.03896 1.02137e-07 0)
(1.03896 9.26909e-08 0)
(1.03896 1.05902e-07 0)
(1.03896 7.86881e-08 0)
(1.03896 1.14899e-07 0)
(1.03896 1.17624e-07 0)
(1.03896 1.72306e-07 0)
(1.03896 2.55235e-07 0)
(1.03896 3.5848e-07 0)
(1.03897 5.63185e-07 0)
(1.03897 8.19278e-07 0)
(1.03897 1.2266e-06 0)
(1.03897 1.82941e-06 0)
(1.03898 2.71723e-06 0)
(1.03899 4.31393e-06 0)
(1.039 6.75997e-06 0)
(1.03902 1.22873e-05 0)
(1.03907 2.11253e-05 0)
(1.03911 5.43794e-05 0)
(1.03943 0.000132014 0)
(1.03977 0.000447306 0)
(1.04236 0.000869425 0)
(0.968177 0.00248697 0)
(1.04881 0.00162372 0)
(1.02637 0.000489973 0)
(1.04135 1.22932e-05 0)
(1.03483 -3.40133e-05 0)
(1.03754 1.01734e-05 0)
(1.03648 2.93639e-05 0)
(1.0373 3.57751e-05 0)
(1.03732 3.18134e-05 0)
(1.03766 2.79708e-05 0)
(1.03781 2.33721e-05 0)
(1.038 1.97441e-05 0)
(1.03813 1.63798e-05 0)
(1.03825 1.37383e-05 0)
(1.03834 1.16269e-05 0)
(1.03843 9.7885e-06 0)
(1.0385 8.50351e-06 0)
(1.03856 7.16045e-06 0)
(1.03861 6.182e-06 0)
(1.03866 5.44236e-06 0)
(1.0387 4.59203e-06 0)
(1.03873 4.12942e-06 0)
(1.03877 3.52464e-06 0)
(1.03879 3.03972e-06 0)
(1.03882 2.71951e-06 0)
(1.03884 2.26119e-06 0)
(1.03885 2.10867e-06 0)
(1.03887 1.82075e-06 0)
(1.03888 1.59408e-06 0)
(1.0389 1.48762e-06 0)
(1.03891 1.20993e-06 0)
(1.03891 1.11844e-06 0)
(1.03892 9.70956e-07 0)
(1.03893 7.98701e-07 0)
(1.03893 7.7553e-07 0)
(1.03894 5.83527e-07 0)
(1.03894 5.33221e-07 0)
(1.03895 4.44985e-07 0)
(1.03895 3.37234e-07 0)
(1.03895 3.2478e-07 0)
(1.03895 2.42814e-07 0)
(1.03895 1.59776e-07 0)
(1.03896 1.73427e-07 0)
(1.03896 4.93467e-08 0)
(1.03896 8.24118e-08 0)
(1.03896 2.86784e-08 0)
(1.03896 -2.18164e-08 0)
(1.03896 5.458e-09 0)
(1.03896 -5.91401e-08 0)
(1.03896 -3.50405e-08 0)
(1.03896 -5.25289e-09 0)
(1.03896 -6.0796e-08 0)
(1.03896 2.72512e-08 0)
(1.03896 -3.51844e-08 0)
(1.03896 9.3099e-10 0)
(1.03896 1.00234e-08 0)
(1.03896 -3.59478e-08 0)
(1.03896 2.97173e-08 0)
(1.03896 -9.74385e-09 0)
(1.03896 1.40998e-09 0)
(1.03896 4.36303e-08 0)
(1.03896 -6.02069e-09 0)
(1.03896 7.36307e-08 0)
(1.03896 3.33251e-08 0)
(1.03896 5.27342e-08 0)
(1.03896 7.41701e-08 0)
(1.03896 4.45694e-08 0)
(1.03896 8.82664e-08 0)
(1.03896 6.80917e-08 0)
(1.03896 6.65608e-08 0)
(1.03896 1.01739e-07 0)
(1.03896 6.14239e-08 0)
(1.03896 1.15635e-07 0)
(1.03896 8.74535e-08 0)
(1.03896 1.04891e-07 0)
(1.03896 1.15116e-07 0)
(1.03896 9.31528e-08 0)
(1.03896 1.11153e-07 0)
(1.03896 8.43589e-08 0)
(1.03896 7.02514e-08 0)
(1.03896 7.25136e-08 0)
(1.03896 2.87772e-08 0)
(1.03896 4.03359e-08 0)
(1.03896 5.29067e-09 0)
(1.03896 1.15274e-08 0)
(1.03896 2.49404e-08 0)
(1.03896 3.46113e-08 0)
(1.03897 1.08166e-07 0)
(1.03897 1.77595e-07 0)
(1.03897 3.24591e-07 0)
(1.03897 5.31101e-07 0)
(1.03898 8.31138e-07 0)
(1.03899 1.38624e-06 0)
(1.039 2.21706e-06 0)
(1.03902 4.09587e-06 0)
(1.03908 7.09107e-06 0)
(1.03912 1.82715e-05 0)
(1.03944 4.43546e-05 0)
(1.03979 0.000150148 0)
(1.04244 0.000291709 0)
(0.968177 -0.00248759 0)
(1.04881 -0.00162447 0)
(1.02637 -0.000490582 0)
(1.04135 -1.28007e-05 0)
(1.03483 3.3892e-05 0)
(1.03754 -9.7552e-06 0)
(1.03648 -2.84755e-05 0)
(1.0373 -3.54726e-05 0)
(1.03732 -3.14956e-05 0)
(1.03766 -2.72816e-05 0)
(1.03781 -2.25718e-05 0)
(1.038 -1.88459e-05 0)
(1.03813 -1.57953e-05 0)
(1.03825 -1.33486e-05 0)
(1.03834 -1.1276e-05 0)
(1.03843 -9.76554e-06 0)
(1.0385 -8.30134e-06 0)
(1.03856 -7.36306e-06 0)
(1.03861 -6.44244e-06 0)
(1.03866 -5.55285e-06 0)
(1.0387 -5.00244e-06 0)
(1.03873 -4.25688e-06 0)
(1.03877 -3.79147e-06 0)
(1.03879 -3.34716e-06 0)
(1.03882 -2.85504e-06 0)
(1.03884 -2.59504e-06 0)
(1.03885 -2.12496e-06 0)
(1.03887 -1.85225e-06 0)
(1.03888 -1.58799e-06 0)
(1.0389 -1.26412e-06 0)
(1.03891 -1.14845e-06 0)
(1.03891 -9.13316e-07 0)
(1.03892 -7.60566e-07 0)
(1.03893 -6.69256e-07 0)
(1.03893 -4.69542e-07 0)
(1.03894 -4.48947e-07 0)
(1.03894 -3.4163e-07 0)
(1.03895 -2.87204e-07 0)
(1.03895 -2.79309e-07 0)
(1.03895 -2.05952e-07 0)
(1.03895 -1.9301e-07 0)
(1.03895 -2.16806e-07 0)
(1.03896 -1.39019e-07 0)
(1.03896 -2.06321e-07 0)
(1.03896 -1.36651e-07 0)
(1.03896 -1.35824e-07 0)
(1.03896 -1.63785e-07 0)
(1.03896 -1.06523e-07 0)
(1.03896 -1.5055e-07 0)
(1.03896 -1.2115e-07 0)
(1.03896 -6.84725e-08 0)
(1.03896 -1.19473e-07 0)
(1.03896 -1.644e-08 0)
(1.03896 -6.7134e-08 0)
(1.03896 -2.77791e-08 0)
(1.03896 -3.23149e-09 0)
(1.03896 -5.30989e-08 0)
(1.03896 1.70884e-08 0)
(1.03896 -1.98789e-08 0)
(1.03896 -1.29634e-08 0)
(1.03896 3.24216e-08 0)
(1.03896 -2.22392e-08 0)
(1.03896 6.24528e-08 0)
(1.03896 2.68084e-08 0)
(1.03896 4.75974e-08 0)
(1.03896 7.55939e-08 0)
(1.03896 4.74443e-08 0)
(1.03896 9.69463e-08 0)
(1.03896 7.79471e-08 0)
(1.03896 7.42001e-08 0)
(1.03896 1.05613e-07 0)
(1.03896 5.71863e-08 0)
(1.03896 1.0711e-07 0)
(1.03896 7.39607e-08 0)
(1.03896 8.83064e-08 0)
(1.03896 9.75876e-08 0)
(1.03896 7.55534e-08 0)
(1.03896 9.56647e-08 0)
(1.03896 6.54577e-08 0)
(1.03896 4.62132e-08 0)
(1.03896 3.67584e-08 0)
(1.03896 -2.37649e-08 0)
(1.03896 -3.6481e-08 0)
(1.03896 -1.08647e-07 0)
(1.03896 -1.50988e-07 0)
(1.03896 -2.06745e-07 0)
(1.03896 -2.91252e-07 0)
(1.03897 -3.49409e-07 0)
(1.03897 -4.69087e-07 0)
(1.03897 -5.85987e-07 0)
(1.03897 -7.80977e-07 0)
(1.03898 -1.07735e-06 0)
(1.03899 -1.58096e-06 0)
(1.039 -2.39637e-06 0)
(1.03902 -4.23552e-06 0)
(1.03908 -7.18538e-06 0)
(1.03912 -1.83833e-05 0)
(1.03944 -4.44032e-05 0)
(1.03979 -0.000150227 0)
(1.04244 -0.00029175 0)
(0.96827 -0.00748248 0)
(1.04897 -0.00486267 0)
(1.0264 -0.00146418 0)
(1.04138 -3.81414e-05 0)
(1.03486 0.000101042 0)
(1.03758 -2.99121e-05 0)
(1.03652 -8.5935e-05 0)
(1.03733 -0.000106221 0)
(1.03735 -9.43172e-05 0)
(1.03769 -8.21069e-05 0)
(1.03784 -6.81504e-05 0)
(1.03802 -5.71236e-05 0)
(1.03814 -4.77037e-05 0)
(1.03826 -4.02056e-05 0)
(1.03836 -3.39807e-05 0)
(1.03844 -2.9146e-05 0)
(1.03851 -2.49555e-05 0)
(1.03857 -2.17527e-05 0)
(1.03862 -1.89461e-05 0)
(1.03867 -1.64403e-05 0)
(1.03871 -1.45016e-05 0)
(1.03874 -1.25603e-05 0)
(1.03877 -1.10366e-05 0)
(1.0388 -9.67019e-06 0)
(1.03882 -8.37174e-06 0)
(1.03884 -7.39939e-06 0)
(1.03886 -6.31408e-06 0)
(1.03887 -5.48872e-06 0)
(1.03889 -4.73881e-06 0)
(1.0389 -3.98814e-06 0)
(1.03891 -3.48133e-06 0)
(1.03892 -2.91934e-06 0)
(1.03892 -2.47055e-06 0)
(1.03893 -2.118e-06 0)
(1.03893 -1.70001e-06 0)
(1.03894 -1.46902e-06 0)
(1.03894 -1.20432e-06 0)
(1.03895 -1.00915e-06 0)
(1.03895 -8.87308e-07 0)
(1.03895 -7.30515e-07 0)
(1.03895 -6.24771e-07 0)
(1.03895 -5.86969e-07 0)
(1.03896 -4.46652e-07 0)
(1.03896 -4.56041e-07 0)
(1.03896 -3.52231e-07 0)
(1.03896 -2.97739e-07 0)
(1.03896 -3.02978e-07 0)
(1.03896 -2.16029e-07 0)
(1.03896 -2.38314e-07 0)
(1.03896 -2.0407e-07 0)
(1.03896 -1.30237e-07 0)
(1.03896 -1.76017e-07 0)
(1.03896 -6.00325e-08 0)
(1.03896 -9.85275e-08 0)
(1.03896 -5.78054e-08 0)
(1.03896 -1.78616e-08 0)
(1.03896 -7.18349e-08 0)
(1.03896 2.09045e-09 0)
(1.03896 -3.17443e-08 0)
(1.03896 -2.76966e-08 0)
(1.03896 2.15526e-08 0)
(1.03896 -3.73077e-08 0)
(1.03896 5.11784e-08 0)
(1.03896 2.13535e-08 0)
(1.03896 4.32955e-08 0)
(1.03896 7.81979e-08 0)
(1.03896 4.98544e-08 0)
(1.03896 1.04041e-07 0)
(1.03896 8.55504e-08 0)
(1.03896 7.99295e-08 0)
(1.03896 1.07882e-07 0)
(1.03896 5.21265e-08 0)
(1.03896 9.77485e-08 0)
(1.03896 6.09398e-08 0)
(1.03896 7.22739e-08 0)
(1.03896 8.12531e-08 0)
(1.03896 5.80421e-08 0)
(1.03896 8.00462e-08 0)
(1.03896 4.58612e-08 0)
(1.03896 2.12055e-08 0)
(1.03896 -3.83352e-10 0)
(1.03896 -7.77905e-08 0)
(1.03896 -1.14218e-07 0)
(1.03896 -2.22316e-07 0)
(1.03896 -3.12468e-07 0)
(1.03896 -4.35685e-07 0)
(1.03896 -6.12913e-07 0)
(1.03897 -8.00284e-07 0)
(1.03897 -1.10709e-06 0)
(1.03897 -1.48556e-06 0)
(1.03897 -2.07754e-06 0)
(1.03898 -2.96233e-06 0)
(1.03899 -4.50701e-06 0)
(1.039 -6.93877e-06 0)
(1.03902 -1.24259e-05 0)
(1.03907 -2.12179e-05 0)
(1.03911 -5.44889e-05 0)
(1.03943 -0.000132061 0)
(1.03977 -0.000447384 0)
(1.04236 -0.000869465 0)
(0.968458 -0.0125388 0)
(1.04929 -0.00807056 0)
(1.02647 -0.00241689 0)
(1.04144 -6.42375e-05 0)
(1.03493 0.000165957 0)
(1.03765 -5.07249e-05 0)
(1.03659 -0.00014224 0)
(1.03739 -0.000175462 0)
(1.03741 -0.000155663 0)
(1.03774 -0.000135635 0)
(1.03788 -0.000112616 0)
(1.03805 -9.44527e-05 0)
(1.03818 -7.88052e-05 0)
(1.03829 -6.63724e-05 0)
(1.03838 -5.60925e-05 0)
(1.03846 -4.80105e-05 0)
(1.03853 -4.11594e-05 0)
(1.03858 -3.57454e-05 0)
(1.03863 -3.10963e-05 0)
(1.03868 -2.70134e-05 0)
(1.03872 -2.37216e-05 0)
(1.03875 -2.06169e-05 0)
(1.03878 -1.80652e-05 0)
(1.0388 -1.58005e-05 0)
(1.03883 -1.37164e-05 0)
(1.03885 -1.20504e-05 0)
(1.03886 -1.03684e-05 0)
(1.03888 -9.00867e-06 0)
(1.03889 -7.78836e-06 0)
(1.0389 -6.62378e-06 0)
(1.03891 -5.73653e-06 0)
(1.03892 -4.85415e-06 0)
(1.03892 -4.11875e-06 0)
(1.03893 -3.51234e-06 0)
(1.03894 -2.88558e-06 0)
(1.03894 -2.45186e-06 0)
(1.03894 -2.03435e-06 0)
(1.03895 -1.70318e-06 0)
(1.03895 -1.47106e-06 0)
(1.03895 -1.23487e-06 0)
(1.03895 -1.04075e-06 0)
(1.03895 -9.40984e-07 0)
(1.03896 -7.41173e-07 0)
(1.03896 -6.92952e-07 0)
(1.03896 -5.58338e-07 0)
(1.03896 -4.52485e-07 0)
(1.03896 -4.35663e-07 0)
(1.03896 -3.20061e-07 0)
(1.03896 -3.19714e-07 0)
(1.03896 -2.80926e-07 0)
(1.03896 -1.88052e-07 0)
(1.03896 -2.28298e-07 0)
(1.03896 -1.01673e-07 0)
(1.03896 -1.27845e-07 0)
(1.03896 -8.80685e-08 0)
(1.03896 -3.30229e-08 0)
(1.03896 -9.12035e-08 0)
(1.03896 -1.44627e-08 0)
(1.03896 -4.49772e-08 0)
(1.03896 -4.28346e-08 0)
(1.03896 1.08603e-08 0)
(1.03896 -5.11712e-08 0)
(1.03896 3.97568e-08 0)
(1.03896 1.65842e-08 0)
(1.03896 3.94216e-08 0)
(1.03896 8.16626e-08 0)
(1.03896 5.17742e-08 0)
(1.03896 1.09298e-07 0)
(1.03896 9.03897e-08 0)
(1.03896 8.30281e-08 0)
(1.03896 1.07981e-07 0)
(1.03896 4.60318e-08 0)
(1.03896 8.74894e-08 0)
(1.03896 4.84157e-08 0)
(1.03896 5.70273e-08 0)
(1.03896 6.65112e-08 0)
(1.03896 4.11721e-08 0)
(1.03896 6.47103e-08 0)
(1.03896 2.61322e-08 0)
(1.03896 -3.94538e-09 0)
(1.03896 -3.76492e-08 0)
(1.03896 -1.31749e-07 0)
(1.03896 -1.91155e-07 0)
(1.03896 -3.33509e-07 0)
(1.03896 -4.69816e-07 0)
(1.03896 -6.57498e-07 0)
(1.03896 -9.24055e-07 0)
(1.03897 -1.23529e-06 0)
(1.03897 -1.72286e-06 0)
(1.03897 -2.35461e-06 0)
(1.03897 -3.32935e-06 0)
(1.03898 -4.77815e-06 0)
(1.03899 -7.31225e-06 0)
(1.039 -1.12709e-05 0)
(1.03902 -2.01993e-05 0)
(1.03907 -3.45281e-05 0)
(1.0391 -8.8962e-05 0)
(1.0394 -0.000216438 0)
(1.03973 -0.000734905 0)
(1.04221 -0.00142996 0)
(0.968749 -0.017699 0)
(1.04977 -0.0112268 0)
(1.02657 -0.0033346 0)
(1.04153 -9.16089e-05 0)
(1.03503 0.000227243 0)
(1.03776 -7.25445e-05 0)
(1.0367 -0.000196589 0)
(1.03749 -0.00024217 0)
(1.03749 -0.000214539 0)
(1.03781 -0.00018699 0)
(1.03794 -0.000155221 0)
(1.03811 -0.000130197 0)
(1.03822 -0.000108561 0)
(1.03833 -9.13904e-05 0)
(1.03842 -7.7219e-05 0)
(1.03849 -6.60196e-05 0)
(1.03855 -5.66163e-05 0)
(1.03861 -4.90806e-05 0)
(1.03866 -4.26636e-05 0)
(1.0387 -3.7069e-05 0)
(1.03873 -3.24819e-05 0)
(1.03876 -2.82659e-05 0)
(1.03879 -2.47339e-05 0)
(1.03882 -2.16114e-05 0)
(1.03884 -1.87771e-05 0)
(1.03885 -1.6449e-05 0)
(1.03887 -1.41998e-05 0)
(1.03888 -1.23336e-05 0)
(1.03889 -1.06676e-05 0)
(1.03891 -9.11118e-06 0)
(1.03891 -7.86285e-06 0)
(1.03892 -6.67378e-06 0)
(1.03893 -5.66658e-06 0)
(1.03893 -4.81856e-06 0)
(1.03894 -3.99699e-06 0)
(1.03894 -3.37338e-06 0)
(1.03895 -2.81208e-06 0)
(1.03895 -2.35268e-06 0)
(1.03895 -2.01587e-06 0)
(1.03895 -1.70566e-06 0)
(1.03895 -1.42961e-06 0)
(1.03896 -1.2696e-06 0)
(1.03896 -1.01479e-06 0)
(1.03896 -9.1065e-07 0)
(1.03896 -7.49232e-07 0)
(1.03896 -5.95563e-07 0)
(1.03896 -5.58227e-07 0)
(1.03896 -4.15919e-07 0)
(1.03896 -3.92598e-07 0)
(1.03896 -3.49455e-07 0)
(1.03896 -2.39938e-07 0)
(1.03896 -2.74686e-07 0)
(1.03896 -1.39843e-07 0)
(1.03896 -1.53777e-07 0)
(1.03896 -1.17141e-07 0)
(1.03896 -4.76273e-08 0)
(1.03896 -1.0976e-07 0)
(1.03896 -3.12265e-08 0)
(1.03896 -5.86143e-08 0)
(1.03896 -5.79215e-08 0)
(1.03896 4.55313e-10 0)
(1.03896 -6.36118e-08 0)
(1.03896 2.83614e-08 0)
(1.03896 1.22324e-08 0)
(1.03896 3.56232e-08 0)
(1.03896 8.56104e-08 0)
(1.03896 5.327e-08 0)
(1.03896 1.12793e-07 0)
(1.03896 9.24002e-08 0)
(1.03896 8.31646e-08 0)
(1.03896 1.05555e-07 0)
(1.03896 3.87613e-08 0)
(1.03896 7.62582e-08 0)
(1.03896 3.62705e-08 0)
(1.03896 4.25649e-08 0)
(1.03896 5.35098e-08 0)
(1.03896 2.54115e-08 0)
(1.03896 5.01394e-08 0)
(1.03896 6.96992e-09 0)
(1.03896 -2.82585e-08 0)
(1.03896 -7.35995e-08 0)
(1.03896 -1.83794e-07 0)
(1.03896 -2.6521e-07 0)
(1.03896 -4.39632e-07 0)
(1.03896 -6.19549e-07 0)
(1.03896 -8.67517e-07 0)
(1.03896 -1.21831e-06 0)
(1.03897 -1.64561e-06 0)
(1.03897 -2.3035e-06 0)
(1.03897 -3.17436e-06 0)
(1.03897 -4.50818e-06 0)
(1.03898 -6.48086e-06 0)
(1.03898 -9.92059e-06 0)
(1.039 -1.52604e-05 0)
(1.03901 -2.72939e-05 0)
(1.03906 -4.66612e-05 0)
(1.03909 -0.000120759 0)
(1.03936 -0.000295416 0)
(1.03967 -0.00100644 0)
(1.04198 -0.00196181 0)
(0.969154 -0.0230077 0)
(1.05043 -0.0143084 0)
(1.02671 -0.00420301 0)
(1.04165 -0.000120783 0)
(1.03517 0.000283656 0)
(1.03791 -9.55949e-05 0)
(1.03684 -0.000248135 0)
(1.03761 -0.000305295 0)
(1.0376 -0.00026994 0)
(1.0379 -0.000235291 0)
(1.03802 -0.000195211 0)
(1.03818 -0.000163718 0)
(1.03829 -0.000136432 0)
(1.03838 -0.000114804 0)
(1.03846 -9.69717e-05 0)
(1.03853 -8.28383e-05 0)
(1.03859 -7.1034e-05 0)
(1.03864 -6.15026e-05 0)
(1.03868 -5.34235e-05 0)
(1.03872 -4.64095e-05 0)
(1.03875 -4.06072e-05 0)
(1.03878 -3.53513e-05 0)
(1.03881 -3.09037e-05 0)
(1.03883 -2.69802e-05 0)
(1.03885 -2.34457e-05 0)
(1.03886 -2.04997e-05 0)
(1.03888 -1.77236e-05 0)
(1.03889 -1.5388e-05 0)
(1.0389 -1.33098e-05 0)
(1.03891 -1.13924e-05 0)
(1.03892 -9.81082e-06 0)
(1.03893 -8.33633e-06 0)
(1.03893 -7.07788e-06 0)
(1.03894 -6.00531e-06 0)
(1.03894 -5.00687e-06 0)
(1.03894 -4.2107e-06 0)
(1.03895 -3.51892e-06 0)
(1.03895 -2.94219e-06 0)
(1.03895 -2.50823e-06 0)
(1.03895 -2.13056e-06 0)
(1.03895 -1.78072e-06 0)
(1.03896 -1.56426e-06 0)
(1.03896 -1.2604e-06 0)
(1.03896 -1.10334e-06 0)
(1.03896 -9.19613e-07 0)
(1.03896 -7.22725e-07 0)
(1.03896 -6.67259e-07 0)
(1.03896 -5.01224e-07 0)
(1.03896 -4.55412e-07 0)
(1.03896 -4.08121e-07 0)
(1.03896 -2.84576e-07 0)
(1.03896 -3.14182e-07 0)
(1.03896 -1.73613e-07 0)
(1.03896 -1.75395e-07 0)
(1.03896 -1.43413e-07 0)
(1.03896 -6.05053e-08 0)
(1.03896 -1.25915e-07 0)
(1.03896 -4.63945e-08 0)
(1.03896 -7.1151e-08 0)
(1.03896 -7.19427e-08 0)
(1.03896 -9.17499e-09 0)
(1.03896 -7.41559e-08 0)
(1.03896 1.74336e-08 0)
(1.03896 8.30885e-09 0)
(1.03896 3.17237e-08 0)
(1.03896 8.96966e-08 0)
(1.03896 5.45174e-08 0)
(1.03896 1.14906e-07 0)
(1.03896 9.20253e-08 0)
(1.03896 8.05422e-08 0)
(1.03896 1.00635e-07 0)
(1.03896 3.03887e-08 0)
(1.03896 6.40918e-08 0)
(1.03896 2.43198e-08 0)
(1.03896 2.86776e-08 0)
(1.03896 4.20928e-08 0)
(1.03896 1.10564e-08 0)
(1.03896 3.67824e-08 0)
(1.03896 -1.08599e-08 0)
(1.03896 -5.06956e-08 0)
(1.03896 -1.06769e-07 0)
(1.03896 -2.31994e-07 0)
(1.03896 -3.34104e-07 0)
(1.03896 -5.37843e-07 0)
(1.03896 -7.57928e-07 0)
(1.03896 -1.06095e-06 0)
(1.03896 -1.48942e-06 0)
(1.03896 -2.02298e-06 0)
(1.03897 -2.83711e-06 0)
(1.03897 -3.92741e-06 0)
(1.03897 -5.58765e-06 0)
(1.03898 -8.02951e-06 0)
(1.03898 -1.2262e-05 0)
(1.03899 -1.87869e-05 0)
(1.039 -3.34715e-05 0)
(1.03904 -5.72005e-05 0)
(1.03907 -0.000148902 0)
(1.03931 -0.000366973 0)
(1.03959 -0.00125576 0)
(1.04168 -0.00245363 0)
(0.969687 -0.0285131 0)
(1.05127 -0.0172895 0)
(1.02688 -0.00500741 0)
(1.0418 -0.000152276 0)
(1.03534 0.000334152 0)
(1.03809 -0.000119926 0)
(1.03702 -0.000295974 0)
(1.03777 -0.000363754 0)
(1.03774 -0.00032085 0)
(1.03802 -0.00027965 0)
(1.03812 -0.000231834 0)
(1.03827 -0.00019438 0)
(1.03836 -0.000161886 0)
(1.03845 -0.000136161 0)
(1.03852 -0.000114967 0)
(1.03858 -9.81377e-05 0)
(1.03864 -8.41273e-05 0)
(1.03868 -7.27626e-05 0)
(1.03872 -6.31587e-05 0)
(1.03875 -5.48446e-05 0)
(1.03878 -4.79297e-05 0)
(1.03881 -4.17239e-05 0)
(1.03883 -3.64424e-05 0)
(1.03885 -3.17899e-05 0)
(1.03886 -2.76198e-05 0)
(1.03888 -2.41126e-05 0)
(1.03889 -2.086e-05 0)
(1.0389 -1.8101e-05 0)
(1.03891 -1.56522e-05 0)
(1.03892 -1.34128e-05 0)
(1.03893 -1.15339e-05 0)
(1.03893 -9.80291e-06 0)
(1.03894 -8.31982e-06 0)
(1.03894 -7.04462e-06 0)
(1.03894 -5.89078e-06 0)
(1.03895 -4.94304e-06 0)
(1.03895 -4.13769e-06 0)
(1.03895 -3.45759e-06 0)
(1.03895 -2.93613e-06 0)
(1.03895 -2.49872e-06 0)
(1.03896 -2.08472e-06 0)
(1.03896 -1.81754e-06 0)
(1.03896 -1.47196e-06 0)
(1.03896 -1.26628e-06 0)
(1.03896 -1.06505e-06 0)
(1.03896 -8.30376e-07 0)
(1.03896 -7.59862e-07 0)
(1.03896 -5.74106e-07 0)
(1.03896 -5.07328e-07 0)
(1.03896 -4.56274e-07 0)
(1.03896 -3.21455e-07 0)
(1.03896 -3.46522e-07 0)
(1.03896 -2.02719e-07 0)
(1.03896 -1.9238e-07 0)
(1.03896 -1.66078e-07 0)
(1.03896 -7.08256e-08 0)
(1.03896 -1.38397e-07 0)
(1.03896 -5.83308e-08 0)
(1.03896 -8.10304e-08 0)
(1.03896 -8.37406e-08 0)
(1.03896 -1.73975e-08 0)
(1.03896 -8.23684e-08 0)
(1.03896 7.41485e-09 0)
(1.03896 4.93419e-09 0)
(1.03896 2.75863e-08 0)
(1.03896 9.34784e-08 0)
(1.03896 5.5547e-08 0)
(1.03896 1.16031e-07 0)
(1.03896 8.99081e-08 0)
(1.03896 7.57079e-08 0)
(1.03896 9.35076e-08 0)
(1.03896 2.10705e-08 0)
(1.03896 5.10345e-08 0)
(1.03896 1.22927e-08 0)
(1.03896 1.48938e-08 0)
(1.03896 3.17089e-08 0)
(1.03896 -2.01652e-09 0)
(1.03896 2.48087e-08 0)
(1.03896 -2.68719e-08 0)
(1.03896 -7.05451e-08 0)
(1.03896 -1.36095e-07 0)
(1.03896 -2.74783e-07 0)
(1.03896 -3.95844e-07 0)
(1.03896 -6.25539e-07 0)
(1.03896 -8.81488e-07 0)
(1.03896 -1.23337e-06 0)
(1.03896 -1.73172e-06 0)
(1.03896 -2.36011e-06 0)
(1.03897 -3.31331e-06 0)
(1.03897 -4.59834e-06 0)
(1.03897 -6.54418e-06 0)
(1.03897 -9.38761e-06 0)
(1.03898 -1.4275e-05 0)
(1.03899 -2.1746e-05 0)
(1.039 -3.85268e-05 0)
(1.03903 -6.57828e-05 0)
(1.03905 -0.000172504 0)
(1.03925 -0.000429226 0)
(1.03949 -0.0014768 0)
(1.04131 -0.00289419 0)
(0.97037 -0.0342676 0)
(1.0523 -0.0201409 0)
(1.0271 -0.00573263 0)
(1.04198 -0.000186552 0)
(1.03555 0.000377937 0)
(1.03831 -0.000145368 0)
(1.03724 -0.000339134 0)
(1.03796 -0.000416426 0)
(1.0379 -0.000366237 0)
(1.03816 -0.000319169 0)
(1.03824 -0.000264334 0)
(1.03837 -0.000221548 0)
(1.03845 -0.000184392 0)
(1.03853 -0.000155017 0)
(1.03859 -0.000130828 0)
(1.03864 -0.000111597 0)
(1.03869 -9.56195e-05 0)
(1.03873 -8.26211e-05 0)
(1.03876 -7.16612e-05 0)
(1.03879 -6.21931e-05 0)
(1.03881 -5.42907e-05 0)
(1.03883 -4.7244e-05 0)
(1.03885 -4.12261e-05 0)
(1.03887 -3.5932e-05 0)
(1.03888 -3.12048e-05 0)
(1.03889 -2.72052e-05 0)
(1.0389 -2.35368e-05 0)
(1.03891 -2.04089e-05 0)
(1.03892 -1.76386e-05 0)
(1.03893 -1.51234e-05 0)
(1.03893 -1.29902e-05 0)
(1.03894 -1.1039e-05 0)
(1.03894 -9.36395e-06 0)
(1.03894 -7.91309e-06 0)
(1.03895 -6.62847e-06 0)
(1.03895 -5.55299e-06 0)
(1.03895 -4.65383e-06 0)
(1.03895 -3.88704e-06 0)
(1.03895 -3.28991e-06 0)
(1.03896 -2.8017e-06 0)
(1.03896 -2.33444e-06 0)
(1.03896 -2.02397e-06 0)
(1.03896 -1.64532e-06 0)
(1.03896 -1.3965e-06 0)
(1.03896 -1.18286e-06 0)
(1.03896 -9.16481e-07 0)
(1.03896 -8.34444e-07 0)
(1.03896 -6.33898e-07 0)
(1.03896 -5.48796e-07 0)
(1.03896 -4.94731e-07 0)
(1.03896 -3.5149e-07 0)
(1.03896 -3.72775e-07 0)
(1.03896 -2.28209e-07 0)
(1.03896 -2.05764e-07 0)
(1.03896 -1.8554e-07 0)
(1.03896 -7.90382e-08 0)
(1.03896 -1.47317e-07 0)
(1.03896 -6.68159e-08 0)
(1.03896 -8.79542e-08 0)
(1.03896 -9.31892e-08 0)
(1.03896 -2.4311e-08 0)
(1.03896 -8.87863e-08 0)
(1.03896 -2.17941e-09 0)
(1.03896 1.53059e-09 0)
(1.03896 2.21654e-08 0)
(1.03896 9.54903e-08 0)
(1.03896 5.52374e-08 0)
(1.03896 1.15428e-07 0)
(1.03896 8.57541e-08 0)
(1.03896 6.84085e-08 0)
(1.03896 8.37544e-08 0)
(1.03896 1.02855e-08 0)
(1.03896 3.63212e-08 0)
(1.03896 -7.38116e-10 0)
(1.03896 -6.6972e-11 0)
(1.03896 2.07918e-08 0)
(1.03896 -1.49824e-08 0)
(1.03896 1.32097e-08 0)
(1.03896 -4.18168e-08 0)
(1.03896 -8.84398e-08 0)
(1.03896 -1.61956e-07 0)
(1.03896 -3.12071e-07 0)
(1.03896 -4.49762e-07 0)
(1.03896 -7.01391e-07 0)
(1.03896 -9.88054e-07 0)
(1.03896 -1.38169e-06 0)
(1.03896 -1.94089e-06 0)
(1.03896 -2.65131e-06 0)
(1.03896 -3.72378e-06 0)
(1.03897 -5.17451e-06 0)
(1.03897 -7.35811e-06 0)
(1.03897 -1.05248e-05 0)
(1.03898 -1.59095e-05 0)
(1.03898 -2.40543e-05 0)
(1.03899 -4.22961e-05 0)
(1.03901 -7.21131e-05 0)
(1.03902 -0.000190802 0)
(1.03917 -0.000480474 0)
(1.03938 -0.00166372 0)
(1.04087 -0.00327236 0)
(0.971231 -0.0403299 0)
(1.05354 -0.0228287 0)
(1.02736 -0.00636285 0)
(1.0422 -0.000223945 0)
(1.03581 0.000414503 0)
(1.03857 -0.000171495 0)
(1.03749 -0.000376566 0)
(1.03817 -0.000462137 0)
(1.03809 -0.000405053 0)
(1.03832 -0.00035294 0)
(1.03838 -0.000291956 0)
(1.03849 -0.000244593 0)
(1.03855 -0.000203426 0)
(1.03862 -0.000170934 0)
(1.03867 -0.000144187 0)
(1.03871 -0.000122902 0)
(1.03875 -0.000105243 0)
(1.03878 -9.08476e-05 0)
(1.0388 -7.87323e-05 0)
(1.03883 -6.82831e-05 0)
(1.03885 -5.95406e-05 0)
(1.03886 -5.17806e-05 0)
(1.03888 -4.51401e-05 0)
(1.03889 -3.93065e-05 0)
(1.0389 -3.41139e-05 0)
(1.03891 -2.97026e-05 0)
(1.03892 -2.56891e-05 0)
(1.03892 -2.22553e-05 0)
(1.03893 -1.92197e-05 0)
(1.03894 -1.64807e-05 0)
(1.03894 -1.41426e-05 0)
(1.03894 -1.20137e-05 0)
(1.03895 -1.01854e-05 0)
(1.03895 -8.59094e-06 0)
(1.03895 -7.2032e-06 0)
(1.03895 -6.02614e-06 0)
(1.03895 -5.05491e-06 0)
(1.03896 -4.22046e-06 0)
(1.03896 -3.5617e-06 0)
(1.03896 -3.03295e-06 0)
(1.03896 -2.52446e-06 0)
(1.03896 -2.17962e-06 0)
(1.03896 -1.77777e-06 0)
(1.03896 -1.49271e-06 0)
(1.03896 -1.27201e-06 0)
(1.03896 -9.8061e-07 0)
(1.03896 -8.9078e-07 0)
(1.03896 -6.81066e-07 0)
(1.03896 -5.8138e-07 0)
(1.03896 -5.25439e-07 0)
(1.03896 -3.76869e-07 0)
(1.03896 -3.95095e-07 0)
(1.03896 -2.52451e-07 0)
(1.03896 -2.18017e-07 0)
(1.03896 -2.03746e-07 0)
(1.03896 -8.72631e-08 0)
(1.03896 -1.54667e-07 0)
(1.03896 -7.36848e-08 0)
(1.03896 -9.34767e-08 0)
(1.03896 -1.01936e-07 0)
(1.03896 -3.15739e-08 0)
(1.03896 -9.54875e-08 0)
(1.03896 -1.30761e-08 0)
(1.03896 -3.78556e-09 0)
(1.03896 1.33407e-08 0)
(1.03896 9.29685e-08 0)
(1.03896 5.09882e-08 0)
(1.03896 1.10743e-07 0)
(1.03896 7.77372e-08 0)
(1.03896 5.71377e-08 0)
(1.03896 6.97491e-08 0)
(1.03896 -3.43681e-09 0)
(1.03896 1.8231e-08 0)
(1.03896 -1.62872e-08 0)
(1.03896 -1.80312e-08 0)
(1.03896 7.13315e-09 0)
(1.03896 -3.00963e-08 0)
(1.03896 -1.24079e-10 0)
(1.03896 -5.80305e-08 0)
(1.03896 -1.06685e-07 0)
(1.03896 -1.86506e-07 0)
(1.03896 -3.45335e-07 0)
(1.03896 -4.96684e-07 0)
(1.03896 -7.65437e-07 0)
(1.03896 -1.07681e-06 0)
(1.03896 -1.50393e-06 0)
(1.03896 -2.11341e-06 0)
(1.03896 -2.89152e-06 0)
(1.03896 -4.06108e-06 0)
(1.03896 -5.64479e-06 0)
(1.03897 -8.01261e-06 0)
(1.03897 -1.14161e-05 0)
(1.03897 -1.7127e-05 0)
(1.03898 -2.56517e-05 0)
(1.03898 -4.46643e-05 0)
(1.03899 -7.59771e-05 0)
(1.03899 -0.000203178 0)
(1.0391 -0.000519235 0)
(1.03926 -0.00181101 0)
(1.04037 -0.00357727 0)
(0.972311 -0.0467664 0)
(1.055 -0.0253124 0)
(1.02768 -0.00688135 0)
(1.04245 -0.000264548 0)
(1.0361 0.000443658 0)
(1.03886 -0.000197578 0)
(1.03778 -0.000407138 0)
(1.03841 -0.000499654 0)
(1.03831 -0.000436225 0)
(1.0385 -0.000380038 0)
(1.03854 -0.000313938 0)
(1.03862 -0.000262879 0)
(1.03867 -0.000218465 0)
(1.03872 -0.000183475 0)
(1.03875 -0.000154675 0)
(1.03878 -0.000131742 0)
(1.03881 -0.000112734 0)
(1.03883 -9.72154e-05 0)
(1.03885 -8.41764e-05 0)
(1.03887 -7.29455e-05 0)
(1.03888 -6.35326e-05 0)
(1.03889 -5.52063e-05 0)
(1.0389 -4.80728e-05 0)
(1.03891 -4.18157e-05 0)
(1.03892 -3.62619e-05 0)
(1.03893 -3.15308e-05 0)
(1.03893 -2.72525e-05 0)
(1.03894 -2.3584e-05 0)
(1.03894 -2.03459e-05 0)
(1.03894 -1.74406e-05 0)
(1.03895 -1.49516e-05 0)
(1.03895 -1.26934e-05 0)
(1.03895 -1.07555e-05 0)
(1.03895 -9.05472e-06 0)
(1.03895 -7.59466e-06 0)
(1.03895 -6.34443e-06 0)
(1.03895 -5.32453e-06 0)
(1.03896 -4.44357e-06 0)
(1.03896 -3.73967e-06 0)
(1.03896 -3.18224e-06 0)
(1.03896 -2.6459e-06 0)
(1.03896 -2.277e-06 0)
(1.03896 -1.86322e-06 0)
(1.03896 -1.55043e-06 0)
(1.03896 -1.32871e-06 0)
(1.03896 -1.01946e-06 0)
(1.03896 -9.25377e-07 0)
(1.03896 -7.12413e-07 0)
(1.03896 -6.02582e-07 0)
(1.03896 -5.46444e-07 0)
(1.03896 -3.95574e-07 0)
(1.03896 -4.11439e-07 0)
(1.03896 -2.73349e-07 0)
(1.03896 -2.2732e-07 0)
(1.03896 -2.18533e-07 0)
(1.03896 -9.35896e-08 0)
(1.03896 -1.58726e-07 0)
(1.03896 -7.71694e-08 0)
(1.03896 -9.5473e-08 0)
(1.03896 -1.07843e-07 0)
(1.03896 -3.75776e-08 0)
(1.03896 -1.00333e-07 0)
(1.03896 -2.30159e-08 0)
(1.03896 -9.43232e-09 0)
(1.03896 3.32968e-09 0)
(1.03896 8.74238e-08 0)
(1.03896 4.42348e-08 0)
(1.03896 1.03428e-07 0)
(1.03896 6.7833e-08 0)
(1.03896 4.43945e-08 0)
(1.03896 5.40889e-08 0)
(1.03896 -1.71318e-08 0)
(1.03896 -1.40654e-10 0)
(1.03896 -3.20673e-08 0)
(1.03896 -3.65471e-08 0)
(1.03896 -7.52991e-09 0)
(1.03896 -4.6073e-08 0)
(1.03896 -1.40639e-08 0)
(1.03896 -7.35397e-08 0)
(1.03896 -1.23529e-07 0)
(1.03896 -2.07974e-07 0)
(1.03896 -3.72595e-07 0)
(1.03896 -5.33978e-07 0)
(1.03896 -8.14504e-07 0)
(1.03896 -1.14383e-06 0)
(1.03896 -1.59428e-06 0)
(1.03896 -2.24109e-06 0)
(1.03896 -3.07018e-06 0)
(1.03896 -4.31178e-06 0)
(1.03896 -5.99224e-06 0)
(1.03896 -8.48618e-06 0)
(1.03896 -1.20348e-05 0)
(1.03896 -1.78938e-05 0)
(1.03897 -2.64957e-05 0)
(1.03897 -4.55633e-05 0)
(1.03897 -7.72466e-05 0)
(1.03896 -0.000209186 0)
(1.03901 -0.00054428 0)
(1.03912 -0.00191355 0)
(1.03982 -0.0037983 0)
(0.973658 -0.0536533 0)
(1.05672 -0.0275437 0)
(1.02804 -0.00727036 0)
(1.04273 -0.000308066 0)
(1.03644 0.0004655 0)
(1.03919 -0.000222577 0)
(1.0381 -0.00042965 0)
(1.03868 -0.000527689 0)
(1.03854 -0.000458664 0)
(1.03869 -0.000399531 0)
(1.0387 -0.00032952 0)
(1.03876 -0.000275782 0)
(1.03879 -0.000228997 0)
(1.03882 -0.000192214 0)
(1.03884 -0.000161936 0)
(1.03886 -0.000137817 0)
(1.03888 -0.000117837 0)
(1.03889 -0.000101508 0)
(1.0389 -8.78082e-05 0)
(1.03891 -7.6021e-05 0)
(1.03892 -6.61296e-05 0)
(1.03892 -5.74031e-05 0)
(1.03893 -4.99221e-05 0)
(1.03893 -4.33712e-05 0)
(1.03894 -3.75717e-05 0)
(1.03894 -3.26231e-05 0)
(1.03894 -2.81697e-05 0)
(1.03894 -2.43451e-05 0)
(1.03895 -2.09741e-05 0)
(1.03895 -1.79643e-05 0)
(1.03895 -1.53824e-05 0)
(1.03895 -1.30473e-05 0)
(1.03895 -1.10478e-05 0)
(1.03895 -9.28263e-06 0)
(1.03895 -7.78421e-06 0)
(1.03895 -6.49163e-06 0)
(1.03895 -5.44798e-06 0)
(1.03895 -4.54356e-06 0)
(1.03895 -3.81351e-06 0)
(1.03895 -3.24104e-06 0)
(1.03895 -2.69175e-06 0)
(1.03895 -2.31019e-06 0)
(1.03895 -1.89605e-06 0)
(1.03895 -1.56527e-06 0)
(1.03895 -1.34848e-06 0)
(1.03895 -1.02827e-06 0)
(1.03895 -9.32564e-07 0)
(1.03895 -7.21303e-07 0)
(1.03895 -6.05197e-07 0)
(1.03895 -5.50344e-07 0)
(1.03895 -3.98681e-07 0)
(1.03895 -4.12624e-07 0)
(1.03895 -2.79943e-07 0)
(1.03895 -2.23083e-07 0)
(1.03895 -2.19243e-07 0)
(1.03895 -8.7742e-08 0)
(1.03895 -1.49565e-07 0)
(1.03895 -6.74629e-08 0)
(1.03895 -8.35184e-08 0)
(1.03895 -1.00751e-07 0)
(1.03895 -3.1891e-08 0)
(1.03895 -9.27653e-08 0)
(1.03895 -2.08052e-08 0)
(1.03895 -4.05561e-09 0)
(1.03895 3.6676e-09 0)
(1.03895 8.91299e-08 0)
(1.03895 4.51193e-08 0)
(1.03895 1.03224e-07 0)
(1.03895 6.61523e-08 0)
(1.03895 4.1242e-08 0)
(1.03895 4.76698e-08 0)
(1.03895 -2.00093e-08 0)
(1.03895 -6.56242e-09 0)
(1.03895 -3.68774e-08 0)
(1.03895 -4.44085e-08 0)
(1.03895 -1.22487e-08 0)
(1.03895 -5.13541e-08 0)
(1.03895 -1.73912e-08 0)
(1.03895 -7.74976e-08 0)
(1.03895 -1.28544e-07 0)
(1.03895 -2.16105e-07 0)
(1.03895 -3.85217e-07 0)
(1.03895 -5.54717e-07 0)
(1.03895 -8.42868e-07 0)
(1.03895 -1.18391e-06 0)
(1.03895 -1.64677e-06 0)
(1.03895 -2.31597e-06 0)
(1.03895 -3.17618e-06 0)
(1.03895 -4.46145e-06 0)
(1.03895 -6.19907e-06 0)
(1.03895 -8.75757e-06 0)
(1.03895 -1.2357e-05 0)
(1.03895 -1.81864e-05 0)
(1.03895 -2.65679e-05 0)
(1.03895 -4.49825e-05 0)
(1.03894 -7.58961e-05 0)
(1.03893 -0.000208589 0)
(1.03892 -0.000554687 0)
(1.03898 -0.00196678 0)
(1.03921 -0.00392525 0)
(0.975339 -0.0610798 0)
(1.0587 -0.0294634 0)
(1.02846 -0.00751077 0)
(1.04303 -0.000353722 0)
(1.03682 0.000480255 0)
(1.03954 -0.000245236 0)
(1.03844 -0.000442954 0)
(1.03896 -0.000545003 0)
(1.03878 -0.000471375 0)
(1.0389 -0.000410586 0)
(1.03887 -0.000338057 0)
(1.03891 -0.00028279 0)
(1.03891 -0.000234623 0)
(1.03892 -0.000196837 0)
(1.03893 -0.000165726 0)
(1.03893 -0.000140939 0)
(1.03893 -0.000120414 0)
(1.03894 -0.000103624 0)
(1.03894 -8.95576e-05 0)
(1.03894 -7.74658e-05 0)
(1.03894 -6.73105e-05 0)
(1.03894 -5.83702e-05 0)
(1.03894 -5.07036e-05 0)
(1.03894 -4.40024e-05 0)
(1.03894 -3.80846e-05 0)
(1.03894 -3.3031e-05 0)
(1.03894 -2.85016e-05 0)
(1.03894 -2.46081e-05 0)
(1.03894 -2.11796e-05 0)
(1.03894 -1.81307e-05 0)
(1.03894 -1.55163e-05 0)
(1.03894 -1.31587e-05 0)
(1.03894 -1.11474e-05 0)
(1.03894 -9.36251e-06 0)
(1.03894 -7.86102e-06 0)
(1.03894 -6.55745e-06 0)
(1.03894 -5.51438e-06 0)
(1.03894 -4.6088e-06 0)
(1.03894 -3.87126e-06 0)
(1.03894 -3.29642e-06 0)
(1.03894 -2.74669e-06 0)
(1.03894 -2.36148e-06 0)
(1.03894 -1.95429e-06 0)
(1.03894 -1.61082e-06 0)
(1.03894 -1.40027e-06 0)
(1.03894 -1.07423e-06 0)
(1.03894 -9.78137e-07 0)
(1.03894 -7.7156e-07 0)
(1.03894 -6.51179e-07 0)
(1.03894 -5.99042e-07 0)
(1.03894 -4.4449e-07 0)
(1.03894 -4.57253e-07 0)
(1.03894 -3.26676e-07 0)
(1.03894 -2.60491e-07 0)
(1.03894 -2.61388e-07 0)
(1.03894 -1.26632e-07 0)
(1.03894 -1.84663e-07 0)
(1.03893 -1.0352e-07 0)
(1.03893 -1.179e-07 0)
(1.03893 -1.38797e-07 0)
(1.03893 -7.45875e-08 0)
(1.03893 -1.31482e-07 0)
(1.03893 -6.68845e-08 0)
(1.03893 -4.73395e-08 0)
(1.03893 -4.52396e-08 0)
(1.03893 4.07751e-08 0)
(1.03893 -4.11549e-09 0)
(1.03893 5.25231e-08 0)
(1.03893 1.5083e-08 0)
(1.03893 -1.14468e-08 0)
(1.03893 -7.18181e-09 0)
(1.03893 -7.21289e-08 0)
(1.03893 -6.13051e-08 0)
(1.03893 -8.95072e-08 0)
(1.03893 -1.00335e-07 0)
(1.03893 -6.57651e-08 0)
(1.03893 -1.04292e-07 0)
(1.03893 -6.87154e-08 0)
(1.03893 -1.27271e-07 0)
(1.03893 -1.77788e-07 0)
(1.03893 -2.66344e-07 0)
(1.03893 -4.42471e-07 0)
(1.03893 -6.21332e-07 0)
(1.03893 -9.15703e-07 0)
(1.03893 -1.26408e-06 0)
(1.03893 -1.73664e-06 0)
(1.03893 -2.41846e-06 0)
(1.03893 -3.29247e-06 0)
(1.03893 -4.59457e-06 0)
(1.03893 -6.35065e-06 0)
(1.03893 -8.91297e-06 0)
(1.03893 -1.24714e-05 0)
(1.03893 -1.81031e-05 0)
(1.03893 -2.59881e-05 0)
(1.03892 -4.30844e-05 0)
(1.03891 -7.21208e-05 0)
(1.03889 -0.000201488 0)
(1.03882 -0.000549985 0)
(1.03882 -0.00196695 0)
(1.03856 -0.00394857 0)
(0.977433 -0.0691531 0)
(1.06097 -0.0309989 0)
(1.02893 -0.00758177 0)
(1.04333 -0.000400087 0)
(1.03721 0.000488026 0)
(1.03989 -0.000264234 0)
(1.03878 -0.000446111 0)
(1.03924 -0.000550534 0)
(1.03901 -0.000473593 0)
(1.03908 -0.000412614 0)
(1.03902 -0.00033917 0)
(1.03902 -0.000283675 0)
(1.039 -0.000235241 0)
(1.03899 -0.000197341 0)
(1.03898 -0.000166115 0)
(1.03897 -0.000141238 0)
(1.03896 -0.000120643 0)
(1.03895 -0.000103783 0)
(1.03895 -8.96748e-05 0)
(1.03894 -7.75583e-05 0)
(1.03893 -6.73785e-05 0)
(1.03893 -5.8433e-05 0)
(1.03892 -5.07623e-05 0)
(1.03892 -4.40707e-05 0)
(1.03892 -3.81764e-05 0)
(1.03891 -3.31435e-05 0)
(1.03891 -2.86509e-05 0)
(1.0389 -2.47876e-05 0)
(1.0389 -2.13815e-05 0)
(1.0389 -1.83609e-05 0)
(1.0389 -1.5774e-05 0)
(1.0389 -1.34473e-05 0)
(1.03889 -1.14714e-05 0)
(1.03889 -9.70913e-06 0)
(1.03889 -8.23626e-06 0)
(1.03889 -6.94815e-06 0)
(1.03889 -5.92365e-06 0)
(1.03889 -5.03142e-06 0)
(1.03889 -4.29676e-06 0)
(1.03889 -3.72343e-06 0)
(1.03889 -3.17282e-06 0)
(1.03888 -2.78285e-06 0)
(1.03888 -2.38197e-06 0)
(1.03888 -2.02466e-06 0)
(1.03888 -1.81452e-06 0)
(1.03888 -1.49102e-06 0)
(1.03888 -1.39887e-06 0)
(1.03888 -1.20425e-06 0)
(1.03888 -1.08747e-06 0)
(1.03888 -1.0406e-06 0)
(1.03888 -8.92433e-07 0)
(1.03888 -9.03678e-07 0)
(1.03888 -7.84836e-07 0)
(1.03888 -7.12203e-07 0)
(1.03888 -7.17792e-07 0)
(1.03888 -5.83576e-07 0)
(1.03888 -6.37883e-07 0)
(1.03888 -5.59517e-07 0)
(1.03888 -5.72766e-07 0)
(1.03888 -5.9581e-07 0)
(1.03888 -5.38163e-07 0)
(1.03888 -5.89765e-07 0)
(1.03888 -5.33755e-07 0)
(1.03888 -5.11786e-07 0)
(1.03888 -5.15677e-07 0)
(1.03888 -4.30277e-07 0)
(1.03888 -4.7622e-07 0)
(1.03888 -4.21764e-07 0)
(1.03888 -4.58555e-07 0)
(1.03888 -4.86463e-07 0)
(1.03888 -4.8313e-07 0)
(1.03888 -5.4475e-07 0)
(1.03888 -5.36367e-07 0)
(1.03888 -5.60895e-07 0)
(1.03888 -5.74755e-07 0)
(1.03888 -5.38846e-07 0)
(1.03888 -5.7667e-07 0)
(1.03888 -5.40284e-07 0)
(1.03888 -5.95424e-07 0)
(1.03888 -6.43869e-07 0)
(1.03888 -7.30569e-07 0)
(1.03888 -9.02372e-07 0)
(1.03888 -1.07915e-06 0)
(1.03888 -1.36738e-06 0)
(1.03888 -1.71247e-06 0)
(1.03888 -2.205e-06 0)
(1.03888 -2.90315e-06 0)
(1.03888 -3.7917e-06 0)
(1.03888 -5.09914e-06 0)
(1.03888 -6.84688e-06 0)
(1.03888 -9.36259e-06 0)
(1.03888 -1.27996e-05 0)
(1.03887 -1.80869e-05 0)
(1.03887 -2.52378e-05 0)
(1.03886 -4.04275e-05 0)
(1.03884 -6.65585e-05 0)
(1.03881 -0.000188555 0)
(1.03869 -0.000530337 0)
(1.03863 -0.00191147 0)
(1.03784 -0.00385967 0)
(0.980017 -0.0779939 0)
(1.06349 -0.0320564 0)
(1.02937 -0.00745943 0)
(1.04355 -0.000444094 0)
(1.03755 0.000489152 0)
(1.04016 -0.000277707 0)
(1.03904 -0.0004379 0)
(1.03943 -0.000542843 0)
(1.03916 -0.000464251 0)
(1.03917 -0.000404749 0)
(1.03908 -0.000332251 0)
(1.03905 -0.000278017 0)
(1.039 -0.000230608 0)
(1.03897 -0.000193625 0)
(1.03893 -0.00016309 0)
(1.03891 -0.000138756 0)
(1.03889 -0.000118614 0)
(1.03887 -0.000102112 0)
(1.03885 -8.83202e-05 0)
(1.03884 -7.64848e-05 0)
(1.03882 -6.65424e-05 0)
(1.03881 -5.78206e-05 0)
(1.0388 -5.03439e-05 0)
(1.03879 -4.38352e-05 0)
(1.03878 -3.81171e-05 0)
(1.03877 -3.32404e-05 0)
(1.03877 -2.89064e-05 0)
(1.03876 -2.51812e-05 0)
(1.03876 -2.18827e-05 0)
(1.03875 -1.89611e-05 0)
(1.03875 -1.6464e-05 0)
(1.03874 -1.42226e-05 0)
(1.03874 -1.23288e-05 0)
(1.03874 -1.06316e-05 0)
(1.03874 -9.21884e-06 0)
(1.03873 -7.97225e-06 0)
(1.03873 -6.98335e-06 0)
(1.03873 -6.11719e-06 0)
(1.03873 -5.39414e-06 0)
(1.03873 -4.82474e-06 0)
(1.03873 -4.26962e-06 0)
(1.03873 -3.87555e-06 0)
(1.03873 -3.50405e-06 0)
(1.03873 -3.16099e-06 0)
(1.03873 -2.97252e-06 0)
(1.03873 -2.66524e-06 0)
(1.03873 -2.58148e-06 0)
(1.03873 -2.40501e-06 0)
(1.03872 -2.2989e-06 0)
(1.03872 -2.25911e-06 0)
(1.03872 -2.12595e-06 0)
(1.03872 -2.13527e-06 0)
(1.03872 -2.03678e-06 0)
(1.03872 -1.96127e-06 0)
(1.03872 -1.97152e-06 0)
(1.03872 -1.84128e-06 0)
(1.03872 -1.89219e-06 0)
(1.03872 -1.8177e-06 0)
(1.03872 -1.82915e-06 0)
(1.03872 -1.85412e-06 0)
(1.03872 -1.80203e-06 0)
(1.03872 -1.84865e-06 0)
(1.03872 -1.79997e-06 0)
(1.03872 -1.77615e-06 0)
(1.03872 -1.78615e-06 0)
(1.03872 -1.70508e-06 0)
(1.03872 -1.75188e-06 0)
(1.03872 -1.70095e-06 0)
(1.03872 -1.73612e-06 0)
(1.03872 -1.76319e-06 0)
(1.03872 -1.76073e-06 0)
(1.03872 -1.81596e-06 0)
(1.03872 -1.80917e-06 0)
(1.03872 -1.82913e-06 0)
(1.03872 -1.84546e-06 0)
(1.03872 -1.8094e-06 0)
(1.03872 -1.84679e-06 0)
(1.03872 -1.81086e-06 0)
(1.03872 -1.863e-06 0)
(1.03872 -1.90898e-06 0)
(1.03872 -1.99125e-06 0)
(1.03872 -2.14787e-06 0)
(1.03872 -2.31162e-06 0)
(1.03872 -2.58153e-06 0)
(1.03872 -2.91056e-06 0)
(1.03872 -3.38134e-06 0)
(1.03872 -4.06931e-06 0)
(1.03872 -4.97419e-06 0)
(1.03872 -6.27642e-06 0)
(1.03872 -7.98936e-06 0)
(1.03872 -1.04096e-05 0)
(1.03871 -1.36507e-05 0)
(1.03871 -1.84686e-05 0)
(1.0387 -2.46979e-05 0)
(1.03869 -3.75104e-05 0)
(1.03866 -5.986e-05 0)
(1.03863 -0.00017065 0)
(1.03847 -0.000496048 0)
(1.03834 -0.00179847 0)
(1.03701 -0.00365052 0)
(0.983101 -0.0876988 0)
(1.0661 -0.0325092 0)
(1.02959 -0.00711499 0)
(1.04347 -0.00047932 0)
(1.03762 0.000485276 0)
(1.04015 -0.000281817 0)
(1.03902 -0.000415449 0)
(1.03933 -0.000518776 0)
(1.039 -0.000440601 0)
(1.03897 -0.000384424 0)
(1.03883 -0.000314967 0)
(1.03876 -0.000263635 0)
(1.03868 -0.000218677 0)
(1.03863 -0.000183744 0)
(1.03858 -0.000154771 0)
(1.03853 -0.000131654 0)
(1.0385 -0.000112515 0)
(1.03847 -9.68202e-05 0)
(1.03844 -8.37095e-05 0)
(1.03841 -7.24626e-05 0)
(1.03839 -6.30134e-05 0)
(1.03837 -5.47313e-05 0)
(1.03836 -4.76271e-05 0)
(1.03834 -4.14472e-05 0)
(1.03833 -3.60231e-05 0)
(1.03832 -3.13954e-05 0)
(1.03831 -2.72921e-05 0)
(1.0383 -2.37611e-05 0)
(1.03829 -2.06625e-05 0)
(1.03829 -1.79227e-05 0)
(1.03828 -1.5589e-05 0)
(1.03828 -1.34994e-05 0)
(1.03827 -1.17465e-05 0)
(1.03827 -1.01711e-05 0)
(1.03827 -8.86765e-06 0)
(1.03826 -7.70981e-06 0)
(1.03826 -6.79706e-06 0)
(1.03826 -5.99607e-06 0)
(1.03826 -5.32456e-06 0)
(1.03826 -4.79303e-06 0)
(1.03825 -4.27353e-06 0)
(1.03825 -3.90147e-06 0)
(1.03825 -3.56313e-06 0)
(1.03825 -3.25713e-06 0)
(1.03825 -3.10778e-06 0)
(1.03825 -2.82595e-06 0)
(1.03825 -2.75195e-06 0)
(1.03825 -2.59426e-06 0)
(1.03825 -2.49944e-06 0)
(1.03825 -2.46672e-06 0)
(1.03825 -2.346e-06 0)
(1.03825 -2.35384e-06 0)
(1.03825 -2.27119e-06 0)
(1.03825 -2.19653e-06 0)
(1.03825 -2.21152e-06 0)
(1.03825 -2.08912e-06 0)
(1.03825 -2.13705e-06 0)
(1.03825 -2.06795e-06 0)
(1.03825 -2.07774e-06 0)
(1.03825 -2.10332e-06 0)
(1.03825 -2.05712e-06 0)
(1.03825 -2.0979e-06 0)
(1.03825 -2.05634e-06 0)
(1.03825 -2.03138e-06 0)
(1.03825 -2.04667e-06 0)
(1.03825 -1.97216e-06 0)
(1.03825 -2.01929e-06 0)
(1.03825 -1.97285e-06 0)
(1.03825 -2.00559e-06 0)
(1.03825 -2.03034e-06 0)
(1.03825 -2.02826e-06 0)
(1.03825 -2.0756e-06 0)
(1.03825 -2.06968e-06 0)
(1.03825 -2.08458e-06 0)
(1.03825 -2.10268e-06 0)
(1.03825 -2.06776e-06 0)
(1.03825 -2.10472e-06 0)
(1.03825 -2.07072e-06 0)
(1.03825 -2.11929e-06 0)
(1.03825 -2.1617e-06 0)
(1.03825 -2.23717e-06 0)
(1.03825 -2.38046e-06 0)
(1.03825 -2.53181e-06 0)
(1.03825 -2.78091e-06 0)
(1.03825 -3.08704e-06 0)
(1.03825 -3.50428e-06 0)
(1.03825 -4.15724e-06 0)
(1.03824 -5.01477e-06 0)
(1.03824 -6.2419e-06 0)
(1.03824 -7.84709e-06 0)
(1.03824 -1.00885e-05 0)
(1.03824 -1.30392e-05 0)
(1.03823 -1.72672e-05 0)
(1.03822 -2.24384e-05 0)
(1.03821 -3.26321e-05 0)
(1.03818 -5.0689e-05 0)
(1.03814 -0.000147074 0)
(1.03794 -0.000446142 0)
(1.03774 -0.00162568 0)
(1.03587 -0.0033129 0)
(0.986395 -0.0983028 0)
(1.06822 -0.032196 0)
(1.02897 -0.00652333 0)
(1.04243 -0.000502537 0)
(1.0368 0.000472656 0)
(1.03921 -0.000276181 0)
(1.03808 -0.000379907 0)
(1.03829 -0.000479446 0)
(1.03792 -0.000403962 0)
(1.03782 -0.000352872 0)
(1.03764 -0.000288384 0)
(1.03753 -0.000241308 0)
(1.03742 -0.000199849 0)
(1.03734 -0.000167686 0)
(1.03727 -0.000141064 0)
(1.03721 -0.000119856 0)
(1.03716 -0.00010228 0)
(1.03711 -8.78378e-05 0)
(1.03708 -7.57601e-05 0)
(1.03704 -6.53838e-05 0)
(1.03701 -5.66474e-05 0)
(1.03699 -4.89731e-05 0)
(1.03697 -4.23606e-05 0)
(1.03695 -3.65833e-05 0)
(1.03693 -3.14836e-05 0)
(1.03691 -2.70964e-05 0)
(1.0369 -2.31759e-05 0)
(1.03689 -1.97666e-05 0)
(1.03688 -1.69615e-05 0)
(1.03687 -1.44925e-05 0)
(1.03686 -1.24e-05 0)
(1.03686 -1.05321e-05 0)
(1.03685 -8.98059e-06 0)
(1.03685 -7.58558e-06 0)
(1.03684 -6.44313e-06 0)
(1.03684 -5.42555e-06 0)
(1.03684 -4.63417e-06 0)
(1.03684 -3.94279e-06 0)
(1.03683 -3.36932e-06 0)
(1.03683 -2.91672e-06 0)
(1.03683 -2.4833e-06 0)
(1.03683 -2.16994e-06 0)
(1.03683 -1.88087e-06 0)
(1.03683 -1.6109e-06 0)
(1.03683 -1.49107e-06 0)
(1.03683 -1.24019e-06 0)
(1.03683 -1.17832e-06 0)
(1.03683 -1.04151e-06 0)
(1.03683 -9.60187e-07 0)
(1.03682 -9.34572e-07 0)
(1.03682 -8.27882e-07 0)
(1.03682 -8.34368e-07 0)
(1.03682 -7.67601e-07 0)
(1.03682 -6.98129e-07 0)
(1.03682 -7.17539e-07 0)
(1.03682 -6.06865e-07 0)
(1.03682 -6.51912e-07 0)
(1.03682 -5.89961e-07 0)
(1.03682 -5.98369e-07 0)
(1.03682 -6.22933e-07 0)
(1.03682 -5.83019e-07 0)
(1.03682 -6.1716e-07 0)
(1.03682 -5.82651e-07 0)
(1.03682 -5.57594e-07 0)
(1.03682 -5.76691e-07 0)
(1.03682 -5.10288e-07 0)
(1.03682 -5.56489e-07 0)
(1.03682 -5.15226e-07 0)
(1.03682 -5.44683e-07 0)
(1.03682 -5.65885e-07 0)
(1.03682 -5.63725e-07 0)
(1.03682 -6.02476e-07 0)
(1.03682 -5.97032e-07 0)
(1.03682 -6.06932e-07 0)
(1.03682 -6.26024e-07 0)
(1.03682 -5.93769e-07 0)
(1.03682 -6.30088e-07 0)
(1.03682 -5.9953e-07 0)
(1.03682 -6.43693e-07 0)
(1.03682 -6.81112e-07 0)
(1.03682 -7.47168e-07 0)
(1.03682 -8.73611e-07 0)
(1.03682 -1.00829e-06 0)
(1.03682 -1.23002e-06 0)
(1.03682 -1.50539e-06 0)
(1.03682 -1.87626e-06 0)
(1.03682 -2.45214e-06 0)
(1.03682 -3.18383e-06 0)
(1.03682 -4.25356e-06 0)
(1.03681 -5.66855e-06 0)
(1.03681 -7.64236e-06 0)
(1.03681 -1.02107e-05 0)
(1.0368 -1.37523e-05 0)
(1.03679 -1.78e-05 0)
(1.03678 -2.54974e-05 0)
(1.03674 -3.93402e-05 0)
(1.0367 -0.000119324 0)
(1.03647 -0.000383893 0)
(1.03621 -0.00139852 0)
(1.03382 -0.00284679 0)
(0.988569 -0.10998 0)
(1.06794 -0.0309696 0)
(1.02559 -0.00569789 0)
(1.03849 -0.000547453 0)
(1.03316 0.000408061 0)
(1.03544 -0.000296402 0)
(1.03431 -0.000368703 0)
(1.03442 -0.000462399 0)
(1.03399 -0.000391845 0)
(1.03383 -0.000347274 0)
(1.0336 -0.000289124 0)
(1.03345 -0.000246981 0)
(1.03332 -0.000209207 0)
(1.03321 -0.000179613 0)
(1.03311 -0.00015604 0)
(1.03304 -0.000137576 0)
(1.03297 -0.000122279 0)
(1.03291 -0.000109697 0)
(1.03286 -9.91759e-05 0)
(1.03282 -9.01388e-05 0)
(1.03278 -8.25359e-05 0)
(1.03275 -7.58618e-05 0)
(1.03272 -7.01103e-05 0)
(1.0327 -6.50884e-05 0)
(1.03267 -6.06596e-05 0)
(1.03266 -5.68531e-05 0)
(1.03264 -5.34601e-05 0)
(1.03263 -5.05098e-05 0)
(1.03261 -4.81043e-05 0)
(1.0326 -4.59888e-05 0)
(1.03259 -4.42052e-05 0)
(1.03259 -4.26166e-05 0)
(1.03258 -4.13107e-05 0)
(1.03258 -4.01357e-05 0)
(1.03257 -3.91836e-05 0)
(1.03257 -3.83319e-05 0)
(1.03256 -3.76787e-05 0)
(1.03256 -3.71086e-05 0)
(1.03256 -3.66421e-05 0)
(1.03256 -3.62734e-05 0)
(1.03256 -3.59261e-05 0)
(1.03255 -3.56765e-05 0)
(1.03255 -3.54613e-05 0)
(1.03255 -3.52363e-05 0)
(1.03255 -3.5146e-05 0)
(1.03255 -3.49337e-05 0)
(1.03255 -3.48865e-05 0)
(1.03255 -3.47729e-05 0)
(1.03255 -3.47074e-05 0)
(1.03255 -3.46889e-05 0)
(1.03255 -3.4599e-05 0)
(1.03255 -3.4604e-05 0)
(1.03255 -3.45537e-05 0)
(1.03255 -3.4493e-05 0)
(1.03255 -3.45159e-05 0)
(1.03255 -3.44203e-05 0)
(1.03255 -3.44622e-05 0)
(1.03255 -3.44088e-05 0)
(1.03255 -3.44161e-05 0)
(1.03255 -3.44381e-05 0)
(1.03255 -3.4405e-05 0)
(1.03255 -3.44321e-05 0)
(1.03255 -3.44048e-05 0)
(1.03255 -3.4381e-05 0)
(1.03255 -3.44022e-05 0)
(1.03255 -3.43452e-05 0)
(1.03255 -3.43888e-05 0)
(1.03255 -3.43533e-05 0)
(1.03255 -3.43787e-05 0)
(1.03255 -3.43954e-05 0)
(1.03255 -3.43929e-05 0)
(1.03255 -3.44227e-05 0)
(1.03255 -3.44177e-05 0)
(1.03255 -3.44229e-05 0)
(1.03255 -3.4442e-05 0)
(1.03255 -3.44136e-05 0)
(1.03255 -3.44485e-05 0)
(1.03255 -3.44227e-05 0)
(1.03255 -3.44615e-05 0)
(1.03255 -3.44928e-05 0)
(1.03255 -3.45472e-05 0)
(1.03255 -3.46522e-05 0)
(1.03255 -3.47646e-05 0)
(1.03255 -3.49511e-05 0)
(1.03255 -3.5186e-05 0)
(1.03254 -3.54972e-05 0)
(1.03254 -3.59622e-05 0)
(1.03254 -3.65625e-05 0)
(1.03254 -3.7457e-05 0)
(1.03254 -3.86494e-05 0)
(1.03253 -4.03082e-05 0)
(1.03253 -4.24383e-05 0)
(1.03252 -4.52485e-05 0)
(1.03251 -4.81766e-05 0)
(1.03249 -5.31855e-05 0)
(1.03246 -6.23224e-05 0)
(1.03242 -0.00012357 0)
(1.03218 -0.000349209 0)
(1.03186 -0.00116816 0)
(1.02902 -0.00229699 0)
(0.984961 -0.123299 0)
(1.05948 -0.0286619 0)
(1.01374 -0.00469205 0)
(1.02589 -0.000700083 0)
(1.02098 0.000186281 0)
(1.02309 -0.000441517 0)
(1.02197 -0.000479893 0)
(1.02198 -0.000562274 0)
(1.0215 -0.000500861 0)
(1.02127 -0.000465638 0)
(1.02101 -0.000417778 0)
(1.02082 -0.000383785 0)
(1.02065 -0.000352963 0)
(1.02051 -0.000328872 0)
(1.0204 -0.00030983 0)
(1.0203 -0.000294986 0)
(1.02022 -0.000282687 0)
(1.02015 -0.000272575 0)
(1.02009 -0.000264135 0)
(1.02004 -0.000256907 0)
(1.01999 -0.000250852 0)
(1.01995 -0.000245561 0)
(1.01992 -0.000241026 0)
(1.01989 -0.000237098 0)
(1.01987 -0.00023367 0)
(1.01984 -0.000230767 0)
(1.01983 -0.000228225 0)
(1.01981 -0.000226047 0)
(1.0198 -0.00022414 0)
(1.01978 -0.000222458 0)
(1.01977 -0.000221048 0)
(1.01976 -0.000219793 0)
(1.01976 -0.000218771 0)
(1.01975 -0.000217849 0)
(1.01975 -0.000217109 0)
(1.01974 -0.000216443 0)
(1.01974 -0.000215938 0)
(1.01974 -0.000215495 0)
(1.01973 -0.000215134 0)
(1.01973 -0.000214848 0)
(1.01973 -0.000214577 0)
(1.01973 -0.000214383 0)
(1.01973 -0.000214226 0)
(1.01973 -0.000214052 0)
(1.01973 -0.000213992 0)
(1.01972 -0.000213825 0)
(1.01972 -0.000213794 0)
(1.01972 -0.000213706 0)
(1.01972 -0.000213656 0)
(1.01972 -0.000213644 0)
(1.01972 -0.000213573 0)
(1.01972 -0.000213578 0)
(1.01972 -0.000213545 0)
(1.01972 -0.000213498 0)
(1.01972 -0.000213522 0)
(1.01972 -0.000213446 0)
(1.01972 -0.000213483 0)
(1.01972 -0.000213441 0)
(1.01972 -0.000213446 0)
(1.01972 -0.000213464 0)
(1.01972 -0.000213437 0)
(1.01972 -0.000213457 0)
(1.01972 -0.000213437 0)
(1.01972 -0.000213416 0)
(1.01972 -0.000213437 0)
(1.01972 -0.000213391 0)
(1.01972 -0.000213429 0)
(1.01972 -0.0002134 0)
(1.01972 -0.00021342 0)
(1.01972 -0.000213431 0)
(1.01972 -0.000213428 0)
(1.01972 -0.000213449 0)
(1.01972 -0.000213444 0)
(1.01972 -0.000213446 0)
(1.01972 -0.000213464 0)
(1.01972 -0.000213442 0)
(1.01972 -0.000213474 0)
(1.01972 -0.000213454 0)
(1.01972 -0.000213486 0)
(1.01972 -0.00021351 0)
(1.01972 -0.00021355 0)
(1.01972 -0.000213629 0)
(1.01972 -0.000213714 0)
(1.01972 -0.000213859 0)
(1.01972 -0.000214044 0)
(1.01972 -0.000214288 0)
(1.01972 -0.000214655 0)
(1.01971 -0.000215129 0)
(1.01971 -0.000215838 0)
(1.01971 -0.00021678 0)
(1.0197 -0.000218081 0)
(1.0197 -0.000219723 0)
(1.01969 -0.000221783 0)
(1.01968 -0.00022367 0)
(1.01966 -0.000226071 0)
(1.01963 -0.000230507 0)
(1.0196 -0.000271511 0)
(1.01935 -0.000444086 0)
(1.01899 -0.0010496 0)
(1.01589 -0.00176924 0)
(0.960309 -0.135907 0)
(1.02532 -0.0244351 0)
(0.976303 -0.00334356 0)
(0.987385 -0.000823837 0)
(0.983075 -0.000101916 0)
(0.984977 -0.000606934 0)
(0.983903 -0.000612894 0)
(0.983809 -0.000676943 0)
(0.983286 -0.000629069 0)
(0.983009 -0.000605121 0)
(0.982707 -0.000570748 0)
(0.982488 -0.000547198 0)
(0.982294 -0.000525632 0)
(0.982138 -0.00050904 0)
(0.982005 -0.000495798 0)
(0.981894 -0.000485297 0)
(0.981799 -0.00047657 0)
(0.981719 -0.000469389 0)
(0.98165 -0.000463397 0)
(0.98159 -0.000458267 0)
(0.981539 -0.000453982 0)
(0.981495 -0.000450244 0)
(0.981457 -0.000447045 0)
(0.981425 -0.000444281 0)
(0.981397 -0.000441878 0)
(0.981373 -0.000439854 0)
(0.981352 -0.000438093 0)
(0.981334 -0.000436591 0)
(0.981319 -0.000435265 0)
(0.981306 -0.000434093 0)
(0.981295 -0.000433118 0)
(0.981286 -0.00043225 0)
(0.981279 -0.000431552 0)
(0.981272 -0.00043092 0)
(0.981267 -0.000430418 0)
(0.981262 -0.000429962 0)
(0.981259 -0.000429622 0)
(0.981256 -0.000429319 0)
(0.981253 -0.000429077 0)
(0.981251 -0.000428881 0)
(0.981249 -0.000428697 0)
(0.981248 -0.000428564 0)
(0.981247 -0.000428464 0)
(0.981246 -0.000428346 0)
(0.981245 -0.000428314 0)
(0.981244 -0.000428199 0)
(0.981244 -0.000428184 0)
(0.981243 -0.000428123 0)
(0.981243 -0.000428092 0)
(0.981243 -0.000428085 0)
(0.981242 -0.000428036 0)
(0.981242 -0.000428038 0)
(0.981242 -0.000428019 0)
(0.981242 -0.000427986 0)
(0.981242 -0.000428009 0)
(0.981242 -0.000427954 0)
(0.981241 -0.000427984 0)
(0.981241 -0.000427954 0)
(0.981241 -0.000427959 0)
(0.981241 -0.000427971 0)
(0.981241 -0.000427953 0)
(0.981241 -0.000427965 0)
(0.981241 -0.000427953 0)
(0.981241 -0.000427937 0)
(0.981241 -0.000427955 0)
(0.981241 -0.000427922 0)
(0.981241 -0.000427952 0)
(0.981241 -0.00042793 0)
(0.981241 -0.000427944 0)
(0.981241 -0.000427951 0)
(0.981241 -0.000427947 0)
(0.981241 -0.000427959 0)
(0.981241 -0.000427956 0)
(0.981241 -0.000427955 0)
(0.981241 -0.00042797 0)
(0.981241 -0.000427953 0)
(0.981241 -0.00042798 0)
(0.981241 -0.000427966 0)
(0.981241 -0.00042799 0)
(0.98124 -0.000428005 0)
(0.98124 -0.000428031 0)
(0.98124 -0.000428083 0)
(0.98124 -0.000428139 0)
(0.981239 -0.000428235 0)
(0.981238 -0.000428361 0)
(0.981237 -0.000428527 0)
(0.981236 -0.00042878 0)
(0.981234 -0.000429107 0)
(0.981231 -0.000429595 0)
(0.981228 -0.000430241 0)
(0.981222 -0.000431126 0)
(0.981215 -0.000432225 0)
(0.981206 -0.000433528 0)
(0.981193 -0.000434534 0)
(0.981178 -0.000435191 0)
(0.981152 -0.000436352 0)
(0.981132 -0.000458774 0)
(0.980908 -0.000569047 0)
(0.980542 -0.000943053 0)
(0.977594 -0.00117798 0)
(0.864907 -0.128454 0)
(0.911544 -0.0160065 0)
(0.861938 -0.000986632 0)
(0.871322 7.16086e-05 0)
(0.867938 0.000506066 0)
(0.869526 0.000191121 0)
(0.868568 0.000202296 0)
(0.8684 0.000164331 0)
(0.867887 0.000193853 0)
(0.867591 0.000206641 0)
(0.867287 0.000226118 0)
(0.867061 0.000239032 0)
(0.866863 0.00025109 0)
(0.866703 0.000260308 0)
(0.866567 0.000267495 0)
(0.866453 0.000273195 0)
(0.866356 0.000277941 0)
(0.866274 0.000281841 0)
(0.866204 0.000285083 0)
(0.866144 0.000287852 0)
(0.866092 0.000290151 0)
(0.866048 0.000292157 0)
(0.86601 0.000293873 0)
(0.865978 0.000295353 0)
(0.86595 0.000296635 0)
(0.865926 0.000297707 0)
(0.865906 0.000298637 0)
(0.865889 0.000299432 0)
(0.865874 0.000300124 0)
(0.865862 0.000300737 0)
(0.865851 0.000301239 0)
(0.865843 0.000301686 0)
(0.865835 0.00030204 0)
(0.865829 0.000302367 0)
(0.865824 0.00030262 0)
(0.86582 0.000302854 0)
(0.865817 0.000303021 0)
(0.865814 0.000303175 0)
(0.865811 0.000303296 0)
(0.86581 0.000303395 0)
(0.865808 0.000303489 0)
(0.865807 0.000303556 0)
(0.865806 0.0003036 0)
(0.865805 0.000303661 0)
(0.865804 0.00030367 0)
(0.865803 0.000303734 0)
(0.865803 0.000303737 0)
(0.865803 0.00030377 0)
(0.865802 0.000303786 0)
(0.865802 0.000303789 0)
(0.865802 0.000303816 0)
(0.865802 0.000303814 0)
(0.865802 0.000303818 0)
(0.865801 0.000303832 0)
(0.865801 0.000303812 0)
(0.865801 0.000303843 0)
(0.865801 0.000303822 0)
(0.865801 0.000303839 0)
(0.865801 0.000303835 0)
(0.865801 0.000303829 0)
(0.865801 0.000303841 0)
(0.865801 0.000303836 0)
(0.865801 0.000303843 0)
(0.865801 0.000303853 0)
(0.865801 0.000303839 0)
(0.865801 0.000303859 0)
(0.865801 0.00030384 0)
(0.865801 0.000303855 0)
(0.865801 0.000303848 0)
(0.865801 0.000303847 0)
(0.865801 0.000303851 0)
(0.865801 0.000303847 0)
(0.865801 0.00030385 0)
(0.865801 0.000303851 0)
(0.865801 0.000303839 0)
(0.865801 0.000303848 0)
(0.865801 0.000303828 0)
(0.865801 0.000303834 0)
(0.8658 0.00030382 0)
(0.8658 0.000303813 0)
(0.8658 0.000303802 0)
(0.8658 0.000303778 0)
(0.8658 0.000303752 0)
(0.865799 0.000303704 0)
(0.865798 0.000303637 0)
(0.865797 0.000303551 0)
(0.865796 0.000303417 0)
(0.865794 0.000303248 0)
(0.865792 0.000302993 0)
(0.865788 0.000302658 0)
(0.865783 0.000302202 0)
(0.865776 0.000301646 0)
(0.865766 0.00030103 0)
(0.865754 0.000300672 0)
(0.865742 0.000300893 0)
(0.865723 0.000301453 0)
(0.865717 0.000293344 0)
(0.865545 0.000239572 0)
(0.865252 7.34721e-05 0)
(0.863185 0.000219209 0)
(0.537561 -0.0563968 0)
(0.552167 -0.00359839 0)
(0.517052 0.00176419 0)
(0.522873 0.0020014 0)
(0.521061 0.00213087 0)
(0.521994 0.00203764 0)
(0.521388 0.00204476 0)
(0.521238 0.00203491 0)
(0.520894 0.00204434 0)
(0.520686 0.00204826 0)
(0.52048 0.002054 0)
(0.520325 0.00205771 0)
(0.520191 0.0020611 0)
(0.520082 0.00206364 0)
(0.51999 0.00206571 0)
(0.519912 0.00206733 0)
(0.519847 0.00206865 0)
(0.519792 0.00206972 0)
(0.519744 0.00207058 0)
(0.519704 0.00207131 0)
(0.519669 0.0020719 0)
(0.51964 0.0020724 0)
(0.519615 0.00207281 0)
(0.519593 0.00207317 0)
(0.519575 0.00207347 0)
(0.519559 0.00207372 0)
(0.519546 0.00207394 0)
(0.519535 0.00207412 0)
(0.519526 0.00207427 0)
(0.519518 0.00207441 0)
(0.519511 0.00207452 0)
(0.519506 0.00207463 0)
(0.519501 0.0020747 0)
(0.519497 0.00207477 0)
(0.519494 0.00207482 0)
(0.519492 0.00207488 0)
(0.51949 0.00207491 0)
(0.519488 0.00207495 0)
(0.519487 0.00207497 0)
(0.519485 0.00207499 0)
(0.519484 0.00207501 0)
(0.519484 0.00207503 0)
(0.519483 0.00207504 0)
(0.519483 0.00207506 0)
(0.519482 0.00207505 0)
(0.519482 0.00207507 0)
(0.519482 0.00207507 0)
(0.519481 0.00207507 0)
(0.519481 0.00207508 0)
(0.519481 0.00207508 0)
(0.519481 0.00207508 0)
(0.519481 0.00207509 0)
(0.519481 0.00207508 0)
(0.519481 0.00207509 0)
(0.519481 0.00207508 0)
(0.519481 0.00207509 0)
(0.519481 0.00207509 0)
(0.519481 0.00207509 0)
(0.519481 0.00207509 0)
(0.519481 0.00207509 0)
(0.519481 0.00207509 0)
(0.519481 0.00207509 0)
(0.519481 0.00207509 0)
(0.519481 0.0020751 0)
(0.519481 0.00207509 0)
(0.519481 0.0020751 0)
(0.519481 0.00207509 0)
(0.519481 0.00207509 0)
(0.519481 0.00207509 0)
(0.519481 0.00207509 0)
(0.519481 0.00207509 0)
(0.51948 0.00207509 0)
(0.51948 0.00207509 0)
(0.51948 0.00207509 0)
(0.51948 0.00207509 0)
(0.51948 0.00207509 0)
(0.51948 0.00207509 0)
(0.51948 0.00207509 0)
(0.51948 0.00207508 0)
(0.51948 0.00207508 0)
(0.51948 0.00207508 0)
(0.51948 0.00207507 0)
(0.51948 0.00207506 0)
(0.519479 0.00207505 0)
(0.519479 0.00207503 0)
(0.519478 0.00207501 0)
(0.519478 0.00207497 0)
(0.519476 0.00207492 0)
(0.519475 0.00207485 0)
(0.519472 0.00207476 0)
(0.519469 0.00207464 0)
(0.519464 0.0020745 0)
(0.519458 0.00207436 0)
(0.51945 0.00207435 0)
(0.519443 0.00207464 0)
(0.519436 0.00207528 0)
(0.519442 0.00207439 0)
(0.51936 0.00206119 0)
(0.519228 0.0020212 0)
(0.518638 0.00215161 0)
)
;

boundaryField
{
    inlet
    {
        type            fixedValue;
        value           uniform (1 0 0);
    }
    outlet
    {
        type            zeroGradient;
    }
    lowerWall
    {
        type            noSlip;
    }
    upperWall
    {
        type            noSlip;
    }
    frontAndBack
    {
        type            empty;
    }
}


// ************************************************************************* //
